         1
         7
        12
        17
        23
        28
        34
        40
        46
        52
        58
        64
        70
        75
        81
        86
        92
        97
       102
       108
       114
       120
       126
       132
       138
       144
       149
       154
       160
       166
       172
       178
       184
       190
       196
       202
       208
       214
       220
       226
       232
       238
       244
       250
       256
       262
       268
       274
       280
       285
       291
       297
       303
       309
       315
       321
       327
       333
       339
       345
       351
       357
       363
       369
       375
       381
       387
       393
       399
       405
       411
       417
       423
       429
       435
       441
       447
       453
       459
       464
       469
       474
       480
       486
       492
       498
       504
       510
       516
       522
       528
       534
       540
       545
       550
       555
       561
       567
       573
       579
       585
       591
       597
       603
       609
       615
       621
       627
       633
       639
       645
       651
       657
       663
       669
       675
       681
       687
       693
       698
       703
       708
       714
       719
       725
       730
       736
       742
       748
       754
       760
       766
       772
       778
       784
       790
       795
       800
       805
       810
       816
       822
       827
       833
       839
       844
       849
       855
       861
       867
       873
       879
       885
       891
       897
       902
       907
       913
       919
       925
       931
       937
       943
       949
       955
       961
       967
       973
       979
       985
       991
       996
      1001
      1006
      1012
      1018
      1024
      1030
      1036
      1042
      1048
      1054
      1060
      1066
      1072
      1078
      1084
      1090
      1096
      1102
      1108
      1114
      1120
      1126
      1132
      1138
      1144
      1150
      1155
      1160
      1165
      1171
      1177
      1183
      1189
      1195
      1201
      1207
      1213
      1219
      1225
      1231
      1237
      1243
      1249
      1255
      1261
      1267
      1273
      1279
      1285
      1291
      1297
      1303
      1309
      1315
      1321
      1326
      1331
      1336
      1342
      1348
      1354
      1360
      1366
      1372
      1378
      1384
      1390
      1396
      1402
      1408
      1414
      1420
      1426
      1432
      1438
      1444
      1450
      1456
      1462
      1468
      1474
      1480
      1486
      1492
      1498
      1504
      1510
      1516
      1522
      1528
      1534
      1540
      1546
      1552
      1558
      1564
      1570
      1576
      1582
      1588
      1594
      1600
      1606
      1612
      1618
      1623
      1629
      1634
      1640
      1646
      1652
      1658
      1663
      1669
      1675
      1680
      1685
      1691
      1697
      1703
      1709
      1715
      1721
      1727
      1733
      1739
      1745
      1751
      1757
      1763
      1769
      1775
      1781
      1787
      1793
      1798
      1804
      1810
      1816
      1822
      1828
      1834
      1840
      1846
      1852
      1858
      1864
      1869
      1875
      1881
      1887
      1893
      1898
      1903
      1908
      1914
      1920
      1926
      1932
      1938
      1944
      1949
      1954
      1959
      1964
      1970
      1976
      1982
      1988
      1994
      2000
      2006
      2012
      2017
      2023
      2029
      2035
      2040
      2045
      2050
      2056
      2061
      2067
      2073
      2079
      2085
      2091
      2097
      2103
      2109
      2115
      2121
      2127
      2133
      2139
      2144
      2150
      2156
      2162
      2168
      2174
      2180
      2186
      2192
      2197
      2202
      2208
      2213
      2219
      2225
      2231
      2237
      2243
      2249
      2255
      2261
      2267
      2273
      2279
      2285
      2291
      2297
      2303
      2309
      2315
      2321
      2327
      2333
      2339
      2345
      2351
      2357
      2362
      2367
      2372
      2377
      2383
      2389
      2395
      2401
      2407
      2413
      2419
      2425
      2431
      2437
      2443
      2449
      2455
      2461
      2467
      2473
      2479
      2485
      2491
      2497
      2503
      2509
      2515
      2521
      2527
      2533
      2539
      2545
      2551
      2557
      2562
      2567
      2572
      2577
      2583
      2589
      2595
      2601
      2607
      2613
      2619
      2625
      2631
      2637
      2643
      2649
      2655
      2661
      2667
      2673
      2679
      2685
      2691
      2697
      2703
      2709
      2715
      2721
      2727
      2733
      2739
      2745
      2751
      2757
      2763
      2769
      2775
      2781
      2787
      2793
      2799
      2805
      2811
      2817
      2823
      2829
      2835
      2841
      2847
      2853
      2859
      2865
      2871
      2877
      2883
      2889
      2895
      2901
      2907
      2913
      2919
      2925
      2931
      2937
      2943
      2948
      2954
      2960
      2965
      2970
      2975
      2981
      2987
      2993
      2999
      3004
      3010
      3016
      3021
      3026
      3031
      3037
      3043
      3049
      3055
      3061
      3067
      3073
      3079
      3085
      3091
      3096
      3101
      3107
      3113
      3118
      3123
      3129
      3134
      3140
      3146
      3152
      3157
      3162
      3168
      3174
      3179
      3185
      3191
      3197
      3203
      3209
      3215
      3221
      3227
      3232
      3238
      3244
      3250
      3256
      3262
      3268
      3274
      3280
      3286
      3292
      3298
      3304
      3310
      3315
      3321
      3327
      3333
      3339
      3345
      3351
      3357
      3363
      3369
      3375
      3381
      3387
      3393
      3399
      3405
      3411
      3417
      3423
      3429
      3435
      3441
      3447
      3453
      3459
      3465
      3471
      3477
      3483
      3489
      3495
      3501
      3507
      3512
      3517
      3522
      3528
      3534
      3540
      3546
      3552
      3558
      3564
      3570
      3576
      3582
      3588
      3594
      3600
      3606
      3612
      3618
      3624
      3630
      3636
      3642
      3648
      3654
      3660
      3666
      3672
      3678
      3684
      3690
      3696
      3702
      3708
      3714
      3720
      3726
      3732
      3738
      3744
      3750
      3756
      3762
      3768
      3773
      3778
      3783
      3789
      3795
      3801
      3807
      3813
      3818
      3823
      3828
      3833
      3839
      3845
      3851
      3857
      3863
      3869
      3875
      3881
      3887
      3893
      3899
      3905
      3911
      3917
      3923
      3929
      3935
      3941
      3947
      3953
      3959
      3965
      3971
      3977
      3983
      3989
      3995
      4001
      4007
      4013
      4019
      4025
      4030
      4036
      4042
      4048
      4054
      4060
      4066
      4072
      4077
      4083
      4089
      4095
      4101
      4107
      4113
      4118
      4124
      4130
      4136
      4142
      4148
      4153
      4159
      4165
      4171
      4177
      4182
      4188
      4194
      4200
      4206
      4212
      4218
      4223
      4229
      4235
      4241
      4247
      4253
      4258
      4264
      4270
      4276
      4282
      4287
      4292
      4298
      4304
      4310
      4316
      4322
      4328
      4333
      4339
      4345
      4351
      4357
      4363
      4368
      4374
      4380
      4386
      4392
      4398
      4404
      4410
      4416
      4422
      4428
      4434
      4439
      4445
      4451
      4457
      4463
      4469
      4475
      4481
      4487
      4493
      4499
      4505
      4511
      4517
      4523
      4529
      4535
      4540
      4545
      4551
      4557
      4563
      4569
      4575
      4581
      4587
      4593
      4599
      4604
      4610
      4616
      4622
      4628
      4634
      4640
      4646
      4651
      4656
      4661
      4666
      4672
      4678
      4684
      4690
      4695
      4700
      4705
      4710
      4716
      4722
      4728
      4734
      4740
      4746
      4752
      4757
      4763
      4769
      4775
      4781
      4787
      4793
      4799
      4804
      4810
      4816
      4822
      4827
      4833
      4839
      4845
      4851
      4857
      4863
      4869
      4875
      4880
      4885
      4891
      4897
      4902
      4907
      4912
      4918
      4924
      4930
      4936
      4942
      4948
      4954
      4960
      4966
      4972
      4978
      4984
      4990
      4996
      5002
      5008
      5014
      5019
      5024
      5029
      5034
      5040
      5046
      5052
      5058
      5064
      5070
      5076
      5082
      5088
      5094
      5100
      5106
      5112
      5118
      5124
      5130
      5136
      5142
      5148
      5154
      5160
      5166
      5172
      5178
      5184
      5190
      5196
      5202
      5208
      5214
      5220
      5226
      5232
      5238
      5244
      5250
      5256
      5262
      5268
      5274
      5280
      5286
      5292
      5298
      5304
      5310
      5316
      5322
      5328
      5334
      5340
      5346
      5352
      5358
      5364
      5370
      5376
      5382
      5388
      5394
      5400
      5406
      5411
      5416
      5421
      5426
      5432
      5438
      5444
      5450
      5455
      5460
      5465
      5470
      5476
      5482
      5488
      5494
      5500
      5506
      5512
      5518
      5523
      5529
      5535
      5540
      5545
      5551
      5557
      5563
      5569
      5575
      5581
      5587
      5593
      5598
      5604
      5610
      5616
      5622
      5628
      5634
      5640
      5645
      5650
      5655
      5661
      5667
      5672
      5677
      5682
      5687
      5692
      5698
      5704
      5710
      5716
      5722
      5728
      5734
      5740
      5746
      5752
      5758
      5764
      5770
      5776
      5782
      5788
      5794
      5800
      5806
      5812
      5818
      5824
      5830
      5836
      5842
      5848
      5854
      5860
      5866
      5872
      5878
      5884
      5890
      5896
      5902
      5908
      5914
      5920
      5926
      5932
      5938
      5944
      5950
      5956
      5962
      5968
      5974
      5980
      5986
      5992
      5998
      6004
      6010
      6016
      6022
      6028
      6034
      6040
      6046
      6052
      6058
      6064
      6070
      6076
      6082
      6088
      6094
      6100
      6106
      6112
      6118
      6124
      6130
      6136
      6142
      6148
      6154
      6160
      6166
      6172
      6178
      6184
      6190
      6196
      6202
      6208
      6214
      6220
      6226
      6231
      6237
      6243
      6249
      6255
      6261
      6267
      6272
      6278
      6284
      6290
      6296
      6302
      6308
      6314
      6320
      6326
      6332
      6338
      6344
      6350
      6356
      6362
      6368
      6374
      6379
      6384
      6389
      6395
      6401
      6407
      6413
      6419
      6425
      6431
      6436
      6441
      6446
      6451
      6457
      6463
      6469
      6475
      6480
      6485
      6490
      6495
      6501
      6507
      6513
      6519
      6525
      6531
      6536
      6541
      6547
      6553
      6559
      6565
      6571
      6577
      6583
      6589
      6595
      6601
      6607
      6613
      6619
      6625
      6631
      6637
      6643
      6649
      6655
      6661
      6667
      6673
      6679
      6685
      6691
      6697
      6703
      6709
      6715
      6721
      6727
      6733
      6739
      6745
      6751
      6757
      6763
      6769
      6775
      6781
      6787
      6793
      6799
      6805
      6811
      6817
      6822
      6828
      6833
      6839
      6845
      6850
      6855
      6860
      6866
      6872
      6878
      6884
      6890
      6895
      6901
      6907
      6913
      6918
      6924
      6930
      6936
      6942
      6948
      6953
      6958
      6964
      6970
      6976
      6981
      6986
      6992
      6998
      7004
      7010
      7016
      7022
      7028
      7033
      7038
      7044
      7050
      7055
      7061
      7067
      7073
      7079
      7085
      7091
      7097
      7103
      7109
      7115
      7121
      7127
      7132
      7137
      7143
      7149
      7155
      7161
      7167
      7173
      7179
      7185
      7190
      7195
      7200
      7205
      7211
      7217
      7223
      7229
      7235
      7241
      7247
      7253
      7259
      7265
      7271
      7277
      7283
      7289
      7295
      7301
      7307
      7313
      7319
      7325
      7331
      7337
      7343
      7349
      7355
      7361
      7367
      7373
      7379
      7385
      7391
      7397
      7403
      7409
      7415
      7421
      7427
      7433
      7439
      7445
      7451
      7457
      7463
      7469
      7475
      7481
      7487
      7493
      7499
      7505
      7511
      7517
      7523
      7529
      7535
      7541
      7547
      7553
      7559
      7565
      7571
      7577
      7582
      7588
      7594
      7600
      7606
      7612
      7618
      7624
      7630
      7636
      7642
      7648
      7654
      7660
      7666
      7672
      7677
      7682
      7688
      7694
      7700
      7706
      7711
      7717
      7723
      7729
      7735
      7741
      7747
      7753
      7759
      7764
      7770
      7776
      7781
      7787
      7792
      7798
      7804
      7810
      7815
      7821
      7826
      7832
      7838
      7843
      7849
      7855
      7861
      7867
      7873
      7879
      7885
      7891
      7897
      7903
      7909
      7915
      7921
      7927
      7933
      7939
      7945
      7950
      7956
      7962
      7968
      7974
      7980
      7985
      7990
      7996
      8002
      8008
      8014
      8020
      8026
      8032
      8038
      8044
      8050
      8056
      8062
      8068
      8074
      8080
      8086
      8092
      8098
      8104
      8110
      8116
      8122
      8128
      8134
      8139
      8145
      8151
      8157
      8163
      8169
      8175
      8181
      8187
      8192
      8197
      8203
      8209
      8215
      8221
      8227
      8233
      8239
      8245
      8251
      8257
      8263
      8269
      8275
      8281
      8287
      8293
      8299
      8305
      8310
      8315
      8321
      8327
      8333
      8339
      8345
      8351
      8357
      8363
      8369
      8375
      8381
      8386
      8392
      8398
      8404
      8410
      8416
      8421
      8427
      8433
      8439
      8445
      8451
      8456
      8462
      8468
      8474
      8480
      8486
      8491
      8497
      8503
      8509
      8515
      8521
      8527
      8533
      8539
      8545
      8551
      8557
      8563
      8569
      8574
      8580
      8585
      8591
      8597
      8603
      8608
      8614
      8619
      8625
      8631
      8637
      8642
      8648
      8654
      8660
      8666
      8671
      8677
      8683
      8689
      8695
      8701
      8707
      8713
      8719
      8725
      8731
      8737
      8743
      8749
      8755
      8761
      8767
      8773
      8779
      8785
      8791
      8797
      8803
      8809
      8815
      8821
      8827
      8833
      8839
      8845
      8851
      8857
      8863
      8869
      8875
      8881
      8887
      8893
      8899
      8905
      8911
      8917
      8923
      8929
      8935
      8941
      8947
      8953
      8959
      8965
      8971
      8977
      8983
      8989
      8995
      9001
      9007
      9013
      9019
      9025
      9031
      9037
      9043
      9049
      9055
      9061
      9067
      9073
      9079
      9085
      9091
      9097
      9103
      9109
      9115
      9121
      9127
      9133
      9139
      9145
      9151
      9157
      9163
      9169
      9175
      9181
      9187
      9193
      9199
      9205
      9211
      9217
      9223
      9229
      9235
      9241
      9247
      9253
      9259
      9265
      9271
      9277
      9283
      9289
      9295
      9301
      9307
      9313
      9319
      9325
      9331
      9337
      9343
      9349
      9355
      9361
      9367
      9373
      9379
      9385
      9391
      9397
      9403
      9409
      9415
      9421
      9427
      9433
      9439
      9445
      9451
      9457
      9463
      9469
      9475
      9481
      9487
      9493
      9499
      9505
      9511
      9517
      9523
      9529
      9535
      9541
      9547
      9553
      9559
      9565
      9571
      9577
      9583
      9589
      9595
      9601
      9607
      9613
      9619
      9625
      9631
      9637
      9643
      9649
      9655
      9661
      9667
      9673
      9679
      9685
      9691
      9697
      9703
      9709
      9715
      9721
      9727
      9733
      9739
      9745
      9751
      9757
      9763
      9769
      9775
      9781
      9787
      9793
      9799
      9805
      9811
      9817
      9823
      9829
      9835
      9841
      9847
      9853
      9859
      9865
      9871
      9877
      9883
      9889
      9895
      9901
      9907
      9913
      9919
      9925
      9931
      9937
      9943
      9949
      9955
      9961
      9967
      9973
      9979
      9985
      9991
      9997
     10003
     10009
     10015
     10021
     10027
     10033
     10039
     10045
     10051
     10057
     10063
     10069
     10075
     10081
     10087
     10093
     10099
     10105
     10111
     10117
     10123
     10129
     10135
     10141
     10147
     10153
     10159
     10165
     10171
     10177
     10183
     10189
     10195
     10201
     10207
     10213
     10219
     10225
     10231
     10237
     10243
     10249
     10255
     10261
     10267
     10273
     10279
     10285
     10291
     10297
     10303
     10309
     10315
     10321
     10327
     10333
     10339
     10345
     10351
     10357
     10363
     10369
     10375
     10381
     10387
     10393
     10399
     10405
     10411
     10417
     10423
     10429
     10435
     10441
     10447
     10453
     10459
     10465
     10471
     10477
     10483
     10489
     10495
     10501
     10507
     10513
     10519
     10525
     10531
     10537
     10543
     10549
     10555
     10561
     10567
     10573
     10579
     10585
     10591
     10597
     10603
     10609
     10615
     10621
     10627
     10633
     10639
     10645
     10651
     10657
     10663
     10669
     10675
     10681
     10687
     10693
     10699
     10705
     10711
     10717
     10723
     10729
     10735
     10741
     10747
     10753
     10759
     10765
     10771
     10777
     10783
     10789
     10795
     10801
     10807
     10813
     10819
     10825
     10831
     10837
     10843
     10849
     10855
     10861
     10867
     10873
     10879
     10885
     10891
     10897
     10903
     10909
     10915
     10921
     10927
     10933
     10939
     10945
     10951
     10957
     10963
     10969
     10975
     10981
     10987
     10993
     10999
     11005
     11011
     11017
     11023
     11029
     11035
     11041
     11047
     11053
     11059
     11065
     11071
     11077
     11083
     11089
     11095
     11101
     11107
     11113
     11119
     11125
     11131
     11137
     11143
     11149
     11155
     11161
     11167
     11173
     11179
     11185
     11191
     11197
     11203
     11209
     11215
     11221
     11227
     11233
     11239
     11245
     11251
     11257
     11263
     11269
     11275
     11281
     11287
     11293
     11299
     11305
     11311
     11317
     11323
     11329
     11335
     11341
     11347
     11353
     11359
     11365
     11371
     11377
     11383
     11389
     11395
     11401
     11407
     11413
     11419
     11425
     11431
     11437
     11443
     11449
     11455
     11461
     11467
     11473
     11479
     11485
     11491
     11497
     11503
     11509
     11515
     11521
     11527
     11533
     11539
     11545
     11551
     11557
     11563
     11569
     11575
     11581
     11587
     11593
     11599
     11605
     11611
     11617
     11623
     11629
     11635
     11641
     11647
     11653
     11659
     11665
     11671
     11677
     11683
     11689
     11695
     11701
     11707
     11713
     11719
     11725
     11731
     11737
     11743
     11749
     11755
     11761
     11767
     11773
     11779
     11785
     11791
     11797
     11803
     11809
     11815
     11821
     11827
     11833
     11839
     11845
     11851
     11857
     11863
     11869
     11875
     11881
     11887
     11893
     11899
     11905
     11911
     11917
     11923
     11929
     11935
     11941
     11947
     11953
     11959
     11965
     11971
     11977
     11983
     11989
     11995
     12001
     12007
     12013
     12019
     12025
     12031
     12037
     12043
     12049
     12055
     12061
     12067
     12073
     12079
     12085
     12091
     12097
     12103
     12109
     12115
     12121
     12127
     12133
     12139
     12145
     12151
     12157
     12163
     12169
     12175
     12181
     12187
     12193
     12199
     12205
     12211
     12217
     12223
     12229
     12235
     12241
     12247
     12253
     12259
     12265
     12271
     12277
     12283
     12289
     12295
     12301
     12307
     12313
     12319
     12325
     12331
     12337
     12343
     12349
     12355
     12361
     12367
     12373
     12379
     12385
     12391
     12397
     12403
     12409
     12415
     12421
     12427
     12433
     12439
     12445
     12451
     12457
     12463
     12469
     12475
     12481
     12487
     12493
     12499
     12505
     12511
     12517
     12523
     12529
     12535
     12541
     12547
     12553
     12559
     12565
     12571
     12577
     12583
     12589
     12595
     12601
     12607
     12613
     12619
     12625
     12631
     12637
     12643
     12649
     12655
     12661
     12667
     12673
     12679
     12685
     12691
     12697
     12703
     12709
     12715
     12721
     12727
     12733
     12739
     12745
     12751
     12757
     12763
     12769
     12775
     12781
     12787
     12793
     12799
     12805
     12811
     12817
     12823
     12829
     12835
     12841
     12847
     12853
     12859
     12865
     12871
     12877
     12883
     12889
     12895
     12901
     12907
     12913
     12919
     12925
     12931
     12937
     12943
     12949
     12955
     12961
     12967
     12973
     12979
     12985
     12991
     12997
     13003
     13009
     13015
     13021
     13027
     13033
     13039
     13045
     13051
     13057
     13063
     13069
     13075
     13081
     13087
     13093
     13099
     13105
     13111
     13117
     13123
     13129
     13135
     13141
     13147
     13153
     13159
     13165
     13171
     13177
     13183
     13189
     13195
     13201
     13207
     13213
     13219
     13225
     13231
     13237
     13243
     13249
     13255
     13261
     13267
     13273
     13279
     13285
     13291
     13297
     13303
     13309
     13315
     13321
     13327
     13333
     13339
     13345
     13351
     13357
     13363
     13369
     13375
     13381
     13387
     13393
     13399
     13405
     13411
     13417
     13423
     13429
     13435
     13441
     13447
     13453
     13459
     13465
     13471
     13477
     13483
     13489
     13495
     13501
     13507
     13513
     13519
     13525
     13531
     13537
     13543
     13549
     13555
     13561
     13567
     13573
     13579
     13585
     13591
     13597
     13603
     13609
     13615
     13621
     13627
     13633
     13639
     13645
     13651
     13657
     13663
     13669
     13675
     13681
     13687
     13693
     13699
     13705
     13711
     13717
     13723
     13729
     13735
     13741
     13747
     13753
     13759
     13765
     13771
     13777
     13783
     13789
     13795
     13801
     13807
     13813
     13819
     13825
     13831
     13837
     13843
     13849
     13855
     13861
     13867
     13873
     13879
     13885
     13891
     13897
     13903
     13909
     13915
     13921
     13927
     13933
     13939
     13945
     13951
     13957
     13963
     13969
     13975
     13981
     13987
     13993
     13999
     14005
     14011
     14017
     14023
     14029
     14035
     14041
     14047
     14053
     14059
     14065
     14071
     14077
     14083
     14089
     14095
     14101
     14107
     14113
     14119
     14125
     14131
     14137
     14143
     14149
     14155
     14161
     14167
     14173
     14179
     14185
     14191
     14197
     14203
     14209
     14215
     14221
     14227
     14233
     14239
     14245
     14251
     14257
     14263
     14269
     14275
     14281
     14287
     14293
     14299
     14305
     14311
     14317
     14323
     14329
     14335
     14341
     14347
     14353
     14359
     14365
     14371
     14377
     14383
     14389
     14395
     14401
     14407
     14413
     14419
     14425
     14431
     14437
     14443
     14449
     14455
     14461
     14467
     14473
     14479
     14485
     14491
     14497
     14503
     14509
     14515
     14521
     14527
     14533
     14539
     14545
     14551
     14557
     14563
     14569
     14575
     14581
     14587
     14593
     14599
     14605
     14611
     14617
     14623
     14629
     14635
     14641
     14647
     14653
     14659
     14665
     14671
     14677
     14683
     14689
     14695
     14701
     14707
     14713
     14719
     14725
     14731
     14737
     14743
     14749
     14755
     14761
     14767
     14773
     14779
     14785
     14791
     14797
     14803
     14809
     14815
     14821
     14827
     14833
     14839
     14845
     14851
     14857
     14863
     14869
     14875
     14881
     14887
     14893
     14899
     14905
     14911
     14917
     14923
     14929
     14935
     14941
     14947
     14953
     14959
     14965
     14971
     14977
     14983
     14989
     14995
     15001
     15007
     15013
     15019
     15025
     15031
     15037
     15043
     15049
     15055
     15061
     15067
     15073
     15079
     15085
     15091
     15097
     15103
     15109
     15115
     15121
     15127
     15133
     15139
     15145
     15151
     15157
     15163
     15169
     15175
     15181
     15187
     15193
     15199
     15205
     15211
     15217
     15223
     15229
     15235
     15241
     15247
     15253
     15259
     15265
     15271
     15277
     15283
     15289
     15295
     15301
     15307
     15313
     15319
     15325
     15331
     15337
     15343
     15349
     15355
     15361
     15367
     15373
     15379
     15385
     15391
     15397
     15403
     15409
     15415
     15421
     15427
     15433
     15439
     15445
     15451
     15457
     15463
     15469
     15475
     15481
     15487
     15493
     15499
     15505
     15511
     15517
     15523
     15529
     15535
     15541
     15547
     15553
     15559
     15565
     15571
     15577
     15583
     15589
     15595
     15601
     15607
     15613
     15619
     15625
     15631
     15637
     15643
     15649
     15655
     15661
     15667
     15673
     15679
     15685
     15691
     15697
     15703
     15709
     15715
     15721
     15727
     15733
     15739
     15745
     15751
     15757
     15763
     15769
     15775
     15781
     15787
     15793
     15799
     15805
     15811
     15817
     15823
     15829
     15835
     15841
     15847
     15853
     15859
     15865
     15871
     15877
     15883
     15889
     15895
     15901
     15907
     15913
     15919
     15925
     15931
     15937
     15943
     15949
     15955
     15961
     15967
     15973
     15979
     15985
     15991
     15997
     16003
     16009
     16015
     16021
     16027
     16033
     16039
     16045
     16051
     16057
     16063
     16069
     16075
     16081
     16087
     16093
     16099
     16105
     16111
     16117
     16123
     16129
     16135
     16141
     16147
     16153
     16159
     16165
     16171
     16177
     16183
     16189
     16195
     16201
     16207
     16213
     16219
     16225
     16231
     16237
     16243
     16249
     16255
     16261
     16267
     16273
     16279
     16285
     16291
     16297
     16303
     16309
     16315
     16321
     16327
     16333
     16339
     16345
     16351
     16357
     16363
     16369
     16375
     16381
     16387
     16393
     16399
     16405
     16411
     16417
     16423
     16429
     16435
     16441
     16447
     16453
     16459
     16465
     16471
     16477
     16483
     16489
     16495
     16501
     16507
     16513
     16519
     16525
     16531
     16537
     16543
     16549
     16555
     16561
     16567
     16573
     16579
     16585
     16591
     16597
     16603
     16609
     16615
     16621
     16627
     16633
     16639
     16645
     16651
     16657
     16663
     16669
     16675
     16681
     16687
     16693
     16699
     16705
     16711
     16717
     16723
     16729
     16735
     16741
     16747
     16753
     16759
     16765
     16771
     16777
     16783
     16789
     16795
     16801
     16807
     16813
     16819
     16825
     16831
     16837
     16843
     16849
     16855
     16861
     16867
     16873
     16879
     16885
     16891
     16897
     16903
     16909
     16915
     16921
     16927
     16933
     16939
     16945
     16951
     16957
     16963
     16969
     16975
     16981
     16987
     16993
     16999
     17005
     17011
     17017
     17023
     17029
     17035
     17041
     17047
     17053
     17059
     17065
     17071
     17077
     17083
     17089
     17095
     17101
     17107
     17113
     17119
     17125
     17131
     17137
     17143
     17149
     17155
     17161
     17167
     17173
     17179
     17185
     17191
     17197
     17203
     17209
     17215
     17221
     17227
     17233
     17239
     17245
     17251
     17257
     17263
     17269
     17275
     17281
     17287
     17293
     17299
     17305
     17311
     17317
     17323
     17329
     17335
     17341
     17347
     17353
     17359
     17365
     17371
     17377
     17383
     17389
     17395
     17401
     17407
     17413
     17419
     17425
     17431
     17437
     17443
     17449
     17455
     17461
     17467
     17473
     17479
     17485
     17491
     17497
     17503
     17509
     17515
     17521
     17527
     17533
     17539
     17545
     17549
     17552
     17556
     17561
     17565
     17568
     17572
     17576
     17580
     17584
     17588
     17592
     17595
     17600
     17604
     17607
     17611
     17615
     17620
     17623
     17627
     17631
     17635
     17638
     17643
     17647
     17651
     17655
     17659
     17663
     17667
     17671
     17675
     17679
     17683
     17687
     17693
     17698
     17702
     17706
     17711
     17715
     17719
     17723
     17726
     17731
     17736
     17741
     17746
     17749
     17754
     17759
     17764
     17769
     17773
     17779
     17785
     17791
     17797
     17803
     17809
     17813
     17819
     17825
     17831
     17837
     17842
     17847
     17852
     17857
     17862
     17867
     17872
     17877
     17882
     17887
     17892
     17897
     17903
     17908
     17914
     17917
     17922
     17928
     17932
     17937
     17942
     17948
     17953
     17958
     17963
     17967
     17973
     17977
     17983
     17987
     17993
     17997
     18002
     18008
     18012
     18017
     18022
     18027
     18032
     18037
     18042
     18046
     18052
     18057
     18062
     18067
     18072
     18077
     18082
     18087
     18091
     18094
     18099
     18104
     18109
     18115
     18121
     18127
     18133
     18139
     18145
     18148
     18153
     18158
     18163
     18168
     18173
     18178
     18182
     18188
     18194
     18200
     18206
     18210
     18215
     18220
     18225
     18230
     18235
     18240
     18246
     18249
     18253
     18257
     18262
     18266
     18271
     18274
     18277
     18282
     18288
     18291
     18296
     18302
     18306
     18311
     18317
     18321
     18326
     18332
     18335
     18340
     18343
     18348
     18354
     18360
     18365
     18371
     18376
     18381
     18385
     18390
     18394
     18398
     18402
     18407
     18412
     18418
     18423
     18428
     18433
     18439
     18444
     18449
     18454
     18460
     18465
     18470
     18475
     18481
     18484
     18488
     18492
     18495
     18499
     18504
     18509
     18514
     18518
     18523
     18528
     18533
     18538
     18544
     18550
     18556
     18562
     18568
     18574
     18580
     18586
     18590
     18594
     18598
     18602
     18606
     18610
     18615
     18620
     18625
     18631
     18637
     18643
     18649
     18654
     18660
     18666
     18672
     18678
     18684
     18690
     18696
     18701
     18706
     18711
     18716
     18720
     18724
     18727
     18733
     18739
     18745
     18751
     18756
     18761
     18766
     18770
     18776
     18781
     18786
     18791
     18795
     18801
     18806
     18811
     18816
     18819
     18825
     18831
     18836
     18841
     18846
     18850
     18856
     18861
     18866
     18872
     18877
     18882
     18887
     18891
     18897
     18902
     18905
     18911
     18916
     18922
     18928
     18932
     18937
     18941
     18945
     18949
     18952
     18957
     18963
     18969
     18974
     18979
     18984
     18988
     18991
     18995
     19001
     19007
     19013
     19019
     19025
     19031
     19037
     19040
     19043
     19047
     19052
     19055
     19059
     19065
     19071
     19076
     19081
     19085
     19089
     19093
     19099
     19105
     19111
     19117
     19123
     19126
     19130
     19134
     19137
     19141
     19146
     19151
     19156
     19160
     19163
     19168
     19173
     19178
     19183
     19188
     19193
     19198
     19203
     19208
     19213
     19218
     19223
     19228
     19233
     19238
     19243
     19247
     19253
     19258
     19263
     19268
     19273
     19278
     19283
     19287
     19293
     19298
     19303
     19308
     19313
     19318
     19323
     19327
     19333
     19338
     19343
     19348
     19353
     19358
     19363
     19367
     19373
     19378
     19383
     19388
     19393
     19398
     19403
     19408
     19412
     19418
     19423
     19428
     19433
     19438
     19443
     19448
     19453
     19458
     19463
     19468
     19473
     19478
     19482
     19488
     19493
     19498
     19503
     19508
     19513
     19518
     19523
     19528
     19533
     19538
     19543
     19548
     19552
     19558
     19563
     19568
     19573
     19578
     19583
     19588
     19593
     19598
     19603
     19608
     19613
     19618
     19622
     19628
     19633
     19638
     19643
     19648
     19653
     19658
     19663
     19668
     19673
     19678
     19683
     19688
     19692
     19698
     19702
     19706
     19711
     19716
     19721
     19726
     19730
     19735
     19740
     19746
     19750
     19755
     19760
     19766
     19770
     19775
     19780
     19786
     19790
     19795
     19800
     19806
     19810
     19815
     19820
     19826
     19830
     19835
     19840
     19846
     19849
     19854
     19859
     19864
     19870
     19873
     19877
     19881
     19886
     19890
     19895
     19899
     19904
     19908
     19913
     19917
     19922
     19926
     19931
     19935
     19940
     19944
     19950
     19956
     19959
     19962
     19968
     19971
     19974
     19978
     19982
     19986
     19990
     19994
     19998
     20003
     20008
     20013
     20018
     20023
     20028
     20033
     20038
     20043
     20048
     20053
     20058
     20063
     20068
     20073
     20077
     20081
     20085
     20089
     20093
     20098
     20103
     20108
     20113
     20119
     20123
     20126
     20130
     20134
     20139
     20144
     20149
     20154
     20159
     20165
     20171
     20177
     20183
     20188
     20192
     20198
     20202
     20208
     20212
     20218
     20223
     20229
     20235
     20238
     20243
     20247
     20253
     20259
     20265
     20269
     20272
     20277
     20282
     20286
     20291
     20294
     20298
     20302
     20306
     20309
     20314
     20319
     20324
     20329
     20334
     20339
     20345
     20351
     20355
     20360
     20365
     20370
     20375
     20380
     20385
     20391
     20394
     20399
     20404
     20409
     20414
     20419
     20425
     20431
     20434
     20438
     20443
     20448
     20453
     20458
     20464
     20470
     20475
     20480
     20485
     20490
     20495
     20500
     20505
     20510
     20515
     20520
     20525
     20530
     20535
     20540
     20545
     20550
     20555
     20560
     20565
     20570
     20575
     20580
     20585
     20590
     20595
     20600
     20605
     20610
     20615
     20620
     20625
     20630
     20635
     20640
     20645
     20650
     20655
     20660
     20665
     20670
     20675
     20680
     20685
     20690
     20695
     20700
     20705
     20710
     20715
     20720
     20725
     20730
     20735
     20739
     20744
     20749
     20754
     20759
     20764
     20769
     20773
     20778
     20783
     20788
     20793
     20798
     20803
     20808
     20813
     20818
     20823
     20828
     20833
     20838
     20843
     20848
     20853
     20858
     20863
     20868
     20873
     20878
     20883
     20888
     20893
     20898
     20903
     20908
     20913
     20918
     20923
     20928
     20932
     20937
     20942
     20947
     20952
     20957
     20962
     20966
     20971
     20976
     20981
     20986
     20991
     20996
     21001
     21004
     21008
     21012
     21016
     21021
     21026
     21031
     21036
     21042
     21048
     21054
     21060
     21063
     21068
     21073
     21077
     21082
     21087
     21092
     21098
     21104
     21108
     21113
     21118
     21123
     21128
     21133
     21139
     21142
     21146
     21150
     21154
     21158
     21162
     21167
     21171
     21176
     21181
     21186
     21191
     21196
     21201
     21206
     21211
     21216
     21220
     21223
     21227
     21231
     21235
     21239
     21243
     21247
     21250
     21255
     21259
     21264
     21268
     21273
     21278
     21283
     21288
     21293
     21298
     21302
     21307
     21312
     21317
     21322
     21327
     21332
     21337
     21342
     21346
     21352
     21357
     21362
     21367
     21372
     21377
     21382
     21387
     21392
     21397
     21402
     21406
     21411
     21416
     21421
     21426
     21431
     21436
     21440
     21445
     21450
     21455
     21460
     21465
     21470
     21474
     21479
     21484
     21489
     21494
     21499
     21504
     21508
     21513
     21518
     21523
     21528
     21533
     21538
     21542
     21547
     21552
     21557
     21562
     21567
     21572
     21576
     21580
     21584
     21588
     21594
     21599
     21604
     21609
     21614
     21620
     21625
     21630
     21635
     21640
     21644
     21648
     21651
     21656
     21661
     21665
     21670
     21675
     21679
     21684
     21689
     21693
     21699
     21704
     21709
     21714
     21719
     21724
     21729
     21733
     21739
     21744
     21749
     21754
     21759
     21764
     21769
     21774
     21777
     21783
     21789
     21794
     21799
     21804
     21809
     21814
     21819
     21824
     21827
     21833
     21839
     21844
     21849
     21854
     21859
     21864
     21869
     21874
     21878
     21882
     21888
     21894
     21900
     21905
     21910
     21915
     21920
     21925
     21930
     21933
     21936
     21941
     21946
     21949
     21955
     21958
     21962
     21967
     21971
     21977
     21981
     21987
     21993
     21996
     22001
     22005
     22011
     22015
     22021
     22025
     22031
     22035
     22041
     22045
     22050
     22054
     22059
     22064
     22067
     22072
     22077
     22082
     22088
     22091
     22097
     22101
     22106
     22111
     22116
     22120
     22123
     22128
     22131
     22136
     22142
     22147
     22152
     22156
     22159
     22163
     22167
     22171
     22174
     22179
     22184
     22189
     22194
     22197
     22201
     22205
     22209
     22214
     22219
     22224
     22229
     22234
     22237
     22241
     22244
     22248
     22254
     22259
     22264
     22269
     22274
     22279
     22284
     22289
     22293
     22298
     22303
     22307
     22313
     22318
     22323
     22328
     22333
     22338
     22343
     22348
     22351
     22356
     22361
     22366
     22371
     22377
     22382
     22387
     22392
     22397
     22402
     22407
     22412
     22416
     22421
     22426
     22431
     22436
     22441
     22446
     22451
     22456
     22461
     22466
     22471
     22475
     22480
     22485
     22490
     22495
     22500
     22505
     22510
     22515
     22520
     22525
     22530
     22534
     22539
     22544
     22549
     22554
     22559
     22564
     22569
     22574
     22579
     22584
     22587
     22592
     22597
     22602
     22605
     22611
     22614
     22620
     22625
     22630
     22635
     22640
     22644
     22647
     22651
     22655
     22659
     22663
     22666
     22669
     22674
     22678
     22682
     22686
     22690
     22694
     22697
     22701
     22706
     22709
     22714
     22717
     22722
     22725
     22729
     22734
     22738
     22743
     22748
     22753
     22756
     22762
     22767
     22771
     22775
     22779
     22783
     22789
     22795
     22801
     22807
     22813
     22818
     22823
     22828
     22833
     22838
     22843
     22848
     22853
     22858
     22863
     22868
     22873
     22878
     22883
     22888
     22893
     22898
     22903
     22908
     22913
     22918
     22923
     22928
     22933
     22938
     22943
     22948
     22953
     22958
     22963
     22968
     22973
     22978
     22983
     22987
     22991
     22995
     22999
     23003
     23007
     23013
     23019
     23025
     23030
     23035
     23040
     23046
     23052
     23058
     23064
     23068
     23072
     23075
     23081
     23086
     23091
     23095
     23099
     23103
     23109
     23115
     23121
     23127
     23133
     23139
     23143
     23146
     23151
     23155
     23159
     23163
     23167
     23173
     23179
     23185
     23191
     23197
     23201
     23205
     23209
     23213
     23217
     23222
     23227
     23232
     23237
     23242
     23248
     23254
     23260
     23266
     23272
     23277
     23282
     23287
     23292
     23295
     23300
     23305
     23310
     23316
     23322
     23325
     23330
     23335
     23340
     23344
     23348
     23354
     23358
     23364
     23368
     23374
     23378
     23384
     23388
     23394
     23398
     23404
     23410
     23415
     23420
     23426
     23431
     23437
     23442
     23448
     23453
     23459
     23465
     23471
     23477
     23481
     23485
     23489
     23493
     23496
     23502
     23506
     23512
     23518
     23521
     23525
     23530
     23534
     23539
     23543
     23548
     23552
     23557
     23561
     23566
     23570
     23575
     23578
     23582
     23588
     23594
     23600
     23606
     23611
     23616
     23621
     23627
     23633
     23639
     23645
     23650
     23655
     23660
     23665
     23670
     23675
     23680
     23685
     23690
     23695
     23700
     23705
     23710
     23715
     23720
     23725
     23730
     23735
     23740
     23745
     23750
     23755
     23758
     23762
     23766
     23770
     23774
     23777
     23782
     23787
     23792
     23797
     23802
     23807
     23813
     23819
     23825
     23829
     23834
     23837
     23841
     23845
     23849
     23853
     23857
     23861
     23865
     23869
     23873
     23877
     23882
     23887
     23892
     23897
     23902
     23907
     23912
     23917
     23922
     23927
     23932
     23937
     23942
     23947
     23952
     23957
     23963
     23969
     23975
     23981
     23985
     23989
     23992
     23997
     24000
     24005
     24008
     24013
     24018
     24022
     24027
     24033
     24037
     24043
     24047
     24052
     24057
     24062
     24067
     24072
     24077
     24082
     24087
     24092
     24097
     24102
     24107
     24112
     24117
     24122
     24125
     24129
     24133
     24137
     24141
     24146
     24151
     24157
     24163
     24169
     24175
     24181
     24185
     24189
     24193
     24197
     24201
     24205
     24209
     24214
     24219
     24225
     24231
     24237
     24243
     24249
     24255
     24261
     24267
     24271
     24275
     24279
     24283
     24287
     24291
     24295
     24301
     24307
     24313
     24319
     24325
     24331
     24337
