         1
         7
        13
        19
        25
        30
        35
        40
        45
        51
        57
        63
        69
        75
        80
        85
        90
        95
       101
       107
       113
       119
       125
       131
       136
       142
       148
       154
       160
       166
       171
       176
       182
       188
       193
       198
       204
       210
       216
       222
       228
       234
       240
       246
       252
       258
       264
       270
       276
       282
       288
       294
       300
       306
       311
       316
       322
       328
       334
       340
       345
       350
       355
       360
       365
       371
       377
       383
       389
       395
       401
       407
       413
       419
       425
       431
       437
       443
       449
       455
       461
       467
       473
       479
       485
       491
       497
       503
       509
       515
       521
       527
       533
       539
       545
       551
       557
       563
       569
       575
       581
       587
       593
       599
       605
       611
       617
       623
       629
       635
       641
       647
       653
       659
       665
       671
       677
       683
       689
       695
       701
       707
       713
       719
       725
       731
       737
       743
       749
       755
       761
       767
       773
       779
       785
       791
       797
       802
       807
       812
       817
       823
       828
       834
       840
       846
       852
       857
       862
       867
       873
       879
       885
       891
       897
       902
       908
       913
       919
       925
       931
       937
       943
       949
       954
       960
       966
       971
       977
       983
       989
       995
      1001
      1006
      1011
      1016
      1021
      1026
      1031
      1037
      1043
      1049
      1055
      1061
      1067
      1073
      1079
      1085
      1091
      1097
      1103
      1109
      1115
      1121
      1127
      1133
      1139
      1145
      1151
      1157
      1163
      1169
      1175
      1181
      1187
      1193
      1199
      1205
      1211
      1217
      1223
      1229
      1235
      1241
      1247
      1253
      1259
      1265
      1271
      1277
      1283
      1289
      1295
      1301
      1307
      1313
      1319
      1325
      1331
      1337
      1343
      1349
      1355
      1361
      1367
      1373
      1379
      1385
      1391
      1397
      1403
      1409
      1415
      1421
      1427
      1433
      1439
      1445
      1451
      1457
      1463
      1469
      1475
      1481
      1486
      1492
      1498
      1504
      1510
      1516
      1522
      1528
      1534
      1540
      1546
      1551
      1556
      1562
      1568
      1574
      1580
      1586
      1592
      1598
      1604
      1610
      1616
      1622
      1628
      1634
      1639
      1645
      1650
      1656
      1662
      1668
      1674
      1680
      1686
      1691
      1696
      1701
      1706
      1712
      1717
      1723
      1728
      1734
      1740
      1745
      1750
      1756
      1762
      1768
      1774
      1780
      1786
      1792
      1798
      1804
      1809
      1815
      1820
      1826
      1832
      1838
      1844
      1849
      1855
      1860
      1866
      1872
      1878
      1884
      1890
      1896
      1902
      1907
      1913
      1919
      1925
      1931
      1937
      1943
      1949
      1955
      1961
      1967
      1973
      1978
      1983
      1988
      1994
      2000
      2006
      2012
      2018
      2024
      2030
      2036
      2042
      2048
      2054
      2060
      2066
      2071
      2076
      2082
      2088
      2094
      2100
      2106
      2112
      2118
      2124
      2130
      2136
      2142
      2148
      2154
      2160
      2166
      2172
      2178
      2184
      2190
      2196
      2202
      2208
      2214
      2220
      2226
      2232
      2238
      2244
      2250
      2256
      2262
      2268
      2274
      2280
      2285
      2290
      2295
      2300
      2306
      2312
      2318
      2324
      2330
      2336
      2342
      2348
      2354
      2360
      2366
      2372
      2378
      2384
      2390
      2396
      2402
      2408
      2414
      2420
      2426
      2432
      2438
      2444
      2450
      2456
      2462
      2468
      2474
      2480
      2486
      2492
      2498
      2504
      2510
      2516
      2522
      2528
      2534
      2540
      2546
      2552
      2558
      2564
      2570
      2576
      2582
      2588
      2594
      2599
      2604
      2609
      2614
      2620
      2626
      2632
      2638
      2643
      2648
      2653
      2658
      2664
      2670
      2676
      2682
      2688
      2694
      2700
      2706
      2712
      2718
      2724
      2729
      2734
      2740
      2746
      2752
      2757
      2762
      2767
      2773
      2779
      2785
      2791
      2797
      2803
      2809
      2815
      2821
      2827
      2832
      2837
      2843
      2849
      2854
      2859
      2864
      2869
      2874
      2880
      2886
      2892
      2898
      2904
      2910
      2916
      2922
      2928
      2934
      2940
      2946
      2952
      2958
      2964
      2970
      2976
      2982
      2988
      2994
      3000
      3006
      3012
      3018
      3024
      3030
      3036
      3042
      3048
      3054
      3060
      3066
      3072
      3078
      3084
      3090
      3096
      3102
      3108
      3114
      3120
      3126
      3132
      3138
      3144
      3150
      3156
      3162
      3168
      3174
      3180
      3186
      3192
      3198
      3204
      3210
      3216
      3222
      3228
      3234
      3240
      3246
      3252
      3258
      3264
      3270
      3276
      3282
      3288
      3294
      3300
      3306
      3312
      3318
      3324
      3330
      3336
      3342
      3348
      3354
      3360
      3366
      3372
      3378
      3384
      3390
      3396
      3401
      3407
      3413
      3419
      3424
      3429
      3435
      3441
      3447
      3453
      3459
      3465
      3471
      3477
      3483
      3489
      3495
      3501
      3506
      3512
      3518
      3524
      3530
      3536
      3542
      3548
      3554
      3560
      3566
      3572
      3578
      3584
      3590
      3596
      3602
      3608
      3613
      3619
      3624
      3630
      3636
      3642
      3648
      3654
      3660
      3666
      3672
      3678
      3684
      3690
      3696
      3702
      3708
      3714
      3720
      3726
      3732
      3738
      3743
      3749
      3754
      3760
      3766
      3772
      3778
      3784
      3790
      3796
      3802
      3808
      3814
      3820
      3825
      3831
      3837
      3842
      3848
      3854
      3860
      3865
      3871
      3877
      3883
      3889
      3895
      3901
      3907
      3913
      3919
      3925
      3930
      3936
      3942
      3948
      3954
      3960
      3965
      3971
      3977
      3983
      3988
      3994
      4000
      4005
      4011
      4017
      4023
      4029
      4035
      4041
      4047
      4053
      4059
      4065
      4071
      4077
      4083
      4089
      4095
      4101
      4107
      4113
      4119
      4125
      4131
      4137
      4143
      4149
      4155
      4161
      4167
      4173
      4179
      4185
      4191
      4197
      4203
      4209
      4215
      4221
      4227
      4233
      4239
      4245
      4251
      4257
      4263
      4269
      4275
      4281
      4287
      4293
      4299
      4305
      4311
      4317
      4323
      4329
      4335
      4341
      4347
      4353
      4359
      4365
      4371
      4377
      4383
      4389
      4395
      4401
      4407
      4413
      4419
      4425
      4431
      4437
      4443
      4449
      4455
      4461
      4467
      4473
      4479
      4485
      4491
      4497
      4503
      4509
      4515
      4521
      4527
      4533
      4539
      4545
      4551
      4557
      4563
      4569
      4575
      4581
      4587
      4593
      4599
      4605
      4611
      4617
      4623
      4629
      4635
      4641
      4647
      4653
      4659
      4665
      4671
      4677
      4683
      4689
      4695
      4701
      4707
      4713
      4719
      4725
      4731
      4737
      4743
      4749
      4755
      4761
      4767
      4773
      4779
      4785
      4791
      4797
      4803
      4809
      4815
      4821
      4827
      4833
      4839
      4845
      4851
      4857
      4863
      4869
      4875
      4881
      4887
      4893
      4899
      4905
      4911
      4917
      4923
      4929
      4935
      4941
      4947
      4953
      4959
      4965
      4971
      4977
      4983
      4989
      4995
      5001
      5007
      5013
      5019
      5025
      5031
      5037
      5043
      5049
      5055
      5061
      5067
      5073
      5079
      5085
      5091
      5097
      5103
      5109
      5115
      5121
      5127
      5133
      5139
      5145
      5151
      5157
      5163
      5169
      5175
      5181
      5187
      5193
      5199
      5205
      5211
      5217
      5223
      5229
      5235
      5241
      5247
      5253
      5259
      5265
      5271
      5277
      5283
      5289
      5295
      5301
      5307
      5313
      5319
      5325
      5331
      5337
      5343
      5349
      5355
      5361
      5367
      5373
      5379
      5385
      5391
      5397
      5403
      5409
      5415
      5421
      5427
      5433
      5439
      5445
      5451
      5457
      5463
      5469
      5475
      5481
      5487
      5493
      5499
      5505
      5511
      5517
      5523
      5529
      5535
      5541
      5547
      5553
      5559
      5565
      5571
      5577
      5583
      5589
      5595
      5601
      5607
      5613
      5619
      5625
      5631
      5637
      5643
      5649
      5655
      5661
      5667
      5673
      5679
      5685
      5691
      5697
      5703
      5709
      5715
      5721
      5727
      5733
      5739
      5745
      5751
      5757
      5763
      5769
      5775
      5781
      5787
      5793
      5799
      5805
      5811
      5817
      5823
      5829
      5835
      5841
      5847
      5853
      5859
      5865
      5871
      5877
      5883
      5889
      5895
      5901
      5907
      5913
      5919
      5925
      5931
      5937
      5943
      5949
      5955
      5961
      5967
      5973
      5979
      5985
      5991
      5997
      6003
      6009
      6015
      6021
      6027
      6033
      6039
      6045
      6051
      6057
      6063
      6069
      6075
      6081
      6087
      6093
      6099
      6105
      6111
      6117
      6123
      6129
      6135
      6141
      6147
      6153
      6159
      6165
      6171
      6177
      6183
      6189
      6195
      6201
      6207
      6213
      6219
      6225
      6231
      6237
      6243
      6249
      6255
      6261
      6267
      6273
      6279
      6285
      6291
      6297
      6303
      6309
      6315
      6321
      6327
      6333
      6339
      6345
      6351
      6357
      6363
      6369
      6375
      6381
      6387
      6393
      6399
      6405
      6411
      6417
      6423
      6429
      6435
      6441
      6447
      6453
      6459
      6465
      6471
      6477
      6483
      6489
      6495
      6501
      6507
      6513
      6519
      6525
      6531
      6537
      6543
      6549
      6555
      6561
      6567
      6573
      6579
      6585
      6591
      6597
      6603
      6609
      6615
      6621
      6627
      6633
      6639
      6645
      6651
      6657
      6663
      6669
      6675
      6681
      6687
      6693
      6699
      6705
      6711
      6717
      6723
      6729
      6735
      6741
      6747
      6753
      6759
      6765
      6771
      6777
      6783
      6789
      6795
      6801
      6807
      6813
      6819
      6825
      6831
      6837
      6843
      6849
      6855
      6861
      6867
      6873
      6879
      6885
      6891
      6897
      6903
      6909
      6915
      6921
      6927
      6933
      6939
      6945
      6951
      6957
      6963
      6969
      6975
      6981
      6987
      6993
      6999
      7005
      7011
      7017
      7023
      7029
      7035
      7041
      7047
      7053
      7059
      7065
      7071
      7077
      7083
      7089
      7095
      7101
      7107
      7113
      7119
      7125
      7131
      7137
      7143
      7149
      7155
      7161
      7167
      7173
      7179
      7185
      7191
      7197
      7203
      7209
      7215
      7221
      7227
      7233
      7239
      7245
      7251
      7257
      7263
      7269
      7275
      7281
      7287
      7293
      7299
      7305
      7311
      7317
      7323
      7329
      7335
      7341
      7347
      7353
      7359
      7365
      7371
      7377
      7383
      7389
      7395
      7401
      7407
      7413
      7419
      7425
      7431
      7437
      7443
      7449
      7455
      7461
      7467
      7473
      7479
      7485
      7491
      7497
      7503
      7509
      7515
      7521
      7527
      7533
      7539
      7545
      7551
      7557
      7563
      7569
      7575
      7581
      7587
      7593
      7599
      7605
      7611
      7617
      7623
      7629
      7635
      7641
      7647
      7653
      7659
      7665
      7671
      7677
      7683
      7689
      7695
      7701
      7707
      7713
      7719
      7725
      7731
      7737
      7743
      7749
      7755
      7761
      7767
      7773
      7779
      7785
      7791
      7797
      7803
      7809
      7815
      7821
      7827
      7833
      7839
      7845
      7851
      7857
      7863
      7869
      7875
      7881
      7887
      7893
      7899
      7905
      7911
      7917
      7923
      7929
      7935
      7941
      7947
      7953
      7959
      7965
      7971
      7977
      7983
      7989
      7995
      8001
      8007
      8013
      8019
      8025
      8031
      8037
      8043
      8049
      8055
      8061
      8067
      8073
      8079
      8085
      8091
      8097
      8103
      8109
      8115
      8121
      8127
      8133
      8139
      8145
      8151
      8157
      8163
      8169
      8175
      8181
      8187
      8193
      8199
      8205
      8211
      8217
      8223
      8229
      8235
      8241
      8247
      8253
      8259
      8265
      8271
      8277
      8283
      8289
      8295
      8301
      8307
      8313
      8319
      8325
      8331
      8337
      8343
      8349
      8355
      8361
      8367
      8373
      8379
      8385
      8391
      8397
      8403
      8409
      8415
      8421
      8427
      8433
      8439
      8445
      8451
      8457
      8463
      8469
      8475
      8481
      8487
      8493
      8499
      8505
      8511
      8517
      8523
      8529
      8535
      8541
      8547
      8553
      8559
      8565
      8571
      8577
      8582
      8587
      8592
      8597
      8603
      8609
      8615
      8621
      8626
      8631
      8636
      8641
      8647
      8653
      8659
      8665
      8671
      8677
      8683
      8689
      8695
      8701
      8706
      8711
      8716
      8721
      8726
      8732
      8738
      8744
      8750
      8756
      8762
      8768
      8774
      8780
      8786
      8792
      8798
      8804
      8809
      8814
      8819
      8824
      8829
      8834
      8839
      8845
      8851
      8857
      8863
      8869
      8875
      8881
      8887
      8893
      8899
      8905
      8911
      8917
      8923
      8929
      8935
      8941
      8947
      8953
      8959
      8965
      8971
      8977
      8983
      8989
      8995
      9001
      9007
      9013
      9019
      9025
      9031
      9037
      9043
      9049
      9055
      9061
      9067
      9073
      9079
      9085
      9091
      9097
      9103
      9109
      9115
      9121
      9127
      9133
      9139
      9145
      9151
      9157
      9163
      9169
      9175
      9181
      9187
      9193
      9199
      9205
      9211
      9217
      9223
      9229
      9235
      9241
      9247
      9253
      9259
      9265
      9271
      9277
      9283
      9289
      9295
      9301
      9307
      9313
      9319
      9325
      9331
      9337
      9343
      9349
      9355
      9361
      9367
      9373
      9379
      9385
      9391
      9397
      9402
      9407
      9412
      9417
      9423
      9429
      9435
      9441
      9446
      9451
      9456
      9461
      9467
      9473
      9479
      9485
      9491
      9497
      9503
      9509
      9514
      9520
      9526
      9532
      9538
      9543
      9548
      9553
      9559
      9565
      9571
      9577
      9583
      9589
      9595
      9601
      9606
      9612
      9618
      9624
      9630
      9635
      9641
      9647
      9653
      9659
      9665
      9671
      9676
      9681
      9687
      9693
      9699
      9705
      9711
      9717
      9723
      9729
      9735
      9741
      9747
      9753
      9758
      9763
      9768
      9773
      9779
      9785
      9791
      9797
      9803
      9809
      9815
      9820
      9825
      9830
      9835
      9840
      9846
      9852
      9858
      9864
      9870
      9876
      9882
      9888
      9894
      9900
      9906
      9912
      9918
      9924
      9930
      9936
      9942
      9948
      9954
      9960
      9966
      9972
      9978
      9984
      9990
      9996
     10002
     10008
     10014
     10020
     10026
     10032
     10038
     10044
     10050
     10056
     10062
     10068
     10074
     10080
     10086
     10092
     10098
     10104
     10110
     10116
     10122
     10128
     10134
     10140
     10146
     10152
     10158
     10164
     10170
     10176
     10182
     10188
     10194
     10200
     10206
     10212
     10218
     10224
     10230
     10236
     10242
     10248
     10254
     10260
     10266
     10272
     10278
     10284
     10290
     10296
     10302
     10308
     10314
     10320
     10326
     10332
     10338
     10344
     10350
     10356
     10362
     10368
     10374
     10380
     10386
     10392
     10398
     10403
     10409
     10414
     10420
     10426
     10432
     10438
     10444
     10450
     10456
     10462
     10468
     10474
     10480
     10486
     10492
     10498
     10504
     10510
     10516
     10521
     10527
     10533
     10539
     10544
     10550
     10556
     10562
     10568
     10574
     10579
     10585
     10591
     10597
     10603
     10609
     10615
     10621
     10627
     10632
     10637
     10642
     10647
     10653
     10658
     10664
     10670
     10676
     10682
     10687
     10692
     10698
     10703
     10709
     10715
     10721
     10727
     10733
     10739
     10745
     10750
     10756
     10762
     10768
     10774
     10780
     10786
     10791
     10796
     10802
     10808
     10814
     10820
     10826
     10832
     10837
     10843
     10849
     10855
     10861
     10866
     10872
     10878
     10884
     10890
     10896
     10902
     10908
     10914
     10920
     10926
     10932
     10938
     10944
     10950
     10956
     10962
     10968
     10974
     10980
     10986
     10992
     10998
     11004
     11010
     11016
     11022
     11028
     11033
     11039
     11045
     11051
     11057
     11063
     11069
     11075
     11081
     11087
     11093
     11099
     11104
     11109
     11114
     11119
     11124
     11130
     11136
     11142
     11148
     11154
     11160
     11166
     11172
     11178
     11184
     11190
     11196
     11202
     11208
     11214
     11220
     11226
     11232
     11238
     11244
     11250
     11256
     11262
     11268
     11274
     11279
     11284
     11289
     11294
     11300
     11306
     11312
     11318
     11324
     11330
     11336
     11342
     11348
     11354
     11360
     11366
     11372
     11378
     11384
     11390
     11396
     11402
     11408
     11414
     11420
     11426
     11432
     11438
     11444
     11450
     11456
     11462
     11468
     11474
     11480
     11486
     11492
     11498
     11504
     11510
     11516
     11522
     11528
     11534
     11540
     11546
     11552
     11558
     11564
     11570
     11575
     11580
     11585
     11590
     11596
     11602
     11608
     11614
     11619
     11624
     11629
     11634
     11640
     11646
     11652
     11658
     11664
     11670
     11676
     11682
     11688
     11694
     11699
     11704
     11709
     11714
     11719
     11725
     11731
     11737
     11743
     11749
     11755
     11761
     11767
     11773
     11779
     11785
     11791
     11797
     11803
     11809
     11815
     11820
     11825
     11831
     11837
     11843
     11849
     11854
     11859
     11864
     11869
     11874
     11880
     11886
     11892
     11898
     11904
     11910
     11916
     11922
     11928
     11934
     11940
     11946
     11952
     11958
     11964
     11970
     11976
     11982
     11988
     11994
     12000
     12006
     12012
     12018
     12024
     12030
     12036
     12042
     12048
     12054
     12060
     12066
     12072
     12078
     12084
     12090
     12096
     12102
     12108
     12114
     12120
     12126
     12132
     12138
     12144
     12150
     12156
     12162
     12168
     12174
     12180
     12186
     12192
     12198
     12204
     12210
     12216
     12222
     12228
     12234
     12240
     12246
     12252
     12258
     12264
     12270
     12276
     12282
     12288
     12294
     12300
     12306
     12312
     12318
     12324
     12330
     12336
     12342
     12348
     12354
     12360
     12366
     12372
     12378
     12384
     12390
     12396
     12402
     12408
     12414
     12420
     12426
     12431
     12437
     12442
     12448
     12454
     12460
     12466
     12472
     12478
     12483
     12489
     12494
     12500
     12506
     12512
     12518
     12524
     12530
     12536
     12542
     12548
     12553
     12559
     12565
     12571
     12576
     12582
     12587
     12593
     12599
     12605
     12611
     12617
     12623
     12629
     12635
     12641
     12647
     12653
     12659
     12665
     12671
     12677
     12683
     12689
     12695
     12700
     12706
     12712
     12718
     12724
     12730
     12736
     12742
     12748
     12754
     12759
     12765
     12771
     12777
     12783
     12789
     12794
     12800
     12806
     12811
     12817
     12823
     12829
     12835
     12841
     12847
     12853
     12859
     12865
     12870
     12876
     12882
     12888
     12894
     12899
     12904
     12910
     12916
     12922
     12928
     12934
     12940
     12946
     12952
     12958
     12963
     12969
     12975
     12981
     12987
     12993
     12999
     13005
     13011
     13017
     13023
     13029
     13035
     13041
     13047
     13053
     13059
     13065
     13071
     13077
     13083
     13089
     13095
     13101
     13107
     13113
     13119
     13125
     13131
     13137
     13143
     13149
     13155
     13161
     13167
     13173
     13179
     13185
     13191
     13197
     13203
     13209
     13215
     13221
     13227
     13233
     13239
     13245
     13251
     13257
     13263
     13269
     13275
     13281
     13287
     13293
     13299
     13305
     13311
     13317
     13323
     13329
     13335
     13341
     13347
     13353
     13359
     13365
     13371
     13377
     13383
     13389
     13395
     13401
     13407
     13413
     13419
     13425
     13431
     13437
     13443
     13449
     13455
     13461
     13467
     13473
     13479
     13485
     13491
     13497
     13503
     13509
     13515
     13521
     13527
     13533
     13539
     13545
     13551
     13557
     13563
     13569
     13575
     13581
     13587
     13593
     13599
     13605
     13611
     13617
     13623
     13629
     13635
     13641
     13647
     13653
     13659
     13665
     13671
     13677
     13683
     13689
     13695
     13701
     13707
     13713
     13719
     13725
     13731
     13737
     13743
     13749
     13755
     13761
     13767
     13773
     13779
     13785
     13791
     13797
     13803
     13809
     13815
     13821
     13827
     13833
     13839
     13845
     13851
     13857
     13863
     13869
     13875
     13881
     13887
     13893
     13899
     13905
     13911
     13917
     13923
     13929
     13935
     13941
     13947
     13953
     13959
     13965
     13971
     13977
     13983
     13989
     13995
     14001
     14007
     14013
     14019
     14025
     14031
     14037
     14043
     14049
     14055
     14061
     14067
     14073
     14079
     14085
     14091
     14097
     14103
     14109
     14115
     14121
     14127
     14133
     14139
     14145
     14151
     14157
     14163
     14169
     14175
     14181
     14187
     14193
     14199
     14205
     14211
     14217
     14223
     14229
     14235
     14241
     14247
     14253
     14259
     14265
     14271
     14277
     14283
     14289
     14295
     14301
     14307
     14313
     14319
     14325
     14331
     14337
     14343
     14349
     14355
     14361
     14367
     14373
     14379
     14385
     14391
     14397
     14403
     14409
     14415
     14421
     14427
     14433
     14439
     14445
     14451
     14457
     14463
     14469
     14475
     14481
     14487
     14493
     14499
     14505
     14511
     14517
     14523
     14529
     14535
     14541
     14547
     14553
     14559
     14565
     14571
     14577
     14583
     14589
     14595
     14601
     14607
     14613
     14619
     14625
     14631
     14637
     14643
     14649
     14655
     14661
     14667
     14673
     14679
     14685
     14691
     14697
     14703
     14709
     14715
     14721
     14727
     14733
     14739
     14745
     14751
     14757
     14763
     14769
     14775
     14781
     14787
     14793
     14799
     14805
     14811
     14817
     14823
     14829
     14835
     14841
     14847
     14853
     14859
     14865
     14871
     14877
     14883
     14889
     14895
     14901
     14907
     14913
     14919
     14925
     14931
     14937
     14943
     14949
     14955
     14961
     14967
     14973
     14979
     14985
     14991
     14997
     15003
     15009
     15015
     15021
     15027
     15033
     15039
     15045
     15051
     15057
     15063
     15069
     15075
     15081
     15087
     15093
     15099
     15105
     15111
     15117
     15123
     15129
     15135
     15141
     15147
     15153
     15159
     15165
     15171
     15177
     15183
     15189
     15195
     15201
     15207
     15213
     15219
     15225
     15231
     15237
     15243
     15249
     15255
     15261
     15267
     15273
     15279
     15285
     15291
     15297
     15303
     15309
     15315
     15321
     15327
     15333
     15339
     15345
     15351
     15357
     15363
     15369
     15375
     15381
     15387
     15393
     15399
     15405
     15411
     15417
     15423
     15429
     15435
     15441
     15447
     15453
     15459
     15465
     15471
     15477
     15483
     15489
     15495
     15501
     15507
     15513
     15519
     15525
     15531
     15537
     15543
     15549
     15555
     15561
     15567
     15573
     15579
     15585
     15591
     15597
     15603
     15609
     15615
     15621
     15627
     15633
     15639
     15645
     15651
     15657
     15663
     15669
     15675
     15681
     15687
     15693
     15699
     15705
     15711
     15717
     15723
     15729
     15735
     15741
     15747
     15753
     15759
     15765
     15771
     15777
     15783
     15789
     15795
     15801
     15807
     15813
     15819
     15825
     15831
     15837
     15843
     15849
     15855
     15861
     15867
     15873
     15879
     15885
     15891
     15897
     15903
     15909
     15915
     15921
     15927
     15933
     15939
     15945
     15951
     15957
     15963
     15969
     15975
     15981
     15987
     15993
     15999
     16005
     16011
     16017
     16023
     16029
     16035
     16041
     16047
     16053
     16059
     16065
     16071
     16077
     16083
     16089
     16095
     16101
     16107
     16113
     16119
     16125
     16131
     16137
     16143
     16149
     16155
     16161
     16167
     16173
     16179
     16185
     16191
     16197
     16203
     16209
     16215
     16221
     16227
     16233
     16239
     16245
     16251
     16257
     16263
     16269
     16275
     16281
     16287
     16293
     16299
     16305
     16311
     16317
     16323
     16329
     16335
     16341
     16347
     16353
     16359
     16365
     16371
     16377
     16383
     16389
     16395
     16401
     16407
     16413
     16419
     16425
     16431
     16437
     16443
     16449
     16455
     16461
     16467
     16473
     16479
     16485
     16491
     16497
     16503
     16509
     16515
     16521
     16527
     16533
     16539
     16545
     16551
     16557
     16563
     16569
     16575
     16581
     16587
     16593
     16599
     16605
     16611
     16617
     16623
     16629
     16635
     16641
     16647
     16653
     16659
     16665
     16671
     16677
     16683
     16689
     16695
     16701
     16707
     16713
     16719
     16725
     16731
     16737
     16743
     16749
     16755
     16761
     16767
     16773
     16779
     16785
     16791
     16797
     16803
     16809
     16815
     16821
     16827
     16833
     16839
     16845
     16851
     16857
     16863
     16869
     16875
     16881
     16887
     16893
     16899
     16905
     16911
     16917
     16923
     16929
     16935
     16941
     16947
     16953
     16959
     16965
     16971
     16977
     16983
     16989
     16995
     17001
     17007
     17013
     17019
     17025
     17031
     17037
     17043
     17049
     17055
     17061
     17067
     17073
     17079
     17085
     17091
     17097
     17103
     17109
     17115
     17121
     17127
     17133
     17139
     17145
     17151
     17157
     17163
     17169
     17175
     17181
     17187
     17193
     17199
     17205
     17211
     17217
     17223
     17229
     17235
     17241
     17247
     17253
     17259
     17265
     17271
     17277
     17283
     17289
     17295
     17301
     17307
     17313
     17319
     17325
     17331
     17336
     17341
     17347
     17353
     17359
     17365
     17371
     17377
     17383
     17389
     17395
     17401
     17407
     17412
     17418
     17424
     17430
     17436
     17442
     17448
     17454
     17460
     17466
     17472
     17478
     17484
     17490
     17496
     17502
     17508
     17514
     17520
     17526
     17531
     17537
     17543
     17549
     17555
     17561
     17567
     17573
     17579
     17584
     17590
     17595
     17601
     17607
     17613
     17619
     17625
     17630
     17636
     17642
     17648
     17654
     17660
     17666
     17672
     17678
     17684
     17690
     17696
     17702
     17708
     17714
     17720
     17726
     17732
     17738
     17744
     17750
     17756
     17762
     17768
     17774
     17780
     17786
     17792
     17798
     17804
     17810
     17816
     17822
     17828
     17834
     17840
     17846
     17852
     17858
     17864
     17869
     17875
     17881
     17887
     17892
     17898
     17904
     17910
     17916
     17922
     17928
     17934
     17940
     17946
     17952
     17958
     17964
     17970
     17976
     17982
     17988
     17994
     18000
     18005
     18011
     18017
     18023
     18029
     18033
     18037
     18041
     18044
     18048
     18052
     18056
     18060
     18064
     18068
     18072
     18076
     18080
     18084
     18087
     18092
     18096
     18100
     18104
     18108
     18111
     18116
     18120
     18124
     18128
     18132
     18136
     18140
     18144
     18149
     18152
     18156
     18161
     18166
     18171
     18176
     18181
     18185
     18189
     18195
     18200
     18206
     18210
     18216
     18221
     18226
     18230
     18235
     18240
     18244
     18250
     18256
     18261
     18266
     18271
     18276
     18280
     18286
     18291
     18295
     18300
     18305
     18310
     18315
     18320
     18325
     18329
     18334
     18339
     18344
     18349
     18354
     18359
     18363
     18368
     18373
     18378
     18383
     18388
     18393
     18398
     18403
     18408
     18413
     18416
     18422
     18428
     18433
     18438
     18444
     18447
     18452
     18457
     18462
     18467
     18472
     18477
     18482
     18487
     18492
     18497
     18502
     18507
     18511
     18517
     18522
     18527
     18532
     18537
     18542
     18547
     18552
     18557
     18562
     18567
     18572
     18577
     18582
     18587
     18592
     18597
     18602
     18607
     18613
     18617
     18622
     18627
     18632
     18637
     18642
     18647
     18652
     18657
     18662
     18667
     18672
     18675
     18679
     18685
     18690
     18696
     18700
     18704
     18710
     18715
     18721
     18725
     18729
     18735
     18740
     18746
     18749
     18754
     18759
     18765
     18770
     18776
     18780
     18785
     18790
     18795
     18801
     18805
     18810
     18815
     18819
     18824
     18830
     18836
     18842
     18846
     18851
     18856
     18859
     18865
     18868
     18874
     18880
     18883
     18887
     18892
     18898
     18903
     18906
     18912
     18916
     18921
     18926
     18931
     18934
     18938
     18942
     18947
     18951
     18956
     18961
     18966
     18971
     18976
     18981
     18986
     18991
     18996
     19001
     19006
     19011
     19016
     19021
     19026
     19031
     19036
     19042
     19048
     19053
     19058
     19063
     19068
     19073
     19078
     19083
     19087
     19092
     19097
     19100
     19106
     19112
     19117
     19122
     19127
     19131
     19135
     19138
     19144
     19150
     19156
     19161
     19166
     19171
     19176
     19181
     19186
     19191
     19196
     19201
     19206
     19211
     19216
     19221
     19226
     19230
     19234
     19240
     19246
     19252
     19257
     19261
     19265
     19268
     19274
     19280
     19286
     19292
     19297
     19302
     19305
     19311
     19316
     19321
     19326
     19331
     19336
     19341
     19346
     19351
     19356
     19361
     19366
     19371
     19376
     19381
     19386
     19391
     19396
     19401
     19406
     19411
     19416
     19421
     19426
     19431
     19436
     19441
     19446
     19451
     19456
     19461
     19466
     19471
     19476
     19481
     19485
     19490
     19495
     19500
     19505
     19510
     19515
     19520
     19525
     19530
     19535
     19540
     19545
     19549
     19554
     19559
     19564
     19569
     19574
     19579
     19584
     19589
     19594
     19599
     19604
     19609
     19613
     19618
     19623
     19628
     19633
     19638
     19643
     19648
     19653
     19658
     19663
     19668
     19673
     19677
     19682
     19687
     19692
     19697
     19702
     19707
     19712
     19716
     19721
     19726
     19731
     19736
     19741
     19746
     19751
     19756
     19761
     19766
     19771
     19776
     19781
     19786
     19791
     19796
     19801
     19806
     19811
     19816
     19821
     19826
     19831
     19836
     19841
     19846
     19852
     19858
     19863
     19869
     19872
     19877
     19882
     19885
     19890
     19895
     19901
     19906
     19911
     19916
     19921
     19926
     19931
     19936
     19941
     19946
     19951
     19956
     19961
     19966
     19971
     19976
     19981
     19986
     19990
     19994
     19998
     20004
     20010
     20016
     20021
     20026
     20031
     20035
     20039
     20043
     20048
     20053
     20056
     20060
     20064
     20068
     20072
     20076
     20081
     20086
     20091
     20096
     20100
     20105
     20110
     20115
     20120
     20124
     20128
     20133
     20138
     20143
     20148
     20153
     20158
     20163
     20169
     20174
     20179
     20185
     20190
     20195
     20200
     20205
     20210
     20215
     20220
     20225
     20230
     20235
     20240
     20245
     20250
     20255
     20260
     20265
     20270
     20275
     20280
     20285
     20290
     20295
     20300
     20305
     20310
     20315
     20320
     20325
     20330
     20335
     20340
     20345
     20350
     20355
     20360
     20365
     20370
     20375
     20380
     20385
     20390
     20395
     20400
     20405
     20410
     20415
     20419
     20423
     20427
     20431
     20435
     20439
     20445
     20451
     20457
     20463
     20469
     20475
     20480
     20485
     20490
     20495
     20500
     20505
     20510
     20515
     20520
     20525
     20530
     20535
     20540
     20545
     20550
     20555
     20560
     20565
     20570
     20575
     20580
     20585
     20590
     20595
     20600
     20605
     20610
     20615
     20620
     20625
     20630
     20634
     20638
     20642
     20648
     20654
     20660
     20666
     20670
     20674
     20678
     20681
     20687
     20693
     20699
     20705
     20710
     20715
     20720
     20725
     20730
     20735
     20740
     20745
     20750
     20755
     20760
     20765
     20770
     20775
     20780
     20785
     20790
     20795
     20800
     20805
     20810
     20816
     20820
     20825
     20830
     20835
     20840
     20845
     20850
     20856
     20860
     20865
     20870
     20875
     20880
     20885
     20890
     20896
     20902
     20905
     20910
     20915
     20920
     20925
     20930
     20935
     20940
     20946
     20952
     20955
     20960
     20965
     20970
     20975
     20980
     20985
     20990
     20996
     21002
     21008
     21011
     21015
     21019
     21024
     21029
     21034
     21039
     21044
     21049
     21053
     21056
     21062
     21067
     21073
     21078
     21083
     21088
     21092
     21096
     21101
     21105
     21110
     21115
     21118
     21123
     21127
     21133
     21137
     21143
     21147
     21152
     21157
     21160
     21164
     21168
     21171
     21176
     21181
     21187
     21192
     21197
     21202
     21205
     21210
     21215
     21220
     21225
     21229
     21234
     21239
     21244
     21249
     21253
     21258
     21263
     21268
     21273
     21277
     21282
     21287
     21292
     21297
     21302
     21307
     21312
     21315
     21320
     21325
     21330
     21335
     21340
     21345
     21350
     21355
     21359
     21365
     21370
     21375
     21380
     21385
     21390
     21395
     21400
     21405
     21410
     21415
     21420
     21425
     21430
     21435
     21440
     21445
     21450
     21455
     21460
     21465
     21470
     21475
     21480
     21485
     21491
     21496
     21501
     21506
     21511
     21515
     21521
     21526
     21531
     21536
     21541
     21544
     21550
     21556
     21561
     21566
     21570
     21576
     21581
     21585
     21589
     21593
     21597
     21601
     21605
     21609
     21614
     21619
     21624
     21629
     21634
     21639
     21642
     21646
     21650
     21653
     21657
     21661
     21666
     21671
     21674
     21679
     21682
     21687
     21692
     21697
     21701
     21706
     21712
     21718
     21722
     21728
     21731
     21736
     21741
     21746
     21751
     21755
     21761
     21767
     21771
     21777
     21781
     21786
     21791
     21796
     21799
     21804
     21810
     21815
     21821
     21824
     21828
     21833
     21838
     21843
     21848
     21853
     21859
     21865
     21870
     21874
     21879
     21884
     21889
     21894
     21899
     21903
     21908
     21913
     21918
     21923
     21928
     21933
     21938
     21943
     21948
     21953
     21958
     21962
     21967
     21972
     21977
     21982
     21986
     21991
     21996
     22001
     22006
     22011
     22016
     22020
     22025
     22029
     22034
     22038
     22043
     22047
     22052
     22056
     22061
     22064
     22068
     22071
     22076
     22080
     22084
     22088
     22092
     22096
     22101
     22105
     22110
     22115
     22120
     22125
     22130
     22135
     22140
     22145
     22150
     22155
     22160
     22165
     22170
     22175
     22180
     22185
     22190
     22195
     22200
     22205
     22209
     22212
     22216
     22220
     22224
     22229
     22234
     22239
     22243
     22248
     22253
     22258
     22263
     22268
     22273
     22276
     22281
     22286
     22291
     22296
     22301
     22306
     22311
     22316
     22321
     22326
     22331
     22336
     22341
     22346
     22350
     22354
     22358
     22362
     22366
     22370
     22375
     22380
     22385
     22390
     22395
     22400
     22405
     22410
     22415
     22420
     22425
     22430
     22435
     22440
     22445
     22450
     22455
     22460
     22464
     22468
     22472
     22476
     22480
     22484
     22488
     22492
     22496
     22500
     22504
     22508
     22513
     22517
     22522
     22527
     22532
     22537
     22542
     22547
     22552
     22557
     22562
     22565
     22570
     22575
     22580
     22585
     22590
     22595
     22600
     22605
     22610
     22615
     22620
     22625
     22630
     22635
     22638
     22642
     22646
     22650
     22654
     22658
     22663
     22668
     22672
     22677
     22682
     22687
     22692
     22697
     22702
     22706
     22710
     22714
     22717
     22722
     22726
     22731
     22736
     22741
     22746
     22751
     22756
     22761
     22766
     22771
     22776
     22781
     22786
     22791
     22796
     22801
     22806
     22811
     22816
     22821
     22826
     22831
     22836
     22841
     22846
     22851
     22856
     22861
     22866
     22871
     22876
     22880
     22885
     22890
     22895
     22900
     22905
     22910
     22914
     22919
     22924
     22929
     22934
     22939
     22944
     22949
     22954
     22959
     22964
     22969
     22974
     22979
     22984
     22989
     22994
     22999
     23004
     23009
     23014
     23019
     23024
     23029
     23034
     23039
     23043
     23047
     23052
     23057
     23062
     23067
     23072
     23077
     23082
     23087
     23092
     23097
     23102
     23107
     23112
     23117
     23122
     23127
     23132
     23137
     23142
     23147
     23152
     23157
     23162
     23167
     23172
     23177
     23182
     23187
     23192
     23197
     23202
     23207
     23212
     23217
     23222
     23227
     23232
     23237
     23242
     23247
     23252
     23257
     23262
     23267
     23272
     23277
     23282
     23287
     23292
     23297
     23302
     23307
     23312
     23317
     23322
     23327
     23332
     23337
     23342
     23346
     23351
     23356
     23361
     23365
     23370
     23375
     23379
     23384
     23389
     23393
     23397
     23401
     23404
     23408
     23412
     23416
     23420
     23424
     23428
     23432
     23436
     23440
     23444
     23448
     23453
     23458
     23463
     23468
     23473
     23478
     23483
     23488
     23493
     23498
     23503
     23508
     23513
     23518
     23523
     23528
     23533
     23538
     23543
     23548
     23553
     23558
     23563
     23568
     23573
     23578
     23583
     23588
     23593
     23598
     23603
     23608
     23613
     23618
     23623
     23628
     23633
     23638
     23643
     23648
     23653
     23658
     23663
     23668
     23673
     23678
     23683
     23688
     23693
     23698
     23703
     23708
     23713
     23718
     23723
     23728
     23733
     23738
     23743
     23748
     23753
     23758
     23763
     23768
     23773
     23778
     23783
     23788
     23793
     23798
     23803
     23808
     23813
     23818
     23823
     23828
     23833
     23838
     23843
     23848
     23853
     23858
     23863
     23868
     23873
     23878
     23883
     23888
     23893
     23898
     23903
     23908
     23913
     23918
     23923
     23928
     23933
     23938
     23943
     23948
     23953
     23958
     23963
     23968
     23973
     23978
     23983
     23988
     23993
     23998
     24003
     24008
     24013
     24018
     24023
     24028
     24033
     24038
     24043
     24048
     24052
     24057
     24062
     24068
     24073
     24077
     24081
     24086
     24091
     24097
     24103
     24109
     24113
     24119
     24124
     24129
     24133
     24138
     24142
     24148
     24153
     24159
     24163
     24169
     24175
     24181
     24184
     24188
     24192
     24197
     24202
     24206
     24212
     24218
     24221
     24227
     24231
     24236
     24242
     24246
     24252
     24258
     24264
     24267
     24271
     24276
     24282
     24288
     24292
     24297
     24300
     24304
     24308
     24312
     24316
     24320
     24323
     24328
     24332
     24335
     24340
     24345
     24350
     24355
     24360
     24365
     24370
     24375
     24380
     24385
     24390
     24395
     24400
     24405
     24409
     24413
     24417
     24421
     24427
     24433
     24439
     24445
     24450
     24455
     24460
     24465
     24469
     24473
     24477
     24481
