         1
         7
        13
        18
        23
        28
        33
        37
        41
        47
        53
        58
        63
        68
        73
        77
        81
        87
        93
        99
       105
       111
       116
       121
       126
       131
       137
       142
       147
       152
       157
       163
       168
       174
       180
       186
       192
       197
       202
       207
       212
       218
       224
       230
       236
       242
       247
       252
       257
       262
       268
       273
       279
       285
       291
       297
       303
       309
       314
       319
       325
       331
       336
       341
       346
       352
       358
       363
       368
       374
       380
       386
       392
       398
       404
       410
       416
       422
       428
       434
       440
       445
       450
       456
       462
       468
       474
       480
       486
       492
       498
       504
       510
       516
       522
       528
       534
       540
       546
       552
       558
       564
       570
       576
       582
       588
       594
       600
       606
       612
       618
       624
       630
       636
       642
       648
       654
       660
       666
       671
       676
       682
       688
       694
       700
       705
       710
       716
       722
       728
       734
       740
       746
       752
       758
       762
       767
       772
       777
       782
       787
       792
       797
       802
       807
       812
       817
       823
       829
       835
       841
       847
       853
       859
       865
       871
       877
       883
       889
       895
       901
       907
       913
       919
       925
       931
       937
       943
       949
       955
       961
       967
       973
       979
       985
       991
       997
      1003
      1008
      1013
      1018
      1023
      1027
      1031
      1037
      1043
      1048
      1053
      1058
      1063
      1067
      1071
      1077
      1083
      1089
      1095
      1101
      1106
      1111
      1116
      1121
      1126
      1132
      1137
      1143
      1148
      1154
      1159
      1165
      1171
      1177
      1183
      1189
      1194
      1199
      1204
      1209
      1214
      1220
      1226
      1232
      1238
      1244
      1250
      1255
      1260
      1265
      1270
      1276
      1282
      1288
      1294
      1299
      1304
      1310
      1316
      1322
      1328
      1333
      1338
      1343
      1348
      1354
      1360
      1366
      1372
      1377
      1382
      1388
      1394
      1400
      1406
      1412
      1418
      1424
      1430
      1436
      1442
      1447
      1452
      1458
      1464
      1470
      1476
      1482
      1488
      1494
      1500
      1506
      1512
      1518
      1524
      1530
      1536
      1542
      1547
      1552
      1558
      1564
      1570
      1576
      1580
      1585
      1590
      1595
      1600
      1605
      1610
      1615
      1621
      1627
      1633
      1639
      1645
      1651
      1657
      1663
      1669
      1675
      1681
      1687
      1693
      1699
      1705
      1711
      1717
      1723
      1729
      1735
      1741
      1747
      1753
      1759
      1765
      1770
      1775
      1780
      1785
      1790
      1795
      1801
      1807
      1813
      1819
      1825
      1831
      1837
      1843
      1849
      1855
      1861
      1867
      1873
      1879
      1885
      1891
      1897
      1903
      1909
      1915
      1921
      1927
      1933
      1939
      1945
      1951
      1957
      1963
      1969
      1975
      1981
      1985
      1991
      1997
      2003
      2009
      2015
      2020
      2026
      2031
      2036
      2042
      2048
      2054
      2059
      2065
      2071
      2077
      2083
      2088
      2094
      2100
      2106
      2112
      2117
      2122
      2127
      2132
      2138
      2144
      2150
      2156
      2162
      2168
      2173
      2179
      2185
      2190
      2196
      2202
      2208
      2213
      2218
      2224
      2230
      2236
      2241
      2247
      2253
      2259
      2265
      2270
      2275
      2281
      2286
      2292
      2298
      2304
      2310
      2316
      2322
      2327
      2332
      2338
      2344
      2349
      2355
      2361
      2367
      2373
      2379
      2385
      2391
      2397
      2403
      2409
      2415
      2421
      2426
      2432
      2438
      2444
      2450
      2456
      2461
      2467
      2473
      2478
      2484
      2490
      2496
      2502
      2508
      2514
      2520
      2525
      2531
      2537
      2543
      2548
      2553
      2558
      2563
      2569
      2575
      2581
      2587
      2593
      2599
      2605
      2611
      2617
      2623
      2629
      2635
      2641
      2646
      2651
      2656
      2661
      2667
      2673
      2679
      2685
      2691
      2697
      2703
      2709
      2715
      2721
      2727
      2733
      2739
      2745
      2751
      2757
      2763
      2769
      2775
      2781
      2787
      2793
      2799
      2805
      2811
      2817
      2823
      2829
      2835
      2841
      2847
      2853
      2859
      2865
      2870
      2875
      2880
      2886
      2892
      2898
      2904
      2910
      2916
      2922
      2928
      2934
      2940
      2946
      2952
      2958
      2964
      2970
      2976
      2982
      2988
      2994
      3000
      3006
      3012
      3018
      3024
      3030
      3036
      3042
      3048
      3054
      3060
      3066
      3072
      3078
      3084
      3090
      3096
      3102
      3108
      3114
      3120
      3126
      3132
      3138
      3144
      3150
      3156
      3162
      3168
      3174
      3180
      3186
      3192
      3198
      3204
      3210
      3216
      3222
      3228
      3234
      3240
      3246
      3252
      3257
      3262
      3267
      3272
      3278
      3283
      3288
      3294
      3300
      3306
      3311
      3316
      3322
      3328
      3334
      3340
      3346
      3352
      3358
      3364
      3370
      3376
      3381
      3387
      3393
      3399
      3405
      3411
      3417
      3423
      3429
      3435
      3441
      3447
      3453
      3459
      3465
      3471
      3476
      3482
      3488
      3494
      3499
      3504
      3510
      3516
      3522
      3528
      3534
      3539
      3545
      3551
      3557
      3563
      3569
      3575
      3581
      3587
      3592
      3597
      3602
      3607
      3612
      3618
      3624
      3630
      3636
      3642
      3648
      3654
      3660
      3666
      3672
      3678
      3684
      3690
      3696
      3702
      3708
      3714
      3720
      3726
      3732
      3738
      3744
      3750
      3756
      3762
      3768
      3774
      3780
      3786
      3792
      3798
      3804
      3810
      3816
      3822
      3828
      3834
      3840
      3846
      3852
      3858
      3864
      3870
      3876
      3882
      3888
      3894
      3900
      3906
      3912
      3918
      3924
      3930
      3936
      3942
      3948
      3954
      3960
      3966
      3972
      3978
      3984
      3990
      3996
      4002
      4008
      4014
      4020
      4026
      4031
      4037
      4043
      4048
      4053
      4059
      4065
      4071
      4077
      4082
      4088
      4094
      4100
      4106
      4112
      4118
      4124
      4130
      4136
      4142
      4148
      4153
      4159
      4165
      4171
      4177
      4182
      4187
      4193
      4199
      4205
      4211
      4217
      4223
      4229
      4235
      4241
      4247
      4253
      4259
      4264
      4270
      4276
      4281
      4287
      4293
      4299
      4305
      4311
      4317
      4323
      4329
      4335
      4340
      4346
      4352
      4358
      4364
      4370
      4376
      4382
      4388
      4394
      4399
      4405
      4411
      4416
      4422
      4428
      4434
      4440
      4446
      4452
      4458
      4464
      4470
      4476
      4482
      4488
      4494
      4500
      4506
      4512
      4518
      4524
      4530
      4536
      4542
      4548
      4554
      4559
      4565
      4571
      4577
      4583
      4588
      4594
      4599
      4605
      4610
      4616
      4621
      4627
      4632
      4637
      4642
      4646
      4650
      4656
      4662
      4668
      4674
      4679
      4684
      4690
      4696
      4702
      4708
      4714
      4719
      4724
      4729
      4734
      4739
      4744
      4748
      4753
      4759
      4764
      4770
      4776
      4782
      4788
      4794
      4800
      4806
      4811
      4816
      4821
      4826
      4832
      4838
      4844
      4849
      4855
      4861
      4866
      4872
      4877
      4881
      4886
      4891
      4897
      4902
      4907
      4913
      4919
      4925
      4931
      4937
      4943
      4949
      4955
      4961
      4967
      4973
      4977
      4982
      4987
      4992
      4997
      5003
      5009
      5015
      5021
      5027
      5032
      5037
      5043
      5049
      5055
      5061
      5067
      5072
      5077
      5082
      5088
      5094
      5100
      5106
      5112
      5118
      5124
      5129
      5134
      5139
      5144
      5149
      5154
      5159
      5165
      5171
      5177
      5183
      5189
      5195
      5201
      5207
      5213
      5219
      5225
      5231
      5237
      5243
      5249
      5254
      5259
      5264
      5269
      5275
      5281
      5287
      5292
      5298
      5303
      5309
      5314
      5320
      5326
      5332
      5338
      5344
      5350
      5356
      5362
      5368
      5373
      5378
      5384
      5390
      5396
      5401
      5407
      5413
      5419
      5425
      5430
      5436
      5442
      5448
      5454
      5460
      5466
      5472
      5478
      5484
      5489
      5495
      5501
      5507
      5513
      5519
      5525
      5531
      5537
      5543
      5549
      5555
      5561
      5567
      5573
      5579
      5585
      5591
      5597
      5603
      5609
      5615
      5621
      5627
      5633
      5638
      5643
      5649
      5655
      5661
      5667
      5672
      5677
      5682
      5688
      5694
      5700
      5706
      5712
      5718
      5724
      5730
      5736
      5742
      5748
      5754
      5760
      5766
      5772
      5778
      5784
      5790
      5796
      5801
      5806
      5811
      5817
      5823
      5829
      5835
      5841
      5847
      5853
      5859
      5865
      5871
      5877
      5883
      5889
      5895
      5901
      5907
      5913
      5919
      5925
      5931
      5937
      5943
      5949
      5955
      5961
      5967
      5973
      5979
      5985
      5991
      5997
      6003
      6009
      6015
      6021
      6027
      6033
      6039
      6045
      6051
      6057
      6063
      6069
      6075
      6081
      6087
      6093
      6099
      6105
      6111
      6117
      6123
      6129
      6135
      6141
      6147
      6153
      6159
      6165
      6171
      6177
      6183
      6189
      6195
      6201
      6206
      6212
      6218
      6224
      6230
      6236
      6242
      6248
      6253
      6258
      6264
      6270
      6275
      6280
      6286
      6292
      6298
      6303
      6308
      6313
      6318
      6322
      6326
      6332
      6338
      6343
      6348
      6353
      6358
      6362
      6367
      6373
      6379
      6385
      6391
      6397
      6402
      6407
      6412
      6417
      6423
      6428
      6433
      6437
      6443
      6449
      6455
      6461
      6467
      6472
      6477
      6482
      6488
      6494
      6500
      6506
      6512
      6518
      6524
      6529
      6534
      6539
      6544
      6549
      6554
      6560
      6566
      6572
      6578
      6584
      6590
      6596
      6602
      6607
      6612
      6618
      6624
      6629
      6634
      6640
      6646
      6652
      6658
      6664
      6670
      6676
      6682
      6688
      6694
      6700
      6706
      6712
      6717
      6722
      6727
      6733
      6739
      6745
      6751
      6757
      6763
      6769
      6775
      6781
      6787
      6793
      6799
      6805
      6810
      6815
      6820
      6825
      6831
      6837
      6843
      6849
      6855
      6861
      6867
      6873
      6879
      6885
      6891
      6897
      6903
      6909
      6915
      6921
      6927
      6933
      6939
      6944
      6949
      6954
      6959
      6964
      6970
      6976
      6982
      6988
      6994
      7000
      7006
      7012
      7018
      7024
      7030
      7036
      7042
      7048
      7054
      7060
      7066
      7072
      7078
      7084
      7089
      7094
      7099
      7103
      7107
      7111
      7114
      7120
      7125
      7130
      7135
      7139
      7143
      7147
      7151
      7157
      7163
      7169
      7174
      7179
      7184
      7189
      7194
      7198
      7203
      7207
      7212
      7216
      7222
      7228
      7234
      7239
      7244
      7249
      7254
      7259
      7264
      7270
      7276
      7282
      7288
      7294
      7300
      7306
      7312
      7318
      7323
      7328
      7333
      7338
      7342
      7347
      7352
      7357
      7362
      7367
      7373
      7378
      7384
      7390
      7395
      7400
      7405
      7410
      7416
      7421
      7426
      7432
      7438
      7443
      7448
      7453
      7459
      7465
      7471
      7477
      7483
      7489
      7495
      7501
      7507
      7511
      7516
      7521
      7526
      7531
      7536
      7541
      7547
      7553
      7559
      7565
      7571
      7577
      7583
      7589
      7594
      7599
      7604
      7610
      7616
      7622
      7628
      7634
      7640
      7646
      7652
      7658
      7662
      7667
      7672
      7677
      7682
      7687
      7692
      7697
      7703
      7709
      7715
      7721
      7727
      7733
      7739
      7745
      7751
      7757
      7763
      7769
      7775
      7781
      7787
      7793
      7799
      7805
      7811
      7817
      7823
      7829
      7835
      7840
      7846
      7851
      7857
      7863
      7869
      7875
      7881
      7887
      7892
      7897
      7903
      7909
      7915
      7919
      7925
      7931
      7936
      7942
      7948
      7954
      7960
      7966
      7972
      7978
      7984
      7989
      7995
      8000
      8006
      8011
      8016
      8022
      8028
      8033
      8039
      8045
      8051
      8056
      8062
      8068
      8074
      8080
      8086
      8092
      8098
      8104
      8110
      8115
      8120
      8126
      8132
      8138
      8144
      8150
      8156
      8162
      8168
      8174
      8180
      8186
      8191
      8197
      8203
      8209
      8215
      8221
      8226
      8232
      8238
      8244
      8250
      8256
      8261
      8267
      8272
      8278
      8284
      8290
      8295
      8301
      8307
      8313
      8318
      8324
      8328
      8334
      8340
      8346
      8352
      8358
      8363
      8369
      8374
      8379
      8384
      8390
      8395
      8400
      8406
      8412
      8418
      8423
      8429
      8435
      8441
      8447
      8452
      8458
      8464
      8469
      8475
      8481
      8487
      8493
      8499
      8504
      8510
      8516
      8522
      8528
      8533
      8539
      8545
      8551
      8556
      8562
      8568
      8574
      8580
      8585
      8591
      8597
      8603
      8609
      8615
      8620
      8626
      8632
      8638
      8643
      8648
      8652
      8658
      8664
      8670
      8676
      8682
      8687
      8693
      8698
      8703
      8709
      8715
      8721
      8727
      8733
      8739
      8745
      8751
      8757
      8763
      8769
      8775
      8781
      8787
      8792
      8798
      8804
      8810
      8816
      8822
      8828
      8833
      8838
      8843
      8848
      8853
      8859
      8865
      8870
      8876
      8882
      8888
      8893
      8898
      8903
      8909
      8915
      8921
      8927
      8933
      8939
      8944
      8949
      8954
      8959
      8964
      8970
      8976
      8981
      8987
      8993
      8999
      9005
      9010
      9016
      9021
      9027
      9032
      9038
      9044
      9050
      9056
      9062
      9067
      9072
      9078
      9084
      9090
      9096
      9102
      9108
      9114
      9120
      9126
      9132
      9138
      9144
      9150
      9156
      9162
      9168
      9174
      9180
      9186
      9192
      9198
      9204
      9210
      9216
      9222
      9228
      9234
      9239
      9244
      9250
      9255
      9261
      9267
      9273
      9279
      9285
      9291
      9297
      9303
      9309
      9315
      9321
      9327
      9333
      9339
      9345
      9351
      9356
      9362
      9368
      9374
      9380
      9386
      9392
      9398
      9404
      9410
      9415
      9420
      9425
      9431
      9437
      9443
      9449
      9455
      9461
      9467
      9472
      9477
      9482
      9487
      9493
      9499
      9505
      9511
      9517
      9523
      9529
      9535
      9541
      9547
      9553
      9559
      9565
      9571
      9577
      9583
      9589
      9594
      9599
      9604
      9609
      9614
      9620
      9626
      9632
      9638
      9644
      9650
      9656
      9662
      9668
      9674
      9680
      9686
      9692
      9698
      9704
      9710
      9716
      9722
      9728
      9734
      9740
      9746
      9752
      9758
      9764
      9770
      9776
      9782
      9788
      9794
      9800
      9806
      9812
      9818
      9824
      9830
      9836
      9842
      9848
      9854
      9860
      9866
      9871
      9876
      9881
      9886
      9892
      9898
      9903
      9908
      9914
      9920
      9925
      9930
      9936
      9942
      9947
      9952
      9958
      9964
      9970
      9976
      9981
      9986
      9991
      9997
     10003
     10009
     10015
     10021
     10026
     10032
     10038
     10044
     10049
     10055
     10061
     10067
     10073
     10079
     10084
     10090
     10096
     10102
     10108
     10114
     10120
     10126
     10131
     10137
     10143
     10149
     10154
     10160
     10166
     10171
     10177
     10183
     10189
     10195
     10201
     10207
     10213
     10219
     10225
     10231
     10237
     10242
     10247
     10253
     10259
     10265
     10271
     10277
     10283
     10289
     10295
     10301
     10307
     10313
     10319
     10325
     10331
     10336
     10341
     10346
     10352
     10358
     10364
     10370
     10376
     10382
     10388
     10394
     10400
     10405
     10410
     10415
     10420
     10426
     10431
     10436
     10441
     10447
     10453
     10459
     10465
     10471
     10477
     10483
     10489
     10495
     10501
     10507
     10513
     10519
     10525
     10531
     10537
     10543
     10549
     10555
     10561
     10567
     10573
     10579
     10585
     10591
     10597
     10603
     10609
     10615
     10621
     10627
     10633
     10639
     10645
     10651
     10657
     10663
     10668
     10673
     10678
     10683
     10688
     10694
     10700
     10706
     10712
     10718
     10724
     10730
     10736
     10742
     10748
     10754
     10760
     10766
     10772
     10778
     10784
     10790
     10796
     10802
     10808
     10814
     10820
     10826
     10832
     10838
     10844
     10850
     10856
     10862
     10868
     10874
     10880
     10886
     10891
     10897
     10902
     10908
     10914
     10920
     10926
     10932
     10938
     10944
     10949
     10955
     10961
     10966
     10972
     10978
     10984
     10990
     10996
     11002
     11008
     11013
     11018
     11024
     11030
     11036
     11042
     11048
     11054
     11060
     11066
     11071
     11077
     11083
     11089
     11094
     11100
     11105
     11111
     11117
     11123
     11129
     11135
     11140
     11146
     11152
     11158
     11164
     11170
     11176
     11182
     11188
     11194
     11200
     11206
     11212
     11218
     11224
     11230
     11236
     11242
     11248
     11254
     11260
     11266
     11272
     11278
     11284
     11290
     11296
     11302
     11308
     11314
     11320
     11326
     11332
     11338
     11344
     11350
     11356
     11362
     11368
     11374
     11380
     11386
     11392
     11398
     11404
     11410
     11416
     11422
     11428
     11434
     11440
     11446
     11452
     11458
     11464
     11470
     11476
     11482
     11488
     11494
     11500
     11506
     11512
     11518
     11524
     11530
     11536
     11542
     11548
     11554
     11560
     11566
     11572
     11578
     11584
     11590
     11596
     11602
     11608
     11614
     11620
     11626
     11632
     11638
     11644
     11650
     11656
     11662
     11668
     11674
     11680
     11686
     11692
     11698
     11704
     11710
     11716
     11722
     11728
     11734
     11740
     11746
     11752
     11758
     11764
     11770
     11776
     11782
     11788
     11794
     11800
     11806
     11812
     11818
     11824
     11830
     11836
     11842
     11848
     11854
     11860
     11866
     11872
     11878
     11884
     11890
     11896
     11902
     11908
     11914
     11920
     11926
     11932
     11938
     11944
     11950
     11956
     11962
     11968
     11974
     11980
     11986
     11992
     11998
     12004
     12010
     12016
     12022
     12028
     12034
     12040
     12046
     12052
     12058
     12064
     12070
     12076
     12082
     12088
     12094
     12100
     12106
     12112
     12118
     12124
     12130
     12136
     12142
     12148
     12154
     12160
     12166
     12172
     12178
     12184
     12190
     12196
     12202
     12208
     12214
     12220
     12226
     12232
     12238
     12244
     12250
     12256
     12262
     12268
     12274
     12280
     12286
     12292
     12298
     12304
     12310
     12316
     12322
     12328
     12334
     12340
     12346
     12352
     12358
     12364
     12370
     12376
     12382
     12388
     12394
     12400
     12406
     12412
     12418
     12424
     12430
     12436
     12442
     12448
     12454
     12460
     12466
     12472
     12478
     12484
     12490
     12496
     12502
     12508
     12514
     12520
     12526
     12532
     12538
     12544
     12550
     12556
     12562
     12568
     12574
     12580
     12586
     12592
     12598
     12604
     12610
     12616
     12622
     12628
     12634
     12640
     12646
     12652
     12658
     12664
     12670
     12676
     12682
     12688
     12694
     12700
     12706
     12712
     12718
     12724
     12730
     12736
     12742
     12748
     12754
     12760
     12766
     12772
     12778
     12784
     12790
     12796
     12802
     12808
     12814
     12820
     12826
     12832
     12838
     12844
     12850
     12856
     12862
     12868
     12874
     12880
     12886
     12892
     12898
     12904
     12910
     12916
     12922
     12928
     12934
     12940
     12946
     12952
     12958
     12964
     12970
     12976
     12982
     12988
     12994
     13000
     13006
     13012
     13018
     13024
     13030
     13036
     13042
     13048
     13054
     13060
     13066
     13072
     13078
     13084
     13090
     13096
     13102
     13108
     13114
     13120
     13126
     13132
     13138
     13144
     13150
     13156
     13162
     13168
     13174
     13180
     13186
     13192
     13198
     13204
     13210
     13216
     13222
     13228
     13234
     13240
     13246
     13252
     13258
     13264
     13270
     13276
     13282
     13288
     13294
     13300
     13306
     13312
     13318
     13324
     13330
     13336
     13342
     13348
     13354
     13360
     13366
     13372
     13378
     13384
     13390
     13396
     13402
     13408
     13414
     13420
     13426
     13432
     13438
     13444
     13450
     13456
     13462
     13468
     13474
     13480
     13486
     13492
     13497
     13502
     13507
     13512
     13518
     13524
     13530
     13536
     13541
     13546
     13551
     13556
     13562
     13568
     13574
     13580
     13586
     13592
     13597
     13602
     13608
     13614
     13619
     13624
     13630
     13635
     13641
     13646
     13652
     13657
     13663
     13669
     13675
     13681
     13687
     13693
     13698
     13704
     13710
     13716
     13722
     13728
     13734
     13740
     13746
     13751
     13756
     13762
     13768
     13774
     13780
     13786
     13792
     13798
     13804
     13810
     13816
     13822
     13828
     13834
     13840
     13846
     13852
     13858
     13864
     13870
     13876
     13882
     13888
     13893
     13898
     13904
     13910
     13916
     13922
     13928
     13934
     13940
     13946
     13952
     13958
     13964
     13970
     13976
     13982
     13988
     13994
     14000
     14006
     14012
     14018
     14024
     14030
     14035
     14041
     14047
     14053
     14059
     14065
     14071
     14077
     14083
     14089
     14095
     14101
     14107
     14113
     14119
     14125
     14131
     14137
     14143
     14149
     14155
     14161
     14166
     14171
     14176
     14181
     14186
     14191
     14196
     14202
     14208
     14214
     14220
     14226
     14232
     14238
     14244
     14250
     14256
     14262
     14268
     14274
     14280
     14286
     14292
     14298
     14304
     14309
     14314
     14319
     14324
     14330
     14336
     14342
     14348
     14353
     14358
     14363
     14368
     14374
     14380
     14386
     14392
     14398
     14404
     14409
     14414
     14419
     14425
     14431
     14436
     14441
     14447
     14453
     14458
     14463
     14469
     14475
     14481
     14487
     14492
     14497
     14502
     14508
     14514
     14520
     14526
     14532
     14538
     14544
     14550
     14556
     14562
     14567
     14572
     14578
     14584
     14589
     14594
     14600
     14606
     14612
     14618
     14624
     14630
     14635
     14641
     14647
     14653
     14659
     14664
     14669
     14674
     14679
     14684
     14689
     14694
     14700
     14706
     14712
     14718
     14724
     14730
     14736
     14742
     14748
     14754
     14760
     14766
     14772
     14778
     14784
     14790
     14796
     14802
     14808
     14814
     14820
     14826
     14832
     14838
     14844
     14850
     14856
     14862
     14868
     14874
     14880
     14886
     14892
     14898
     14904
     14910
     14916
     14922
     14928
     14934
     14940
     14946
     14952
     14958
     14964
     14970
     14976
     14982
     14988
     14993
     14998
     15003
     15008
     15013
     15019
     15025
     15031
     15037
     15043
     15049
     15055
     15061
     15067
     15073
     15079
     15085
     15091
     15097
     15103
     15109
     15115
     15121
     15127
     15133
     15139
     15145
     15151
     15157
     15163
     15169
     15175
     15181
     15187
     15193
     15199
     15205
     15211
     15217
     15223
     15229
     15235
     15241
     15247
     15253
     15259
     15265
     15271
     15277
     15283
     15289
     15295
     15300
     15306
     15312
     15318
     15323
     15329
     15335
     15341
     15347
     15353
     15359
     15365
     15371
     15377
     15382
     15388
     15394
     15400
     15406
     15412
     15418
     15424
     15429
     15435
     15441
     15446
     15452
     15458
     15463
     15469
     15474
     15480
     15486
     15492
     15498
     15504
     15510
     15516
     15522
     15528
     15534
     15540
     15546
     15552
     15558
     15564
     15570
     15576
     15582
     15588
     15594
     15600
     15606
     15612
     15618
     15624
     15630
     15636
     15642
     15648
     15654
     15660
     15666
     15672
     15678
     15684
     15690
     15696
     15702
     15708
     15714
     15720
     15726
     15732
     15738
     15744
     15750
     15756
     15762
     15768
     15774
     15780
     15786
     15792
     15798
     15804
     15810
     15816
     15822
     15828
     15834
     15840
     15846
     15852
     15858
     15864
     15870
     15876
     15882
     15888
     15894
     15900
     15906
     15912
     15918
     15924
     15930
     15936
     15942
     15948
     15954
     15960
     15966
     15972
     15978
     15984
     15990
     15996
     16002
     16008
     16014
     16020
     16026
     16032
     16038
     16044
     16050
     16056
     16062
     16068
     16074
     16080
     16086
     16092
     16098
     16104
     16110
     16116
     16122
     16128
     16134
     16140
     16146
     16152
     16158
     16164
     16170
     16176
     16182
     16188
     16194
     16200
     16206
     16212
     16218
     16224
     16230
     16236
     16242
     16248
     16254
     16260
     16266
     16272
     16278
     16284
     16290
     16296
     16302
     16308
     16314
     16320
     16326
     16332
     16338
     16344
     16350
     16356
     16362
     16368
     16374
     16380
     16386
     16392
     16398
     16404
     16410
     16416
     16422
     16428
     16434
     16440
     16446
     16452
     16458
     16464
     16470
     16476
     16482
     16488
     16494
     16500
     16506
     16512
     16518
     16524
     16530
     16536
     16542
     16548
     16554
     16560
     16566
     16572
     16578
     16584
     16590
     16596
     16602
     16608
     16614
     16620
     16626
     16632
     16638
     16644
     16650
     16656
     16662
     16668
     16674
     16680
     16686
     16692
     16698
     16704
     16710
     16716
     16722
     16728
     16734
     16740
     16746
     16752
     16758
     16764
     16770
     16776
     16782
     16788
     16794
     16800
     16806
     16812
     16818
     16824
     16830
     16836
     16842
     16848
     16854
     16860
     16866
     16872
     16878
     16884
     16890
     16896
     16902
     16908
     16914
     16920
     16926
     16932
     16938
     16944
     16950
     16956
     16962
     16968
     16974
     16980
     16986
     16992
     16998
     17004
     17010
     17016
     17022
     17028
     17034
     17040
     17046
     17052
     17058
     17064
     17070
     17076
     17082
     17088
     17094
     17100
     17106
     17112
     17118
     17124
     17130
     17136
     17142
     17148
     17154
     17160
     17166
     17172
     17178
     17184
     17190
     17196
     17202
     17208
     17214
     17220
     17226
     17232
     17238
     17244
     17250
     17256
     17262
     17268
     17274
     17280
     17286
     17292
     17298
     17304
     17310
     17316
     17322
     17328
     17334
     17340
     17346
     17352
     17358
     17364
     17370
     17376
     17382
     17388
     17394
     17400
     17406
     17412
     17418
     17424
     17430
     17436
     17442
     17448
     17454
     17460
     17466
     17472
     17478
     17484
     17490
     17496
     17502
     17508
     17514
     17520
     17526
     17532
     17538
     17544
     17550
     17556
     17562
     17568
     17574
     17580
     17586
     17592
     17598
     17604
     17610
     17616
     17622
     17628
     17634
     17640
     17646
     17652
     17658
     17664
     17670
     17676
     17682
     17688
     17694
     17700
     17706
     17712
     17718
     17724
     17730
     17736
     17742
     17748
     17754
     17760
     17766
     17772
     17778
     17784
     17790
     17796
     17802
     17808
     17814
     17820
     17826
     17832
     17838
     17844
     17850
     17856
     17862
     17868
     17874
     17880
     17886
     17892
     17898
     17904
     17910
     17916
     17922
     17928
     17934
     17940
     17946
     17952
     17958
     17964
     17970
     17976
     17982
     17988
     17994
     18000
     18006
     18012
     18018
     18024
     18030
     18036
     18042
     18048
     18054
     18060
     18066
     18072
     18078
     18084
     18090
     18096
     18102
     18108
     18114
     18120
     18126
     18132
     18138
     18144
     18150
     18156
     18162
     18168
     18174
     18180
     18186
     18192
     18198
     18204
     18210
     18216
     18222
     18228
     18234
     18240
     18246
     18251
     18257
     18263
     18269
     18275
     18281
     18287
     18293
     18299
     18305
     18311
     18317
     18323
     18328
     18334
     18340
     18346
     18352
     18358
     18364
     18370
     18376
     18382
     18388
     18394
     18400
     18406
     18411
     18417
     18423
     18429
     18435
     18441
     18447
     18453
     18459
     18465
     18471
     18477
     18483
     18489
     18494
     18500
     18506
     18512
     18517
     18522
     18528
     18534
     18540
     18545
     18551
     18557
     18563
     18569
     18574
     18580
     18586
     18592
     18598
     18604
     18610
     18616
     18622
     18628
     18634
     18640
     18646
     18652
     18658
     18664
     18670
     18676
     18682
     18688
     18694
     18700
     18706
     18712
     18718
     18723
     18729
     18735
     18741
     18747
     18753
     18759
     18765
     18771
     18777
     18783
     18789
     18795
     18801
     18807
     18813
     18818
     18824
     18830
     18836
     18842
     18848
     18854
     18860
     18865
     18870
     18876
     18882
     18888
     18894
     18900
     18906
     18912
     18917
     18923
     18929
     18935
     18941
     18947
     18952
     18958
     18964
     18970
     18976
     18982
     18988
     18994
     19000
     19006
     19012
     19018
     19024
     19030
     19036
     19042
     19048
     19054
     19060
     19066
     19072
     19078
     19084
     19090
     19096
     19102
     19108
     19114
     19120
     19125
     19131
     19137
     19143
     19149
     19155
     19161
     19167
     19172
     19178
     19184
     19190
     19196
     19202
     19207
     19213
     19219
     19225
     19231
     19237
     19243
     19249
     19255
     19261
     19267
     19273
     19279
     19285
     19291
     19297
     19303
     19309
     19315
     19321
     19327
     19333
     19339
     19345
     19350
     19355
     19361
     19367
     19373
     19379
     19384
     19390
     19396
     19401
     19406
     19412
     19418
     19424
     19430
     19435
     19441
     19447
     19452
     19458
     19464
     19469
     19475
     19481
     19487
     19493
     19499
     19505
     19511
     19517
     19523
     19529
     19535
     19541
     19547
     19552
     19558
     19564
     19570
     19576
     19582
     19587
     19593
     19598
     19604
     19610
     19616
     19622
     19628
     19634
     19640
     19646
     19652
     19657
     19663
     19669
     19675
     19681
     19687
     19693
     19699
     19705
     19711
     19717
     19723
     19729
     19734
     19740
     19746
     19752
     19758
     19764
     19770
     19776
     19782
     19788
     19794
     19800
     19806
     19812
     19818
     19824
     19830
     19836
     19842
     19848
     19854
     19860
     19866
     19872
     19878
     19884
     19890
     19896
     19902
     19908
     19914
     19920
     19926
     19932
     19938
     19944
     19948
     19951
     19954
     19957
     19960
     19964
     19969
     19972
     19976
     19980
     19983
     19987
     19991
     19995
     19999
     20003
     20007
     20011
     20015
     20019
     20024
     20027
     20032
     20036
     20040
     20044
     20048
     20052
     20056
     20060
     20064
     20068
     20072
     20076
     20079
     20083
     20087
     20091
     20095
     20099
     20103
     20107
     20111
     20115
     20119
     20123
     20128
     20133
     20138
     20143
     20147
     20151
     20157
     20161
     20167
     20171
     20177
     20180
     20186
     20190
     20195
     20200
     20206
     20211
     20215
     20220
     20225
     20230
     20234
     20239
     20244
     20249
     20254
     20259
     20264
     20269
     20275
     20280
     20285
     20291
     20295
     20300
     20306
     20310
     20315
     20320
     20325
     20330
     20334
     20339
     20345
     20350
     20354
     20359
     20364
     20369
     20374
     20379
     20384
     20389
     20394
     20399
     20403
     20408
     20413
     20418
     20423
     20428
     20433
     20436
     20440
     20444
     20448
     20452
     20455
     20460
     20463
     20468
     20473
     20479
     20485
     20491
     20497
     20502
     20507
     20511
     20516
     20520
     20525
     20531
     20536
     20540
     20545
     20550
     20555
     20560
     20564
     20569
     20575
     20580
     20584
     20589
     20594
     20599
     20604
     20608
     20613
     20619
     20624
     20628
     20633
     20638
     20643
     20648
     20651
     20655
     20660
     20664
     20667
     20673
     20679
     20684
     20689
     20694
     20699
     20704
     20709
     20713
     20718
     20723
     20728
     20732
     20736
     20739
     20744
     20749
     20753
     20758
     20763
     20767
     20772
     20777
     20781
     20784
     20787
     20793
     20797
     20802
     20807
     20811
     20815
     20819
     20823
     20827
     20831
     20836
     20842
     20846
     20852
     20856
     20861
     20866
     20871
     20876
     20881
     20887
     20890
     20896
     20900
     20906
     20910
     20916
     20920
     20926
     20932
     20935
     20941
     20946
     20951
     20956
     20962
     20966
     20972
     20976
     20982
     20986
     20992
     20997
     21002
     21007
     21012
     21018
     21022
     21027
     21032
     21037
     21042
     21047
     21052
     21057
     21062
     21067
     21072
     21078
     21082
     21087
     21092
     21097
     21102
     21107
     21112
     21118
     21121
     21127
     21131
     21137
     21142
     21147
     21152
     21157
     21162
     21167
     21172
     21177
     21182
     21187
     21192
     21197
     21202
     21207
     21212
     21217
     21222
     21227
     21232
     21237
     21242
     21247
     21252
     21258
     21264
     21268
     21272
     21277
     21282
     21288
     21294
     21298
     21302
     21307
     21312
     21317
     21322
     21327
     21332
     21337
     21342
     21346
     21351
     21356
     21361
     21366
     21370
     21375
     21380
     21385
     21390
     21394
     21399
     21404
     21409
     21414
     21419
     21423
     21428
     21433
     21438
     21443
     21448
     21453
     21457
     21462
     21467
     21472
     21477
     21482
     21487
     21491
     21496
     21501
     21506
     21511
     21516
     21521
     21525
     21530
     21535
     21540
     21546
     21552
     21558
     21563
     21569
     21575
     21581
     21587
     21592
     21595
     21599
     21603
     21606
     21610
     21615
     21620
     21626
     21632
     21638
     21643
     21649
     21655
     21661
     21665
     21670
     21675
     21680
     21685
     21689
     21694
     21700
     21706
     21710
     21715
     21720
     21725
     21730
     21734
     21739
     21745
     21751
     21755
     21760
     21765
     21770
     21775
     21778
     21783
     21789
     21795
     21801
     21805
     21810
     21815
     21820
     21825
     21829
     21835
     21840
     21846
     21852
     21856
     21860
     21864
     21868
     21873
     21878
     21883
     21888
     21894
     21900
     21906
     21912
     21918
     21921
     21925
     21929
     21933
     21939
     21945
     21951
     21957
     21961
     21966
     21971
     21976
     21981
     21985
     21989
     21993
     21997
     22001
     22005
     22009
     22014
     22019
     22024
     22029
     22034
     22039
     22044
     22049
     22054
     22059
     22064
     22069
     22074
     22079
     22084
     22089
     22094
     22099
     22104
     22109
     22114
     22119
     22124
     22129
     22134
     22139
     22144
     22149
     22154
     22159
     22164
     22169
     22174
     22179
     22184
     22189
     22194
     22199
     22204
     22209
     22214
     22219
     22224
     22229
     22234
     22239
     22244
     22249
     22254
     22259
     22264
     22269
     22274
     22279
     22284
     22289
     22294
     22299
     22304
     22309
     22314
     22319
     22324
     22330
     22336
     22342
     22348
     22354
     22360
     22366
     22371
     22377
     22382
     22385
     22391
     22397
     22402
     22405
     22411
     22417
     22422
     22426
     22429
     22434
     22439
     22444
     22449
     22454
     22459
     22464
     22469
     22474
     22479
     22483
     22487
     22491
     22495
     22499
     22502
     22507
     22511
     22516
     22521
     22526
     22531
     22536
     22542
     22547
     22552
     22556
     22561
     22566
     22570
     22576
     22581
     22586
     22591
     22596
     22601
     22606
     22610
     22614
     22618
     22621
     22626
     22631
     22635
     22640
     22645
     22649
     22654
     22659
     22663
     22668
     22673
     22677
     22682
     22687
     22691
     22696
     22702
     22707
     22712
     22716
     22721
     22726
     22730
     22734
     22738
     22741
     22744
     22749
     22752
     22757
     22761
     22766
     22770
     22775
     22780
     22783
     22788
     22793
     22798
     22801
     22807
     22812
     22818
     22824
     22829
     22835
     22840
     22845
     22851
     22856
     22861
     22866
     22872
     22878
     22883
     22888
     22893
     22898
     22904
     22910
     22915
     22920
     22925
     22930
     22935
     22940
     22944
     22949
     22954
     22959
     22963
     22967
     22971
     22975
     22978
     22984
     22989
     22994
     22999
     23005
     23010
     23015
     23020
     23025
     23029
     23033
     23037
     23042
     23045
     23048
     23052
     23056
     23061
     23065
     23068
     23072
     23075
     23079
     23083
     23087
     23091
     23095
     23099
     23103
     23108
     23112
     23116
     23120
     23124
     23128
     23132
     23136
     23142
     23146
     23152
     23156
     23162
     23166
     23172
     23176
     23182
     23186
     23192
     23196
     23202
     23206
     23212
     23216
     23222
     23228
     23232
     23237
     23243
     23248
     23252
     23257
     23262
     23266
     23271
     23277
     23282
     23286
     23291
     23296
     23300
     23305
     23311
     23316
     23320
     23325
     23330
     23334
     23339
     23345
     23350
     23354
     23359
     23364
     23368
     23373
     23379
     23384
     23388
     23393
     23398
     23402
     23407
     23413
     23418
     23422
     23427
     23432
     23436
     23441
     23447
     23452
     23456
     23461
     23466
     23470
     23475
     23481
     23486
     23490
     23495
     23500
     23504
     23509
     23515
     23520
     23524
     23529
     23534
     23538
     23543
     23549
     23554
     23558
     23563
     23568
     23573
     23579
     23584
     23588
     23593
     23598
     23603
     23608
     23613
     23618
     23623
     23628
     23633
     23639
     23644
     23649
     23654
     23659
     23664
     23669
     23675
     23680
     23685
     23690
     23695
     23700
     23705
     23711
     23716
     23721
     23726
     23731
     23736
     23741
     23747
     23752
     23757
     23762
     23767
     23772
     23777
     23783
     23788
     23793
     23798
     23803
     23808
     23813
     23819
     23824
     23829
     23834
     23839
     23844
     23849
     23855
     23860
     23866
     23872
     23876
     23880
     23884
     23888
     23892
     23896
     23901
     23904
     23909
     23914
     23919
     23924
     23929
     23934
     23939
     23944
     23949
     23954
     23959
     23964
     23969
     23974
     23979
     23984
     23989
     23994
     23999
     24004
     24009
     24014
     24019
     24024
     24029
     24034
     24039
     24044
     24049
     24054
     24059
     24064
     24069
     24074
     24079
     24084
     24089
     24094
     24100
     24104
     24110
     24113
     24119
     24123
     24129
     24133
     24139
     24143
     24149
     24153
     24159
     24164
     24169
     24174
     24179
     24184
     24189
     24195
     24200
     24205
     24210
     24215
     24220
     24225
     24230
     24235
     24240
     24245
     24250
     24255
     24260
     24265
     24270
     24275
     24280
     24285
     24290
     24295
     24300
     24305
     24310
     24315
     24320
     24325
     24330
     24335
     24340
     24345
     24350
     24355
     24360
     24365
     24370
     24374
     24379
     24384
     24388
     24393
     24398
     24403
     24406
     24411
     24416
     24421
     24425
     24430
     24435
     24440
     24443
     24447
     24451
     24455
     24459
     24463
     24467
     24472
     24477
     24482
     24487
     24492
     24497
     24502
     24507
     24512
     24517
     24522
     24527
     24532
     24537
     24542
     24547
     24552
     24557
     24562
     24567
     24572
     24577
     24582
     24587
     24592
     24596
     24599
     24603
     24607
     24611
     24615
     24619
     24623
     24628
     24633
     24638
     24643
     24648
     24652
     24656
     24660
     24664
     24668
     24672
     24677
     24682
     24687
     24692
     24697
     24702
     24707
     24712
     24717
     24722
     24727
     24732
     24737
     24742
     24747
     24752
     24757
     24762
     24767
     24772
     24777
     24782
     24787
     24792
     24797
     24802
     24807
     24812
     24817
     24822
     24827
     24832
     24837
     24841
     24845
     24850
     24853
     24857
     24862
     24865
     24870
     24875
     24880
     24885
     24890
     24895
     24900
     24905
     24910
     24916
     24922
     24928
     24932
     24936
     24940
     24945
     24950
     24955
     24961
     24967
     24973
     24977
     24981
     24985
     24991
     24997
     25003
