         1
         7
        13
        19
        25
        30
        35
        40
        45
        51
        57
        62
        67
        73
        79
        85
        91
        97
       103
       109
       115
       120
       125
       130
       135
       141
       147
       153
       159
       165
       171
       177
       183
       189
       195
       200
       205
       211
       217
       223
       229
       235
       241
       247
       253
       259
       265
       271
       277
       283
       289
       295
       301
       307
       313
       319
       325
       331
       337
       343
       349
       355
       361
       367
       373
       379
       385
       391
       397
       403
       409
       415
       420
       425
       430
       436
       442
       448
       454
       460
       466
       472
       478
       484
       490
       496
       502
       507
       512
       517
       523
       529
       535
       541
       546
       551
       556
       562
       568
       574
       580
       586
       592
       598
       604
       610
       616
       622
       628
       634
       640
       646
       652
       658
       664
       670
       676
       682
       688
       694
       700
       706
       712
       718
       724
       730
       736
       742
       747
       753
       759
       765
       770
       775
       781
       787
       793
       798
       803
       809
       815
       821
       827
       832
       837
       842
       848
       854
       860
       865
       871
       876
       882
       888
       894
       899
       905
       911
       917
       922
       928
       934
       940
       946
       952
       958
       964
       969
       975
       981
       986
       992
       998
      1004
      1010
      1016
      1021
      1027
      1033
      1038
      1043
      1048
      1054
      1060
      1066
      1072
      1078
      1084
      1090
      1096
      1102
      1108
      1114
      1120
      1126
      1132
      1138
      1144
      1150
      1156
      1162
      1167
      1173
      1179
      1185
      1191
      1197
      1203
      1209
      1215
      1221
      1227
      1233
      1239
      1245
      1251
      1257
      1263
      1269
      1275
      1281
      1287
      1293
      1299
      1305
      1311
      1317
      1323
      1329
      1335
      1341
      1347
      1353
      1359
      1365
      1371
      1377
      1383
      1389
      1395
      1401
      1407
      1413
      1419
      1425
      1431
      1437
      1443
      1449
      1455
      1461
      1466
      1471
      1476
      1481
      1486
      1491
      1496
      1501
      1507
      1513
      1519
      1525
      1531
      1537
      1543
      1549
      1555
      1561
      1567
      1573
      1579
      1585
      1591
      1597
      1603
      1609
      1615
      1621
      1627
      1633
      1639
      1645
      1651
      1657
      1663
      1669
      1675
      1681
      1687
      1693
      1699
      1705
      1711
      1717
      1723
      1728
      1734
      1740
      1746
      1752
      1758
      1763
      1769
      1775
      1781
      1786
      1791
      1797
      1803
      1809
      1815
      1821
      1827
      1833
      1839
      1845
      1851
      1857
      1863
      1869
      1874
      1880
      1885
      1891
      1897
      1903
      1909
      1915
      1921
      1927
      1933
      1939
      1945
      1951
      1957
      1963
      1969
      1975
      1981
      1987
      1993
      1999
      2005
      2011
      2017
      2023
      2029
      2035
      2041
      2047
      2053
      2059
      2065
      2071
      2077
      2083
      2089
      2095
      2101
      2107
      2113
      2119
      2125
      2131
      2137
      2143
      2149
      2155
      2161
      2167
      2173
      2179
      2185
      2191
      2197
      2203
      2209
      2215
      2221
      2227
      2233
      2239
      2245
      2251
      2257
      2263
      2269
      2275
      2281
      2287
      2293
      2299
      2305
      2311
      2317
      2323
      2329
      2335
      2341
      2347
      2353
      2359
      2365
      2371
      2377
      2383
      2389
      2395
      2401
      2407
      2413
      2419
      2425
      2431
      2437
      2443
      2449
      2455
      2461
      2467
      2473
      2479
      2485
      2491
      2497
      2503
      2509
      2515
      2521
      2527
      2533
      2539
      2545
      2551
      2557
      2563
      2569
      2575
      2581
      2587
      2593
      2599
      2605
      2611
      2617
      2623
      2629
      2635
      2641
      2647
      2653
      2659
      2665
      2671
      2677
      2683
      2689
      2695
      2701
      2707
      2713
      2719
      2725
      2731
      2737
      2743
      2749
      2755
      2761
      2767
      2773
      2779
      2785
      2791
      2797
      2803
      2809
      2815
      2821
      2827
      2833
      2839
      2845
      2851
      2857
      2863
      2869
      2875
      2881
      2887
      2893
      2899
      2905
      2911
      2917
      2923
      2929
      2935
      2941
      2947
      2953
      2959
      2965
      2971
      2977
      2983
      2989
      2995
      3001
      3007
      3013
      3019
      3025
      3031
      3037
      3043
      3049
      3055
      3061
      3067
      3073
      3079
      3085
      3091
      3097
      3103
      3109
      3115
      3121
      3127
      3133
      3139
      3145
      3151
      3157
      3163
      3169
      3175
      3181
      3187
      3193
      3199
      3205
      3211
      3217
      3223
      3229
      3235
      3241
      3247
      3253
      3259
      3265
      3271
      3277
      3283
      3289
      3295
      3301
      3307
      3313
      3319
      3325
      3331
      3337
      3343
      3349
      3355
      3361
      3367
      3373
      3379
      3385
      3391
      3397
      3403
      3409
      3415
      3421
      3427
      3433
      3439
      3445
      3451
      3457
      3463
      3469
      3475
      3481
      3487
      3493
      3499
      3505
      3511
      3517
      3523
      3529
      3535
      3541
      3547
      3553
      3559
      3565
      3571
      3577
      3583
      3589
      3595
      3601
      3607
      3613
      3619
      3625
      3631
      3637
      3643
      3649
      3655
      3661
      3667
      3673
      3679
      3685
      3691
      3697
      3703
      3709
      3715
      3721
      3727
      3733
      3739
      3745
      3751
      3757
      3763
      3769
      3775
      3781
      3787
      3793
      3799
      3805
      3811
      3817
      3823
      3829
      3835
      3841
      3847
      3853
      3859
      3865
      3871
      3877
      3883
      3889
      3895
      3901
      3907
      3913
      3919
      3925
      3931
      3937
      3943
      3949
      3955
      3961
      3967
      3973
      3979
      3985
      3990
      3995
      4000
      4005
      4011
      4017
      4022
      4027
      4033
      4039
      4045
      4051
      4057
      4063
      4068
      4073
      4079
      4084
      4090
      4096
      4101
      4106
      4112
      4118
      4124
      4129
      4135
      4141
      4147
      4153
      4159
      4165
      4170
      4175
      4180
      4186
      4192
      4198
      4204
      4210
      4216
      4222
      4228
      4234
      4240
      4246
      4252
      4258
      4264
      4270
      4276
      4282
      4288
      4294
      4300
      4306
      4312
      4318
      4324
      4330
      4336
      4342
      4348
      4354
      4359
      4364
      4369
      4375
      4381
      4387
      4393
      4399
      4405
      4411
      4417
      4423
      4429
      4435
      4441
      4447
      4453
      4459
      4465
      4471
      4477
      4483
      4489
      4495
      4500
      4505
      4510
      4515
      4519
      4523
      4529
      4535
      4540
      4545
      4551
      4557
      4563
      4568
      4573
      4578
      4583
      4587
      4592
      4596
      4602
      4608
      4613
      4618
      4624
      4630
      4636
      4641
      4646
      4652
      4657
      4663
      4669
      4675
      4680
      4686
      4691
      4695
      4700
      4705
      4711
      4716
      4722
      4728
      4734
      4739
      4745
      4751
      4757
      4762
      4767
      4773
      4779
      4785
      4790
      4795
      4800
      4806
      4812
      4817
      4821
      4826
      4831
      4836
      4841
      4846
      4851
      4856
      4861
      4867
      4873
      4879
      4885
      4891
      4897
      4903
      4909
      4915
      4921
      4927
      4933
      4939
      4945
      4951
      4957
      4963
      4969
      4975
      4981
      4986
      4992
      4998
      5004
      5010
      5016
      5022
      5028
      5034
      5040
      5046
      5052
      5058
      5064
      5070
      5076
      5082
      5088
      5093
      5098
      5104
      5109
      5115
      5121
      5126
      5132
      5138
      5144
      5149
      5155
      5160
      5166
      5171
      5177
      5182
      5187
      5192
      5196
      5200
      5206
      5212
      5218
      5224
      5229
      5234
      5240
      5246
      5252
      5257
      5262
      5267
      5272
      5276
      5281
      5287
      5292
      5298
      5304
      5310
      5315
      5320
      5326
      5331
      5337
      5343
      5349
      5355
      5360
      5366
      5372
      5377
      5383
      5388
      5394
      5399
      5403
      5408
      5413
      5419
      5424
      5429
      5435
      5440
      5444
      5449
      5454
      5459
      5464
      5469
      5474
      5479
      5485
      5491
      5497
      5503
      5509
      5515
      5521
      5527
      5533
      5539
      5545
      5551
      5557
      5563
      5569
      5575
      5581
      5587
      5593
      5599
      5605
      5610
      5616
      5622
      5628
      5634
      5640
      5646
      5652
      5658
      5663
      5668
      5673
      5679
      5685
      5691
      5696
      5702
      5707
      5712
      5718
      5723
      5729
      5735
      5741
      5747
      5753
      5758
      5764
      5769
      5774
      5779
      5785
      5791
      5797
      5802
      5807
      5813
      5819
      5825
      5831
      5837
      5843
      5849
      5854
      5859
      5865
      5871
      5877
      5883
      5889
      5895
      5900
      5905
      5910
      5916
      5922
      5928
      5934
      5940
      5946
      5952
      5958
      5964
      5970
      5976
      5982
      5988
      5994
      6000
      6005
      6011
      6017
      6023
      6029
      6035
      6041
      6047
      6053
      6059
      6065
      6071
      6077
      6083
      6089
      6095
      6101
      6107
      6113
      6119
      6125
      6131
      6137
      6143
      6149
      6155
      6161
      6167
      6173
      6179
      6185
      6191
      6197
      6203
      6209
      6215
      6221
      6227
      6233
      6239
      6245
      6251
      6256
      6262
      6268
      6274
      6280
      6286
      6292
      6298
      6304
      6310
      6316
      6322
      6328
      6333
      6339
      6345
      6350
      6356
      6362
      6368
      6373
      6379
      6385
      6391
      6397
      6402
      6408
      6414
      6420
      6426
      6431
      6437
      6441
      6447
      6453
      6459
      6464
      6470
      6475
      6480
      6486
      6492
      6497
      6503
      6509
      6515
      6520
      6526
      6531
      6537
      6543
      6548
      6554
      6560
      6566
      6571
      6577
      6583
      6589
      6594
      6600
      6606
      6612
      6618
      6624
      6630
      6635
      6640
      6645
      6650
      6655
      6661
      6667
      6673
      6679
      6684
      6690
      6696
      6702
      6708
      6714
      6719
      6725
      6731
      6736
      6742
      6747
      6753
      6759
      6764
      6769
      6774
      6779
      6785
      6791
      6797
      6803
      6809
      6815
      6821
      6827
      6833
      6839
      6845
      6851
      6857
      6863
      6869
      6875
      6881
      6887
      6893
      6899
      6905
      6911
      6917
      6923
      6929
      6935
      6941
      6947
      6953
      6959
      6965
      6971
      6977
      6983
      6989
      6995
      7001
      7007
      7013
      7019
      7025
      7031
      7037
      7043
      7049
      7055
      7061
      7067
      7073
      7079
      7085
      7091
      7097
      7103
      7109
      7115
      7121
      7127
      7133
      7139
      7145
      7150
      7155
      7160
      7165
      7171
      7177
      7182
      7187
      7193
      7199
      7205
      7211
      7217
      7223
      7229
      7235
      7241
      7247
      7252
      7257
      7263
      7269
      7275
      7281
      7286
      7291
      7296
      7301
      7307
      7313
      7319
      7325
      7331
      7337
      7343
      7349
      7355
      7361
      7367
      7373
      7379
      7385
      7391
      7397
      7403
      7409
      7415
      7421
      7427
      7433
      7439
      7445
      7451
      7457
      7463
      7469
      7475
      7481
      7487
      7493
      7499
      7505
      7511
      7517
      7523
      7529
      7535
      7541
      7547
      7553
      7559
      7565
      7571
      7577
      7583
      7589
      7595
      7601
      7607
      7613
      7619
      7625
      7631
      7637
      7643
      7649
      7655
      7661
      7667
      7673
      7679
      7685
      7691
      7697
      7703
      7709
      7715
      7720
      7726
      7732
      7738
      7744
      7749
      7754
      7760
      7766
      7772
      7777
      7783
      7789
      7795
      7800
      7805
      7810
      7816
      7822
      7827
      7833
      7838
      7844
      7850
      7855
      7860
      7866
      7872
      7878
      7884
      7890
      7896
      7902
      7907
      7912
      7918
      7923
      7929
      7935
      7941
      7947
      7953
      7959
      7965
      7971
      7977
      7982
      7987
      7993
      7998
      8003
      8009
      8015
      8021
      8027
      8033
      8039
      8045
      8050
      8055
      8061
      8067
      8073
      8079
      8085
      8091
      8097
      8103
      8109
      8115
      8120
      8125
      8131
      8137
      8143
      8149
      8155
      8161
      8166
      8172
      8178
      8184
      8190
      8196
      8202
      8208
      8214
      8220
      8226
      8232
      8238
      8244
      8250
      8256
      8262
      8268
      8274
      8280
      8286
      8292
      8298
      8304
      8310
      8316
      8322
      8328
      8334
      8340
      8346
      8352
      8358
      8364
      8370
      8376
      8382
      8388
      8394
      8400
      8406
      8412
      8418
      8424
      8430
      8436
      8442
      8448
      8454
      8460
      8466
      8471
      8476
      8482
      8488
      8494
      8500
      8506
      8512
      8518
      8524
      8530
      8536
      8542
      8548
      8554
      8560
      8566
      8572
      8578
      8584
      8590
      8595
      8600
      8605
      8610
      8615
      8621
      8627
      8633
      8639
      8645
      8651
      8657
      8663
      8669
      8675
      8681
      8687
      8693
      8699
      8705
      8711
      8717
      8723
      8729
      8735
      8741
      8747
      8753
      8759
      8765
      8771
      8777
      8783
      8789
      8795
      8801
      8807
      8813
      8819
      8825
      8831
      8837
      8843
      8849
      8855
      8861
      8867
      8873
      8879
      8885
      8891
      8897
      8903
      8909
      8914
      8919
      8925
      8930
      8936
      8942
      8948
      8954
      8960
      8966
      8972
      8978
      8984
      8990
      8996
      9002
      9008
      9014
      9020
      9026
      9032
      9038
      9044
      9050
      9055
      9061
      9067
      9073
      9079
      9085
      9091
      9097
      9103
      9109
      9115
      9121
      9126
      9132
      9138
      9144
      9150
      9156
      9161
      9167
      9173
      9179
      9185
      9191
      9196
      9202
      9208
      9214
      9219
      9225
      9231
      9237
      9243
      9249
      9255
      9261
      9267
      9273
      9279
      9285
      9291
      9297
      9303
      9309
      9315
      9320
      9326
      9332
      9338
      9343
      9349
      9355
      9361
      9367
      9373
      9379
      9385
      9391
      9397
      9403
      9408
      9414
      9420
      9426
      9432
      9438
      9444
      9450
      9456
      9462
      9468
      9474
      9480
      9486
      9491
      9496
      9502
      9508
      9514
      9520
      9526
      9532
      9538
      9544
      9550
      9556
      9562
      9568
      9574
      9579
      9584
      9590
      9596
      9602
      9608
      9614
      9620
      9626
      9631
      9637
      9643
      9649
      9655
      9661
      9666
      9671
      9677
      9683
      9688
      9694
      9700
      9706
      9712
      9718
      9724
      9730
      9736
      9742
      9748
      9754
      9760
      9766
      9771
      9777
      9783
      9789
      9795
      9801
      9807
      9813
      9819
      9825
      9831
      9837
      9842
      9847
      9853
      9859
      9864
      9870
      9876
      9882
      9888
      9894
      9900
      9905
      9911
      9917
      9923
      9929
      9935
      9941
      9947
      9953
      9959
      9964
      9970
      9976
      9982
      9988
      9994
     10000
     10006
     10012
     10017
     10023
     10029
     10035
     10041
     10047
     10053
     10059
     10065
     10070
     10076
     10082
     10088
     10094
     10100
     10106
     10112
     10118
     10124
     10129
     10135
     10141
     10147
     10153
     10159
     10165
     10171
     10177
     10183
     10189
     10195
     10201
     10207
     10213
     10219
     10225
     10231
     10237
     10243
     10249
     10255
     10261
     10267
     10273
     10279
     10285
     10291
     10297
     10303
     10309
     10315
     10321
     10327
     10333
     10339
     10345
     10351
     10356
     10361
     10367
     10373
     10379
     10385
     10390
     10396
     10402
     10407
     10413
     10419
     10425
     10431
     10437
     10443
     10449
     10455
     10461
     10467
     10473
     10479
     10485
     10491
     10497
     10503
     10509
     10515
     10521
     10527
     10533
     10539
     10545
     10551
     10557
     10562
     10567
     10572
     10578
     10583
     10589
     10595
     10601
     10606
     10611
     10616
     10622
     10628
     10634
     10640
     10646
     10651
     10656
     10661
     10667
     10672
     10678
     10684
     10689
     10695
     10701
     10707
     10712
     10718
     10724
     10730
     10735
     10740
     10746
     10752
     10758
     10764
     10769
     10775
     10780
     10786
     10791
     10797
     10802
     10807
     10812
     10817
     10823
     10829
     10835
     10841
     10847
     10853
     10859
     10865
     10871
     10877
     10882
     10887
     10893
     10899
     10905
     10911
     10917
     10923
     10929
     10935
     10941
     10947
     10953
     10959
     10965
     10971
     10977
     10983
     10989
     10995
     11001
     11007
     11013
     11019
     11025
     11031
     11037
     11043
     11049
     11055
     11061
     11067
     11073
     11079
     11085
     11091
     11097
     11103
     11109
     11115
     11121
     11127
     11133
     11139
     11145
     11151
     11157
     11163
     11169
     11175
     11181
     11187
     11193
     11199
     11205
     11211
     11217
     11222
     11227
     11232
     11238
     11244
     11250
     11256
     11262
     11268
     11274
     11280
     11285
     11290
     11295
     11300
     11306
     11312
     11318
     11324
     11330
     11336
     11342
     11348
     11354
     11360
     11366
     11372
     11378
     11384
     11390
     11396
     11402
     11408
     11414
     11420
     11426
     11432
     11438
     11444
     11450
     11455
     11460
     11465
     11470
     11474
     11478
     11484
     11490
     11495
     11500
     11505
     11510
     11514
     11518
     11524
     11530
     11536
     11541
     11546
     11551
     11555
     11561
     11567
     11572
     11577
     11582
     11587
     11593
     11599
     11604
     11609
     11615
     11621
     11626
     11631
     11636
     11641
     11647
     11653
     11659
     11664
     11669
     11674
     11680
     11685
     11690
     11696
     11702
     11708
     11714
     11720
     11726
     11731
     11736
     11741
     11746
     11752
     11758
     11764
     11770
     11776
     11782
     11788
     11794
     11800
     11806
     11811
     11816
     11822
     11828
     11834
     11840
     11846
     11851
     11856
     11861
     11865
     11870
     11876
     11882
     11888
     11894
     11900
     11906
     11912
     11918
     11924
     11930
     11936
     11942
     11946
     11951
     11956
     11961
     11966
     11971
     11976
     11981
     11986
     11991
     11996
     12001
     12006
     12011
     12017
     12023
     12029
     12035
     12041
     12047
     12053
     12059
     12065
     12071
     12077
     12083
     12089
     12095
     12101
     12107
     12113
     12119
     12125
     12131
     12137
     12143
     12149
     12155
     12161
     12167
     12173
     12179
     12185
     12191
     12197
     12203
     12209
     12215
     12221
     12227
     12233
     12239
     12245
     12251
     12257
     12263
     12269
     12274
     12280
     12286
     12292
     12297
     12303
     12309
     12314
     12319
     12325
     12331
     12337
     12343
     12348
     12354
     12360
     12366
     12372
     12378
     12384
     12390
     12395
     12401
     12406
     12412
     12418
     12424
     12430
     12436
     12442
     12447
     12452
     12457
     12462
     12468
     12474
     12480
     12486
     12491
     12496
     12501
     12506
     12512
     12518
     12524
     12530
     12535
     12540
     12545
     12551
     12557
     12563
     12569
     12574
     12579
     12585
     12591
     12597
     12603
     12608
     12613
     12619
     12625
     12631
     12637
     12643
     12649
     12655
     12661
     12666
     12671
     12676
     12682
     12688
     12694
     12700
     12706
     12712
     12718
     12724
     12730
     12736
     12742
     12748
     12754
     12760
     12766
     12772
     12778
     12784
     12790
     12795
     12801
     12806
     12811
     12817
     12823
     12829
     12835
     12841
     12847
     12853
     12859
     12865
     12871
     12876
     12881
     12886
     12891
     12896
     12901
     12906
     12912
     12918
     12924
     12930
     12936
     12942
     12947
     12952
     12958
     12964
     12970
     12976
     12982
     12988
     12994
     13000
     13006
     13012
     13018
     13023
     13028
     13033
     13038
     13043
     13049
     13055
     13061
     13067
     13073
     13079
     13085
     13091
     13097
     13103
     13109
     13115
     13121
     13127
     13133
     13139
     13145
     13151
     13157
     13163
     13169
     13175
     13181
     13187
     13193
     13199
     13205
     13211
     13217
     13223
     13229
     13235
     13241
     13247
     13253
     13259
     13265
     13271
     13277
     13283
     13289
     13295
     13301
     13307
     13313
     13319
     13325
     13331
     13337
     13343
     13349
     13355
     13361
     13367
     13373
     13379
     13385
     13391
     13397
     13403
     13409
     13415
     13421
     13427
     13433
     13439
     13445
     13451
     13457
     13463
     13469
     13475
     13481
     13487
     13493
     13499
     13505
     13511
     13517
     13523
     13529
     13535
     13541
     13547
     13553
     13559
     13565
     13571
     13577
     13583
     13589
     13595
     13601
     13607
     13613
     13619
     13625
     13631
     13637
     13643
     13649
     13655
     13661
     13667
     13673
     13679
     13685
     13691
     13697
     13703
     13709
     13715
     13721
     13727
     13733
     13739
     13745
     13751
     13757
     13763
     13769
     13775
     13781
     13787
     13793
     13799
     13805
     13811
     13817
     13823
     13829
     13835
     13841
     13847
     13853
     13859
     13865
     13871
     13877
     13883
     13889
     13895
     13901
     13907
     13913
     13919
     13925
     13931
     13937
     13943
     13949
     13955
     13961
     13967
     13973
     13979
     13985
     13991
     13997
     14003
     14009
     14015
     14021
     14027
     14033
     14039
     14045
     14051
     14057
     14063
     14069
     14075
     14081
     14087
     14093
     14099
     14105
     14111
     14117
     14123
     14129
     14135
     14141
     14147
     14153
     14159
     14165
     14171
     14177
     14183
     14189
     14195
     14201
     14207
     14213
     14219
     14225
     14231
     14237
     14243
     14249
     14255
     14261
     14267
     14273
     14279
     14285
     14291
     14297
     14303
     14309
     14315
     14321
     14327
     14333
     14339
     14345
     14351
     14357
     14363
     14369
     14375
     14381
     14387
     14393
     14398
     14404
     14410
     14416
     14422
     14428
     14434
     14440
     14446
     14452
     14458
     14464
     14470
     14476
     14482
     14488
     14494
     14500
     14506
     14511
     14517
     14523
     14529
     14535
     14541
     14547
     14553
     14559
     14565
     14571
     14577
     14583
     14589
     14595
     14601
     14606
     14612
     14618
     14624
     14630
     14635
     14641
     14647
     14653
     14658
     14664
     14669
     14675
     14681
     14687
     14693
     14699
     14705
     14711
     14717
     14723
     14729
     14734
     14740
     14746
     14752
     14757
     14762
     14767
     14771
     14775
     14779
     14782
     14788
     14793
     14798
     14803
     14807
     14811
     14815
     14819
     14825
     14831
     14837
     14842
     14847
     14852
     14857
     14862
     14866
     14871
     14875
     14880
     14884
     14890
     14896
     14902
     14907
     14912
     14917
     14922
     14927
     14932
     14938
     14944
     14950
     14956
     14962
     14968
     14973
     14978
     14983
     14988
     14993
     14998
     15003
     15008
     15013
     15018
     15023
     15028
     15034
     15040
     15045
     15050
     15056
     15062
     15066
     15071
     15077
     15083
     15089
     15095
     15101
     15107
     15113
     15119
     15125
     15131
     15137
     15143
     15149
     15154
     15159
     15164
     15170
     15176
     15182
     15188
     15194
     15200
     15206
     15212
     15218
     15224
     15230
     15236
     15241
     15245
     15250
     15255
     15260
     15265
     15270
     15276
     15282
     15288
     15294
     15300
     15306
     15312
     15317
     15322
     15328
     15334
     15340
     15346
     15352
     15358
     15364
     15370
     15374
     15379
     15384
     15389
     15394
     15399
     15404
     15409
     15414
     15419
     15425
     15431
     15437
     15443
     15449
     15455
     15461
     15467
     15473
     15479
     15485
     15491
     15497
     15503
     15509
     15515
     15520
     15525
     15530
     15535
     15539
     15543
     15549
     15555
     15560
     15565
     15570
     15575
     15579
     15584
     15590
     15596
     15602
     15608
     15614
     15619
     15624
     15629
     15634
     15640
     15645
     15650
     15654
     15660
     15666
     15672
     15678
     15684
     15689
     15695
     15700
     15705
     15711
     15717
     15723
     15729
     15735
     15741
     15747
     15752
     15757
     15762
     15768
     15774
     15779
     15784
     15789
     15794
     15799
     15804
     15809
     15815
     15821
     15827
     15833
     15839
     15845
     15851
     15857
     15862
     15868
     15874
     15880
     15886
     15892
     15898
     15904
     15910
     15916
     15922
     15928
     15934
     15940
     15946
     15952
     15958
     15964
     15970
     15976
     15982
     15988
     15994
     16000
     16006
     16012
     16018
     16023
     16029
     16035
     16041
     16047
     16053
     16059
     16065
     16071
     16077
     16083
     16088
     16094
     16100
     16106
     16112
     16118
     16124
     16130
     16136
     16142
     16148
     16154
     16160
     16166
     16171
     16176
     16181
     16186
     16191
     16196
     16201
     16206
     16211
     16217
     16223
     16229
     16235
     16241
     16247
     16253
     16259
     16265
     16271
     16277
     16283
     16289
     16295
     16300
     16305
     16311
     16317
     16322
     16328
     16334
     16340
     16345
     16350
     16356
     16362
     16367
     16373
     16379
     16385
     16390
     16396
     16402
     16408
     16414
     16420
     16426
     16432
     16438
     16443
     16448
     16452
     16458
     16464
     16470
     16476
     16482
     16487
     16493
     16499
     16505
     16511
     16517
     16522
     16527
     16532
     16537
     16543
     16549
     16555
     16561
     16566
     16571
     16576
     16581
     16587
     16593
     16599
     16605
     16611
     16617
     16623
     16629
     16635
     16640
     16646
     16652
     16657
     16662
     16668
     16674
     16680
     16686
     16692
     16698
     16704
     16710
     16716
     16721
     16727
     16733
     16739
     16745
     16751
     16756
     16761
     16766
     16772
     16778
     16784
     16790
     16796
     16801
     16806
     16811
     16816
     16821
     16827
     16833
     16839
     16845
     16851
     16857
     16863
     16869
     16875
     16881
     16887
     16893
     16899
     16905
     16911
     16917
     16923
     16929
     16935
     16941
     16947
     16953
     16959
     16965
     16971
     16977
     16983
     16989
     16995
     17001
     17007
     17013
     17019
     17025
     17031
     17037
     17043
     17049
     17055
     17061
     17067
     17073
     17079
     17085
     17091
     17097
     17103
     17109
     17115
     17121
     17127
     17133
     17139
     17145
     17151
     17157
     17163
     17169
     17175
     17181
     17187
     17193
     17199
     17205
     17211
     17217
     17223
     17229
     17235
     17241
     17247
     17253
     17259
     17265
     17271
     17277
     17283
     17289
     17295
     17301
     17307
     17313
     17319
     17325
     17330
     17335
     17340
     17345
     17349
     17353
     17359
     17365
     17370
     17375
     17380
     17385
     17389
     17393
     17399
     17405
     17411
     17417
     17423
     17428
     17433
     17438
     17443
     17448
     17454
     17460
     17465
     17470
     17476
     17482
     17488
     17494
     17500
     17505
     17510
     17515
     17520
     17525
     17531
     17537
     17543
     17549
     17555
     17560
     17565
     17570
     17575
     17581
     17587
     17593
     17599
     17603
     17608
     17613
     17618
     17623
     17629
     17635
     17641
     17647
     17652
     17657
     17662
     17667
     17673
     17679
     17685
     17691
     17697
     17703
     17709
     17715
     17721
     17727
     17733
     17739
     17745
     17750
     17755
     17761
     17767
     17773
     17779
     17785
     17791
     17797
     17803
     17809
     17814
     17819
     17825
     17831
     17837
     17843
     17849
     17855
     17861
     17867
     17873
     17878
     17883
     17888
     17893
     17898
     17903
     17908
     17913
     17918
     17924
     17930
     17936
     17942
     17948
     17954
     17960
     17966
     17972
     17978
     17984
     17990
     17996
     18002
     18008
     18014
     18020
     18026
     18032
     18038
     18044
     18050
     18056
     18062
     18068
     18074
     18080
     18086
     18092
     18098
     18104
     18110
     18116
     18122
     18128
     18134
     18140
     18146
     18152
     18157
     18163
     18168
     18174
     18180
     18186
     18192
     18198
     18203
     18209
     18215
     18221
     18227
     18233
     18239
     18245
     18251
     18257
     18263
     18269
     18274
     18280
     18286
     18292
     18298
     18303
     18309
     18315
     18321
     18327
     18333
     18339
     18345
     18351
     18356
     18362
     18367
     18373
     18378
     18383
     18389
     18395
     18401
     18407
     18413
     18419
     18425
     18431
     18437
     18443
     18449
     18455
     18460
     18465
     18470
     18476
     18481
     18487
     18493
     18499
     18505
     18511
     18517
     18522
     18528
     18533
     18538
     18544
     18550
     18556
     18562
     18568
     18574
     18580
     18586
     18591
     18597
     18603
     18608
     18614
     18620
     18624
     18630
     18636
     18642
     18648
     18653
     18659
     18665
     18671
     18677
     18683
     18689
     18695
     18701
     18707
     18713
     18719
     18724
     18730
     18735
     18740
     18745
     18750
     18756
     18762
     18768
     18774
     18780
     18786
     18792
     18798
     18804
     18810
     18816
     18821
     18827
     18833
     18839
     18845
     18851
     18857
     18863
     18868
     18874
     18879
     18885
     18891
     18896
     18901
     18907
     18913
     18919
     18925
     18930
     18936
     18942
     18948
     18954
     18959
     18965
     18971
     18976
     18982
     18988
     18994
     19000
     19006
     19012
     19018
     19023
     19029
     19035
     19041
     19047
     19053
     19059
     19065
     19071
     19077
     19083
     19089
     19095
     19101
     19107
     19112
     19118
     19122
     19128
     19134
     19140
     19146
     19151
     19156
     19161
     19167
     19173
     19179
     19185
     19191
     19197
     19203
     19209
     19215
     19221
     19227
     19233
     19239
     19244
     19249
     19255
     19261
     19267
     19273
     19279
     19285
     19291
     19297
     19303
     19309
     19314
     19320
     19326
     19332
     19338
     19344
     19350
     19356
     19361
     19367
     19373
     19379
     19385
     19391
     19397
     19403
     19409
     19414
     19419
     19425
     19431
     19437
     19443
     19449
     19455
     19461
     19467
     19473
     19479
     19485
     19490
     19496
     19501
     19507
     19513
     19519
     19525
     19531
     19537
     19543
     19549
     19555
     19560
     19566
     19572
     19578
     19584
     19590
     19596
     19601
     19607
     19613
     19619
     19625
     19631
     19637
     19643
     19649
     19655
     19661
     19667
     19673
     19679
     19685
     19691
     19697
     19703
     19709
     19715
     19721
     19727
     19733
     19739
     19745
     19750
     19756
     19762
     19768
     19774
     19780
     19786
     19792
     19798
     19803
     19809
     19814
     19819
     19825
     19830
     19836
     19841
     19847
     19852
     19858
     19864
     19870
     19876
     19882
     19888
     19894
     19900
     19906
     19912
     19918
     19924
     19930
     19936
     19941
     19947
     19953
     19959
     19965
     19971
     19977
     19983
     19989
     19995
     19999
     20005
     20011
     20017
     20023
     20029
     20035
     20041
     20047
     20053
     20059
     20065
     20070
     20076
     20082
     20088
     20093
     20099
     20105
     20111
     20117
     20123
     20128
     20134
     20140
     20146
     20152
     20158
     20164
     20170
     20176
     20182
     20187
     20193
     20198
     20204
     20210
     20215
     20221
     20227
     20233
     20239
     20245
     20250
     20256
     20261
     20264
     20268
     20271
     20276
     20279
     20283
     20288
     20291
     20295
     20300
     20303
     20308
     20311
     20315
     20319
     20324
     20327
     20331
     20336
     20339
     20343
     20348
     20351
     20355
     20358
     20363
     20367
     20371
     20376
     20379
     20383
     20388
     20391
     20396
     20399
     20403
     20408
     20412
     20415
     20419
     20423
     20426
     20431
     20436
     20440
     20445
     20451
     20456
     20462
     20466
     20471
     20476
     20480
     20485
     20491
     20496
     20500
     20505
     20509
     20513
     20516
     20522
     20527
     20532
     20537
     20542
     20547
     20552
     20557
     20562
     20567
     20572
     20577
     20583
     20587
     20593
     20597
     20602
     20607
     20611
     20616
     20621
     20626
     20631
     20636
     20641
     20646
     20651
     20656
     20661
     20665
     20669
     20673
     20677
     20681
     20685
     20689
     20695
     20701
     20707
     20713
     20719
     20725
     20730
     20735
     20739
     20743
     20747
     20751
     20755
     20758
     20764
     20769
     20775
     20780
     20784
     20789
     20794
     20798
     20804
     20808
     20814
     20818
     20823
     20829
     20834
     20840
     20845
     20848
     20854
     20859
     20865
     20870
     20874
     20879
     20884
     20890
     20894
     20899
     20905
     20909
     20914
     20920
     20925
     20929
     20934
     20939
     20945
     20949
     20954
     20960
     20963
     20969
     20974
     20979
     20985
     20990
     20994
     20999
     21004
     21010
     21014
     21019
     21025
     21029
     21034
     21039
     21045
     21050
     21054
     21059
     21064
     21070
     21074
     21079
     21085
     21089
     21094
     21099
     21105
     21110
     21114
     21119
     21124
     21130
     21134
     21139
     21145
     21149
     21154
     21159
     21165
     21170
     21174
     21179
     21184
     21190
     21194
     21199
     21205
     21209
     21214
     21220
     21223
     21229
     21235
     21239
     21244
     21249
     21255
     21259
     21264
     21270
     21274
     21279
     21285
     21289
     21295
     21299
     21304
     21309
     21315
     21319
     21324
     21330
     21334
     21339
     21345
     21349
     21355
     21359
     21364
     21369
     21375
     21379
     21384
     21390
     21394
     21399
     21405
     21409
     21415
     21419
     21424
     21429
     21435
     21439
     21444
     21450
     21454
     21459
     21465
     21469
     21475
     21479
     21484
     21489
     21495
     21499
     21505
     21508
     21514
     21519
     21524
     21529
     21534
     21539
     21544
     21549
     21554
     21559
     21564
     21570
     21576
     21580
     21586
     21592
     21598
     21601
     21605
     21609
     21612
     21618
     21623
     21629
     21632
     21638
     21642
     21648
     21652
     21658
     21662
     21668
     21673
     21678
     21683
     21688
     21693
     21699
     21704
     21709
     21714
     21718
     21724
     21727
     21733
     21737
     21743
     21747
     21753
     21757
     21763
     21767
     21773
     21778
     21781
     21787
     21792
     21796
     21802
     21807
     21811
     21816
     21820
     21825
     21830
     21834
     21840
     21844
     21850
     21854
     21860
     21864
     21870
     21874
     21880
     21886
     21890
     21895
     21899
     21904
     21908
     21912
     21917
     21921
     21926
     21930
     21935
     21939
     21944
     21948
     21953
     21956
     21962
     21968
     21974
     21980
     21986
     21992
     21998
     22003
     22008
     22013
     22018
     22023
     22028
     22033
     22039
     22045
     22050
     22055
     22060
     22065
     22070
     22074
     22077
     22083
     22089
     22094
     22099
     22104
     22109
     22114
     22119
     22123
     22129
     22135
     22141
     22146
     22151
     22156
     22161
     22166
     22170
     22173
     22179
     22185
     22191
     22197
     22203
     22209
     22214
     22219
     22224
     22228
     22232
     22236
     22240
     22244
     22248
     22251
     22257
     22263
     22269
     22275
     22281
     22287
     22291
     22295
     22299
     22303
     22307
     22311
     22316
     22321
     22326
     22331
     22336
     22341
     22347
     22353
     22358
     22363
     22367
     22371
     22376
     22381
     22386
     22391
     22395
     22399
     22402
     22407
     22413
     22419
     22425
     22430
     22435
     22440
     22445
     22449
     22453
     22457
     22461
     22465
     22469
     22473
     22478
     22483
     22488
     22493
     22496
     22500
     22504
     22508
     22511
     22516
     22520
     22523
     22527
     22531
     22535
     22539
     22543
     22547
     22551
     22555
     22559
     22563
     22568
     22574
     22580
     22586
     22592
     22598
     22604
     22609
     22614
     22619
     22624
     22629
     22634
     22639
     22643
     22647
     22651
     22655
     22658
     22663
     22667
     22673
     22679
     22684
     22688
     22694
     22699
     22703
     22709
     22713
     22716
     22722
     22727
     22732
     22737
     22742
     22747
     22751
     22756
     22761
     22765
     22770
     22775
     22779
     22784
     22789
     22793
     22797
     22801
     22804
     22807
     22813
     22818
     22824
     22830
     22836
     22842
     22848
     22854
     22860
     22866
     22872
     22878
     22882
     22887
     22892
     22897
     22902
     22907
     22912
     22917
     22922
     22927
     22931
     22935
     22940
     22945
     22950
     22955
     22960
     22965
     22969
     22974
     22979
     22984
     22989
     22994
     22999
     23003
     23008
     23013
     23018
     23023
     23028
     23033
     23037
     23042
     23047
     23052
     23057
     23062
     23067
     23071
     23076
     23082
     23088
     23094
     23100
     23106
     23110
     23115
     23121
     23125
     23130
     23136
     23140
     23144
     23147
     23150
     23154
     23158
     23162
     23166
     23169
     23173
     23177
     23180
     23184
     23188
     23192
     23197
     23202
     23206
     23210
     23214
     23218
     23222
     23226
     23230
     23234
     23238
     23242
     23245
     23249
     23253
     23257
     23260
     23265
     23270
     23275
     23281
     23287
     23292
     23297
     23301
     23306
     23311
     23316
     23320
     23325
     23330
     23334
     23339
     23344
     23348
     23353
     23358
     23362
     23368
     23374
     23379
     23385
     23391
     23396
     23401
     23406
     23411
     23416
     23421
     23426
     23431
     23436
     23441
     23446
     23451
     23456
     23461
     23466
     23471
     23476
     23481
     23486
     23491
     23496
     23501
     23506
     23511
     23516
     23522
     23528
     23534
     23540
     23546
     23552
     23558
     23564
     23570
     23576
     23582
     23588
     23594
     23600
     23605
     23610
     23615
     23620
     23625
     23630
     23635
     23640
     23645
     23650
     23655
     23660
     23665
     23670
     23675
     23680
     23685
     23690
     23694
     23698
     23701
     23706
     23711
     23715
     23720
     23725
     23729
     23734
     23739
     23743
     23746
     23750
     23754
     23758
     23762
     23766
     23770
     23774
     23779
     23784
     23789
     23794
     23799
     23804
     23809
     23814
     23819
     23824
     23829
     23834
     23839
     23844
     23849
     23854
     23859
     23864
     23869
     23874
     23879
     23883
     23887
     23891
     23895
     23899
     23903
     23907
     23911
     23915
     23918
     23923
     23928
     23934
     23940
     23945
     23949
     23955
     23958
     23964
     23968
     23974
     23978
     23984
     23988
     23994
     23998
     24001
     24007
     24012
     24016
     24020
     24023
     24027
     24031
     24035
     24039
     24043
     24047
     24051
     24055
     24059
     24063
     24067
     24071
     24075
     24079
     24083
     24087
     24091
     24095
     24099
     24103
     24108
     24113
     24118
     24123
     24128
     24133
     24138
     24143
     24148
     24153
     24158
     24163
     24168
     24173
     24178
     24183
     24188
     24193
     24198
     24203
     24208
     24213
     24218
     24223
     24228
     24234
     24238
     24243
     24248
     24253
     24258
     24263
     24268
     24273
     24278
     24282
     24287
     24292
     24297
     24302
     24307
     24312
     24317
     24322
     24327
     24332
     24337
     24342
     24347
     24352
     24357
     24362
     24367
     24372
     24377
     24382
     24387
     24392
     24397
     24402
     24407
     24412
     24417
     24422
     24427
     24432
     24437
     24442
     24447
     24452
     24457
     24462
     24467
     24472
     24477
     24482
     24487
     24492
     24497
     24502
     24507
     24512
     24517
     24522
     24527
     24532
     24537
     24542
     24547
     24552
     24557
     24562
     24567
     24572
     24577
     24582
     24587
