         1
         7
        13
        18
        23
        28
        32
        37
        41
        47
        53
        58
        63
        68
        72
        77
        82
        88
        94
       100
       106
       112
       117
       122
       127
       132
       138
       144
       149
       154
       159
       165
       171
       176
       180
       185
       191
       197
       203
       209
       215
       220
       225
       231
       237
       243
       248
       253
       259
       264
       269
       275
       280
       285
       290
       295
       301
       307
       313
       319
       325
       330
       335
       341
       347
       353
       359
       364
       370
       376
       382
       388
       394
       400
       406
       412
       417
       422
       427
       432
       438
       444
       450
       456
       462
       468
       474
       480
       486
       492
       498
       504
       510
       516
       522
       528
       534
       540
       545
       550
       555
       560
       565
       571
       577
       583
       589
       595
       601
       607
       613
       619
       625
       631
       637
       643
       649
       655
       661
       667
       673
       679
       685
       691
       697
       703
       709
       715
       721
       727
       733
       739
       745
       751
       757
       763
       769
       774
       779
       784
       789
       795
       801
       807
       813
       819
       825
       831
       837
       843
       849
       855
       861
       867
       873
       879
       885
       891
       897
       903
       909
       915
       921
       927
       933
       939
       945
       951
       957
       963
       969
       974
       979
       984
       989
       993
       997
      1003
      1009
      1014
      1019
      1024
      1029
      1033
      1038
      1044
      1050
      1056
      1062
      1068
      1074
      1079
      1084
      1089
      1094
      1099
      1105
      1110
      1116
      1121
      1127
      1132
      1138
      1143
      1149
      1155
      1161
      1167
      1173
      1179
      1185
      1191
      1196
      1201
      1207
      1213
      1219
      1225
      1231
      1236
      1242
      1248
      1254
      1260
      1266
      1271
      1277
      1281
      1286
      1292
      1298
      1304
      1310
      1316
      1322
      1328
      1333
      1339
      1344
      1349
      1355
      1361
      1367
      1373
      1379
      1384
      1389
      1394
      1400
      1406
      1412
      1417
      1422
      1427
      1433
      1439
      1445
      1451
      1457
      1463
      1468
      1473
      1479
      1485
      1491
      1496
      1501
      1506
      1511
      1516
      1522
      1528
      1534
      1540
      1546
      1552
      1558
      1564
      1570
      1576
      1582
      1588
      1593
      1598
      1603
      1608
      1613
      1619
      1625
      1631
      1637
      1643
      1649
      1655
      1661
      1667
      1673
      1679
      1685
      1691
      1697
      1703
      1709
      1715
      1721
      1727
      1733
      1739
      1745
      1751
      1757
      1763
      1769
      1775
      1781
      1787
      1793
      1799
      1805
      1811
      1817
      1823
      1829
      1835
      1841
      1847
      1853
      1859
      1865
      1871
      1877
      1883
      1889
      1895
      1901
      1907
      1913
      1919
      1925
      1930
      1936
      1942
      1948
      1954
      1959
      1964
      1970
      1976
      1982
      1988
      1994
      2000
      2005
      2010
      2015
      2021
      2027
      2033
      2039
      2043
      2048
      2054
      2060
      2066
      2071
      2077
      2083
      2089
      2095
      2101
      2107
      2113
      2118
      2123
      2129
      2135
      2140
      2146
      2152
      2158
      2164
      2169
      2174
      2179
      2184
      2190
      2196
      2202
      2208
      2213
      2218
      2223
      2228
      2234
      2240
      2246
      2252
      2258
      2264
      2270
      2276
      2282
      2288
      2293
      2298
      2304
      2310
      2316
      2322
      2328
      2334
      2340
      2345
      2350
      2355
      2360
      2365
      2370
      2376
      2382
      2388
      2394
      2400
      2406
      2412
      2418
      2424
      2430
      2436
      2442
      2448
      2454
      2460
      2466
      2472
      2478
      2484
      2490
      2496
      2502
      2508
      2514
      2520
      2526
      2532
      2538
      2544
      2550
      2556
      2562
      2568
      2574
      2580
      2586
      2592
      2598
      2604
      2610
      2616
      2622
      2628
      2634
      2640
      2646
      2652
      2658
      2664
      2670
      2676
      2682
      2688
      2694
      2700
      2706
      2712
      2718
      2724
      2730
      2736
      2742
      2748
      2754
      2760
      2766
      2772
      2778
      2784
      2790
      2796
      2802
      2808
      2813
      2818
      2823
      2828
      2834
      2840
      2846
      2852
      2857
      2862
      2867
      2873
      2879
      2885
      2891
      2897
      2903
      2909
      2915
      2921
      2926
      2932
      2937
      2943
      2948
      2954
      2960
      2965
      2970
      2976
      2982
      2988
      2994
      3000
      3006
      3012
      3018
      3024
      3030
      3036
      3042
      3047
      3052
      3057
      3062
      3068
      3074
      3080
      3086
      3092
      3098
      3104
      3110
      3116
      3122
      3128
      3134
      3140
      3146
      3152
      3158
      3164
      3170
      3176
      3182
      3188
      3194
      3200
      3206
      3212
      3218
      3224
      3230
      3236
      3242
      3248
      3254
      3260
      3266
      3272
      3278
      3284
      3290
      3296
      3302
      3308
      3314
      3320
      3326
      3332
      3338
      3344
      3350
      3356
      3362
      3368
      3374
      3380
      3386
      3392
      3398
      3404
      3410
      3416
      3422
      3428
      3434
      3440
      3446
      3452
      3458
      3464
      3470
      3476
      3481
      3487
      3493
      3498
      3504
      3509
      3515
      3521
      3527
      3533
      3539
      3545
      3551
      3557
      3563
      3568
      3574
      3580
      3586
      3592
      3598
      3604
      3609
      3615
      3621
      3627
      3633
      3639
      3645
      3651
      3657
      3662
      3667
      3673
      3679
      3685
      3691
      3697
      3703
      3709
      3715
      3721
      3727
      3732
      3737
      3743
      3749
      3755
      3761
      3767
      3773
      3779
      3784
      3790
      3796
      3802
      3808
      3814
      3819
      3825
      3830
      3836
      3842
      3848
      3854
      3859
      3865
      3871
      3877
      3883
      3889
      3895
      3901
      3907
      3913
      3919
      3925
      3931
      3937
      3943
      3949
      3955
      3961
      3967
      3972
      3978
      3984
      3990
      3995
      4000
      4005
      4011
      4016
      4022
      4028
      4034
      4039
      4044
      4049
      4055
      4061
      4067
      4073
      4079
      4084
      4089
      4094
      4100
      4105
      4111
      4117
      4122
      4128
      4134
      4139
      4145
      4150
      4156
      4162
      4168
      4174
      4179
      4184
      4190
      4196
      4202
      4208
      4214
      4220
      4225
      4230
      4236
      4241
      4246
      4251
      4257
      4263
      4269
      4275
      4281
      4286
      4291
      4296
      4302
      4308
      4314
      4320
      4326
      4332
      4337
      4342
      4348
      4354
      4360
      4366
      4372
      4378
      4384
      4390
      4396
      4402
      4408
      4414
      4420
      4426
      4432
      4438
      4444
      4450
      4456
      4462
      4468
      4474
      4480
      4486
      4492
      4498
      4504
      4510
      4516
      4522
      4527
      4532
      4537
      4542
      4547
      4553
      4559
      4565
      4571
      4577
      4583
      4589
      4595
      4601
      4607
      4613
      4619
      4625
      4631
      4637
      4643
      4649
      4655
      4661
      4667
      4673
      4679
      4685
      4691
      4697
      4703
      4709
      4715
      4721
      4727
      4733
      4739
      4745
      4751
      4757
      4763
      4769
      4775
      4781
      4787
      4793
      4799
      4805
      4811
      4817
      4823
      4829
      4835
      4841
      4847
      4853
      4859
      4865
      4871
      4877
      4883
      4889
      4895
      4900
      4905
      4910
      4915
      4921
      4927
      4932
      4937
      4943
      4949
      4955
      4961
      4967
      4973
      4979
      4985
      4990
      4995
      5000
      5005
      5011
      5017
      5023
      5029
      5034
      5039
      5045
      5051
      5057
      5063
      5069
      5075
      5081
      5087
      5093
      5099
      5105
      5111
      5117
      5123
      5129
      5135
      5141
      5146
      5151
      5156
      5162
      5168
      5174
      5180
      5186
      5192
      5198
      5204
      5210
      5216
      5222
      5228
      5234
      5240
      5246
      5252
      5258
      5264
      5270
      5276
      5282
      5288
      5294
      5300
      5306
      5312
      5318
      5324
      5330
      5335
      5340
      5345
      5351
      5357
      5363
      5368
      5373
      5378
      5384
      5390
      5396
      5402
      5408
      5414
      5420
      5426
      5432
      5438
      5444
      5450
      5456
      5462
      5468
      5474
      5480
      5486
      5492
      5497
      5503
      5509
      5515
      5521
      5527
      5533
      5539
      5545
      5551
      5557
      5563
      5568
      5573
      5578
      5583
      5589
      5595
      5601
      5607
      5613
      5619
      5625
      5630
      5636
      5642
      5648
      5654
      5660
      5665
      5671
      5677
      5683
      5689
      5695
      5701
      5707
      5713
      5719
      5725
      5731
      5737
      5743
      5749
      5755
      5761
      5767
      5773
      5779
      5785
      5791
      5797
      5803
      5809
      5815
      5821
      5827
      5833
      5839
      5845
      5851
      5857
      5863
      5869
      5875
      5881
      5887
      5893
      5899
      5905
      5911
      5917
      5923
      5929
      5935
      5941
      5947
      5953
      5959
      5965
      5971
      5977
      5983
      5989
      5995
      6001
      6007
      6013
      6019
      6025
      6031
      6037
      6043
      6049
      6055
      6061
      6067
      6073
      6079
      6085
      6091
      6097
      6103
      6109
      6115
      6121
      6127
      6133
      6139
      6145
      6151
      6157
      6163
      6169
      6175
      6181
      6187
      6193
      6199
      6205
      6211
      6217
      6223
      6229
      6235
      6241
      6247
      6253
      6259
      6265
      6271
      6277
      6283
      6289
      6295
      6301
      6307
      6313
      6319
      6325
      6331
      6337
      6343
      6349
      6355
      6361
      6367
      6373
      6379
      6385
      6391
      6397
      6403
      6409
      6415
      6421
      6427
      6433
      6439
      6445
      6451
      6457
      6463
      6469
      6475
      6481
      6487
      6493
      6499
      6505
      6511
      6517
      6523
      6529
      6535
      6541
      6547
      6553
      6559
      6565
      6571
      6577
      6583
      6589
      6595
      6601
      6607
      6613
      6619
      6625
      6631
      6637
      6643
      6649
      6655
      6661
      6667
      6673
      6679
      6685
      6691
      6697
      6703
      6709
      6715
      6721
      6727
      6733
      6739
      6745
      6751
      6757
      6763
      6769
      6775
      6781
      6787
      6793
      6799
      6805
      6811
      6817
      6823
      6829
      6835
      6841
      6847
      6853
      6859
      6865
      6871
      6877
      6883
      6889
      6895
      6901
      6907
      6913
      6919
      6925
      6931
      6937
      6943
      6949
      6955
      6961
      6967
      6973
      6979
      6985
      6991
      6997
      7003
      7009
      7015
      7021
      7027
      7033
      7039
      7045
      7051
      7057
      7063
      7069
      7075
      7081
      7087
      7093
      7099
      7105
      7111
      7117
      7123
      7129
      7135
      7141
      7147
      7153
      7159
      7165
      7171
      7177
      7183
      7189
      7195
      7201
      7207
      7213
      7219
      7225
      7231
      7237
      7243
      7249
      7255
      7261
      7267
      7273
      7279
      7285
      7291
      7297
      7303
      7309
      7315
      7321
      7327
      7333
      7339
      7345
      7351
      7357
      7363
      7369
      7375
      7381
      7387
      7393
      7399
      7405
      7411
      7417
      7423
      7429
      7435
      7441
      7447
      7453
      7459
      7465
      7471
      7477
      7483
      7489
      7495
      7501
      7507
      7513
      7519
      7525
      7531
      7537
      7543
      7549
      7555
      7561
      7567
      7573
      7579
      7585
      7591
      7597
      7603
      7609
      7615
      7621
      7627
      7633
      7639
      7645
      7651
      7657
      7663
      7669
      7675
      7681
      7687
      7693
      7699
      7705
      7711
      7717
      7723
      7729
      7735
      7741
      7747
      7753
      7759
      7765
      7771
      7777
      7783
      7789
      7795
      7801
      7806
      7811
      7817
      7823
      7829
      7835
      7841
      7847
      7853
      7859
      7865
      7871
      7877
      7883
      7889
      7895
      7901
      7907
      7913
      7919
      7925
      7931
      7937
      7943
      7949
      7955
      7961
      7967
      7973
      7979
      7984
      7990
      7996
      8002
      8008
      8014
      8020
      8026
      8032
      8038
      8044
      8050
      8056
      8062
      8068
      8073
      8079
      8085
      8091
      8097
      8103
      8109
      8114
      8120
      8126
      8132
      8138
      8144
      8150
      8155
      8161
      8166
      8172
      8178
      8184
      8190
      8196
      8202
      8207
      8213
      8219
      8225
      8231
      8237
      8243
      8249
      8255
      8261
      8267
      8273
      8279
      8285
      8291
      8297
      8303
      8309
      8315
      8321
      8327
      8333
      8339
      8345
      8351
      8357
      8363
      8369
      8375
      8381
      8387
      8393
      8399
      8405
      8411
      8417
      8423
      8429
      8435
      8441
      8447
      8453
      8459
      8465
      8471
      8477
      8483
      8489
      8495
      8501
      8507
      8513
      8519
      8525
      8531
      8537
      8543
      8549
      8555
      8561
      8567
      8573
      8579
      8585
      8591
      8597
      8603
      8609
      8615
      8621
      8627
      8633
      8639
      8645
      8651
      8657
      8663
      8669
      8675
      8681
      8687
      8693
      8699
      8705
      8711
      8717
      8723
      8729
      8735
      8741
      8747
      8753
      8759
      8765
      8771
      8777
      8783
      8789
      8795
      8801
      8807
      8813
      8819
      8825
      8831
      8837
      8843
      8849
      8855
      8861
      8867
      8873
      8879
      8885
      8891
      8897
      8903
      8909
      8915
      8921
      8927
      8933
      8939
      8945
      8951
      8957
      8963
      8969
      8975
      8981
      8987
      8993
      8999
      9005
      9010
      9015
      9020
      9025
      9031
      9037
      9043
      9049
      9054
      9059
      9064
      9069
      9075
      9081
      9087
      9093
      9099
      9105
      9110
      9115
      9120
      9126
      9132
      9138
      9143
      9148
      9154
      9160
      9165
      9170
      9175
      9181
      9187
      9193
      9199
      9205
      9211
      9216
      9222
      9228
      9234
      9240
      9246
      9251
      9256
      9262
      9268
      9274
      9280
      9286
      9292
      9298
      9304
      9310
      9315
      9320
      9325
      9331
      9337
      9343
      9349
      9355
      9361
      9367
      9373
      9379
      9385
      9391
      9397
      9403
      9409
      9415
      9421
      9427
      9433
      9438
      9443
      9449
      9455
      9461
      9467
      9473
      9478
      9483
      9489
      9495
      9501
      9507
      9513
      9519
      9525
      9531
      9537
      9543
      9549
      9554
      9560
      9565
      9570
      9575
      9580
      9585
      9591
      9597
      9603
      9609
      9615
      9621
      9627
      9633
      9639
      9645
      9651
      9657
      9663
      9669
      9675
      9681
      9687
      9693
      9699
      9705
      9711
      9717
      9723
      9729
      9735
      9741
      9747
      9753
      9759
      9765
      9771
      9777
      9783
      9789
      9795
      9801
      9807
      9813
      9819
      9825
      9831
      9837
      9843
      9849
      9855
      9861
      9867
      9873
      9879
      9885
      9891
      9897
      9903
      9909
      9915
      9921
      9927
      9933
      9939
      9945
      9951
      9957
      9963
      9969
      9975
      9981
      9987
      9993
      9999
     10005
     10011
     10017
     10023
     10029
     10035
     10041
     10047
     10053
     10059
     10065
     10071
     10077
     10083
     10089
     10095
     10101
     10107
     10113
     10119
     10125
     10131
     10137
     10143
     10149
     10155
     10161
     10167
     10173
     10179
     10185
     10191
     10197
     10203
     10209
     10215
     10221
     10227
     10233
     10239
     10245
     10251
     10257
     10263
     10269
     10275
     10281
     10287
     10293
     10299
     10305
     10311
     10317
     10323
     10329
     10335
     10341
     10347
     10353
     10359
     10365
     10371
     10377
     10383
     10389
     10395
     10401
     10407
     10413
     10419
     10425
     10431
     10437
     10443
     10449
     10455
     10461
     10467
     10473
     10479
     10485
     10491
     10497
     10503
     10509
     10515
     10521
     10527
     10533
     10539
     10545
     10551
     10557
     10563
     10569
     10575
     10581
     10587
     10593
     10599
     10605
     10611
     10617
     10623
     10629
     10635
     10641
     10647
     10653
     10659
     10665
     10671
     10677
     10683
     10689
     10695
     10701
     10707
     10713
     10719
     10725
     10731
     10737
     10743
     10749
     10755
     10761
     10767
     10773
     10779
     10785
     10791
     10797
     10803
     10809
     10815
     10821
     10827
     10833
     10839
     10845
     10851
     10857
     10863
     10869
     10875
     10881
     10887
     10893
     10899
     10905
     10911
     10917
     10923
     10929
     10935
     10941
     10947
     10953
     10959
     10965
     10971
     10977
     10983
     10989
     10995
     11001
     11007
     11013
     11019
     11025
     11030
     11035
     11040
     11045
     11050
     11056
     11062
     11068
     11074
     11079
     11084
     11089
     11095
     11101
     11107
     11113
     11118
     11123
     11128
     11133
     11139
     11145
     11151
     11157
     11163
     11169
     11174
     11180
     11186
     11192
     11198
     11204
     11210
     11216
     11222
     11228
     11234
     11240
     11245
     11250
     11255
     11260
     11266
     11272
     11278
     11284
     11290
     11296
     11302
     11308
     11314
     11320
     11326
     11331
     11337
     11342
     11347
     11353
     11359
     11365
     11371
     11377
     11383
     11389
     11395
     11400
     11406
     11412
     11418
     11424
     11430
     11436
     11442
     11448
     11454
     11460
     11465
     11470
     11476
     11482
     11488
     11494
     11500
     11506
     11511
     11516
     11522
     11528
     11534
     11540
     11546
     11552
     11557
     11562
     11568
     11574
     11580
     11586
     11592
     11598
     11604
     11610
     11616
     11622
     11628
     11634
     11639
     11644
     11649
     11654
     11659
     11665
     11670
     11675
     11680
     11685
     11690
     11695
     11701
     11707
     11713
     11719
     11725
     11731
     11737
     11743
     11749
     11755
     11761
     11767
     11773
     11779
     11785
     11791
     11797
     11803
     11809
     11815
     11821
     11827
     11833
     11839
     11845
     11851
     11857
     11863
     11869
     11875
     11881
     11887
     11893
     11899
     11905
     11911
     11917
     11923
     11929
     11935
     11941
     11947
     11953
     11959
     11965
     11971
     11977
     11983
     11989
     11995
     12001
     12007
     12013
     12019
     12025
     12031
     12037
     12043
     12049
     12055
     12061
     12067
     12073
     12079
     12085
     12091
     12097
     12103
     12109
     12115
     12121
     12127
     12133
     12139
     12145
     12151
     12157
     12163
     12169
     12175
     12181
     12187
     12193
     12199
     12205
     12211
     12217
     12223
     12229
     12235
     12241
     12247
     12253
     12258
     12264
     12270
     12276
     12282
     12287
     12293
     12299
     12305
     12311
     12317
     12323
     12329
     12335
     12341
     12347
     12353
     12359
     12364
     12370
     12376
     12382
     12388
     12394
     12400
     12406
     12412
     12417
     12423
     12428
     12434
     12440
     12446
     12452
     12458
     12463
     12469
     12474
     12480
     12486
     12492
     12498
     12503
     12508
     12513
     12518
     12524
     12530
     12536
     12542
     12548
     12553
     12558
     12563
     12568
     12574
     12580
     12586
     12592
     12598
     12604
     12610
     12616
     12621
     12627
     12633
     12638
     12643
     12649
     12655
     12661
     12667
     12673
     12679
     12685
     12691
     12697
     12703
     12709
     12715
     12721
     12726
     12732
     12738
     12744
     12750
     12756
     12762
     12768
     12774
     12780
     12786
     12792
     12798
     12804
     12810
     12815
     12821
     12827
     12833
     12839
     12845
     12851
     12857
     12863
     12868
     12874
     12880
     12886
     12892
     12898
     12904
     12910
     12916
     12922
     12928
     12934
     12940
     12945
     12950
     12955
     12961
     12967
     12973
     12979
     12985
     12991
     12997
     13003
     13009
     13015
     13021
     13027
     13033
     13039
     13044
     13049
     13054
     13060
     13066
     13072
     13078
     13083
     13088
     13093
     13098
     13103
     13109
     13115
     13121
     13127
     13133
     13139
     13145
     13151
     13157
     13163
     13169
     13175
     13181
     13187
     13193
     13199
     13205
     13211
     13217
     13223
     13229
     13235
     13241
     13247
     13253
     13259
     13265
     13271
     13277
     13283
     13289
     13295
     13301
     13307
     13313
     13319
     13325
     13331
     13337
     13343
     13349
     13355
     13361
     13367
     13373
     13379
     13385
     13391
     13397
     13403
     13409
     13415
     13421
     13427
     13433
     13439
     13445
     13451
     13457
     13463
     13469
     13475
     13481
     13487
     13493
     13499
     13505
     13511
     13517
     13523
     13529
     13535
     13541
     13547
     13553
     13559
     13565
     13571
     13577
     13583
     13589
     13595
     13601
     13607
     13613
     13619
     13625
     13631
     13637
     13643
     13648
     13653
     13658
     13663
     13667
     13671
     13677
     13683
     13688
     13693
     13698
     13703
     13707
     13711
     13717
     13723
     13729
     13735
     13741
     13746
     13751
     13756
     13761
     13766
     13772
     13778
     13783
     13788
     13793
     13799
     13805
     13810
     13814
     13820
     13826
     13832
     13837
     13842
     13847
     13852
     13858
     13864
     13870
     13876
     13882
     13888
     13893
     13898
     13903
     13909
     13915
     13921
     13927
     13933
     13938
     13943
     13949
     13954
     13959
     13965
     13971
     13976
     13981
     13987
     13992
     13997
     14002
     14007
     14013
     14019
     14024
     14029
     14034
     14040
     14046
     14052
     14058
     14064
     14070
     14076
     14081
     14086
     14091
     14096
     14102
     14108
     14114
     14120
     14126
     14132
     14138
     14144
     14150
     14156
     14162
     14168
     14174
     14180
     14186
     14192
     14198
     14204
     14210
     14216
     14222
     14228
     14234
     14240
     14245
     14250
     14255
     14260
     14265
     14271
     14277
     14283
     14289
     14295
     14301
     14307
     14313
     14319
     14325
     14331
     14337
     14343
     14349
     14355
     14360
     14365
     14371
     14377
     14383
     14389
     14395
     14401
     14407
     14413
     14419
     14425
     14431
     14437
     14443
     14449
     14455
     14461
     14467
     14473
     14479
     14485
     14491
     14497
     14503
     14509
     14515
     14520
     14525
     14530
     14535
     14540
     14545
     14550
     14556
     14562
     14568
     14574
     14580
     14586
     14592
     14598
     14604
     14610
     14616
     14622
     14628
     14634
     14640
     14646
     14652
     14658
     14664
     14670
     14676
     14682
     14688
     14694
     14700
     14706
     14712
     14718
     14724
     14730
     14736
     14742
     14748
     14754
     14760
     14766
     14771
     14777
     14783
     14789
     14795
     14801
     14807
     14813
     14819
     14825
     14831
     14836
     14842
     14848
     14854
     14860
     14866
     14872
     14878
     14884
     14890
     14896
     14902
     14908
     14914
     14920
     14926
     14931
     14937
     14943
     14949
     14954
     14959
     14965
     14971
     14977
     14983
     14989
     14995
     15001
     15007
     15013
     15018
     15023
     15028
     15033
     15037
     15041
     15047
     15053
     15058
     15063
     15068
     15073
     15077
     15081
     15087
     15093
     15099
     15105
     15110
     15115
     15120
     15125
     15131
     15137
     15142
     15147
     15152
     15158
     15163
     15169
     15174
     15179
     15183
     15189
     15195
     15201
     15207
     15213
     15219
     15224
     15229
     15234
     15240
     15245
     15251
     15257
     15262
     15268
     15273
     15278
     15284
     15290
     15296
     15301
     15306
     15311
     15316
     15321
     15327
     15333
     15339
     15345
     15350
     15355
     15361
     15367
     15373
     15379
     15384
     15389
     15395
     15401
     15407
     15413
     15419
     15425
     15431
     15437
     15443
     15449
     15454
     15459
     15465
     15471
     15477
     15483
     15489
     15495
     15501
     15507
     15513
     15519
     15525
     15531
     15537
     15543
     15549
     15554
     15559
     15564
     15569
     15575
     15581
     15587
     15593
     15599
     15605
     15611
     15617
     15623
     15629
     15635
     15641
     15647
     15653
     15658
     15663
     15668
     15673
     15679
     15685
     15691
     15697
     15703
     15709
     15715
     15721
     15726
     15731
     15736
     15741
     15746
     15751
     15757
     15763
     15769
     15775
     15781
     15787
     15793
     15799
     15805
     15811
     15817
     15823
     15829
     15835
     15841
     15847
     15853
     15859
     15865
     15871
     15877
     15883
     15889
     15895
     15901
     15907
     15913
     15919
     15925
     15930
     15935
     15940
     15945
     15951
     15956
     15962
     15968
     15974
     15980
     15985
     15990
     15995
     16001
     16007
     16013
     16019
     16025
     16031
     16037
     16043
     16049
     16054
     16060
     16066
     16072
     16078
     16084
     16090
     16096
     16102
     16108
     16114
     16119
     16124
     16130
     16136
     16142
     16148
     16154
     16160
     16166
     16171
     16177
     16183
     16188
     16194
     16200
     16206
     16212
     16218
     16224
     16230
     16236
     16242
     16248
     16254
     16260
     16266
     16272
     16278
     16284
     16290
     16296
     16302
     16308
     16314
     16320
     16326
     16332
     16338
     16343
     16349
     16355
     16361
     16367
     16373
     16379
     16385
     16391
     16397
     16403
     16409
     16415
     16421
     16426
     16431
     16436
     16441
     16447
     16453
     16459
     16465
     16471
     16477
     16483
     16489
     16495
     16501
     16507
     16513
     16519
     16525
     16531
     16537
     16543
     16549
     16555
     16561
     16567
     16573
     16579
     16585
     16591
     16597
     16603
     16609
     16615
     16621
     16627
     16633
     16639
     16645
     16650
     16655
     16660
     16665
     16670
     16676
     16682
     16688
     16694
     16700
     16706
     16712
     16718
     16724
     16730
     16736
     16742
     16748
     16754
     16760
     16766
     16772
     16778
     16784
     16790
     16796
     16802
     16808
     16814
     16820
     16826
     16832
     16838
     16844
     16850
     16856
     16862
     16868
     16874
     16880
     16886
     16892
     16898
     16904
     16910
     16916
     16922
     16928
     16934
     16940
     16946
     16952
     16958
     16964
     16970
     16976
     16982
     16987
     16993
     16999
     17005
     17011
     17017
     17022
     17028
     17034
     17040
     17046
     17052
     17058
     17063
     17069
     17074
     17080
     17086
     17092
     17098
     17103
     17109
     17115
     17121
     17127
     17133
     17139
     17145
     17151
     17157
     17163
     17169
     17175
     17181
     17187
     17193
     17199
     17205
     17211
     17217
     17223
     17228
     17234
     17240
     17246
     17252
     17258
     17264
     17269
     17275
     17280
     17286
     17292
     17298
     17304
     17310
     17316
     17322
     17327
     17333
     17339
     17345
     17350
     17356
     17361
     17365
     17371
     17376
     17382
     17388
     17394
     17400
     17405
     17410
     17416
     17421
     17426
     17432
     17437
     17443
     17449
     17455
     17461
     17467
     17473
     17479
     17485
     17491
     17497
     17503
     17509
     17515
     17521
     17527
     17532
     17538
     17544
     17550
     17555
     17561
     17567
     17573
     17579
     17585
     17590
     17596
     17602
     17608
     17614
     17619
     17625
     17631
     17637
     17643
     17649
     17655
     17661
     17667
     17673
     17679
     17684
     17689
     17695
     17701
     17707
     17713
     17719
     17725
     17731
     17737
     17743
     17748
     17754
     17760
     17765
     17771
     17777
     17783
     17789
     17795
     17801
     17807
     17813
     17819
     17825
     17831
     17837
     17843
     17849
     17855
     17861
     17867
     17873
     17879
     17885
     17891
     17897
     17903
     17909
     17915
     17921
     17926
     17932
     17938
     17944
     17950
     17956
     17962
     17968
     17974
     17980
     17986
     17992
     17998
     18004
     18010
     18016
     18022
     18028
     18034
     18040
     18046
     18052
     18058
     18064
     18070
     18076
     18082
     18087
     18093
     18098
     18104
     18110
     18116
     18122
     18128
     18134
     18140
     18146
     18152
     18158
     18164
     18169
     18175
     18181
     18187
     18193
     18199
     18205
     18211
     18217
     18223
     18229
     18235
     18241
     18247
     18253
     18259
     18265
     18271
     18276
     18281
     18287
     18293
     18299
     18305
     18310
     18316
     18322
     18328
     18334
     18338
     18344
     18350
     18355
     18361
     18367
     18373
     18379
     18385
     18391
     18397
     18403
     18409
     18414
     18420
     18426
     18432
     18437
     18443
     18449
     18454
     18460
     18466
     18472
     18478
     18484
     18490
     18496
     18501
     18506
     18512
     18518
     18524
     18530
     18536
     18542
     18548
     18554
     18560
     18566
     18572
     18578
     18583
     18589
     18594
     18600
     18606
     18612
     18618
     18624
     18630
     18636
     18642
     18648
     18654
     18660
     18666
     18672
     18678
     18684
     18690
     18696
     18702
     18708
     18713
     18719
     18725
     18731
     18736
     18742
     18748
     18754
     18760
     18766
     18772
     18778
     18784
     18789
     18795
     18801
     18807
     18813
     18819
     18825
     18831
     18837
     18843
     18849
     18855
     18861
     18867
     18873
     18879
     18884
     18890
     18896
     18902
     18908
     18914
     18919
     18925
     18930
     18936
     18941
     18947
     18953
     18959
     18965
     18970
     18976
     18982
     18987
     18993
     18998
     19004
     19010
     19016
     19022
     19027
     19033
     19038
     19044
     19050
     19056
     19062
     19068
     19074
     19080
     19086
     19092
     19098
     19104
     19110
     19116
     19121
     19127
     19133
     19139
     19145
     19151
     19156
     19162
     19168
     19174
     19180
     19185
     19191
     19197
     19203
     19209
     19215
     19221
     19227
     19233
     19239
     19245
     19250
     19256
     19262
     19268
     19274
     19280
     19286
     19292
     19298
     19304
     19310
     19316
     19321
     19327
     19333
     19339
     19345
     19349
     19353
     19357
     19361
     19365
     19369
     19373
     19377
     19381
     19385
     19389
     19393
     19397
     19401
     19405
     19409
     19413
     19417
     19421
     19424
     19429
     19433
     19437
     19441
     19445
     19449
     19452
     19457
     19462
     19465
     19469
     19473
     19477
     19481
     19485
     19489
     19493
     19497
     19501
     19505
     19509
     19513
     19517
     19522
     19526
     19531
     19536
     19541
     19546
     19551
     19556
     19561
     19566
     19571
     19576
     19581
     19586
     19591
     19596
     19601
     19606
     19611
     19616
     19621
     19626
     19631
     19636
     19641
     19644
     19649
     19653
     19659
     19664
     19669
     19674
     19679
     19684
     19689
     19694
     19699
     19704
     19709
     19714
     19719
     19724
     19729
     19734
     19739
     19744
     19749
     19754
     19759
     19764
     19769
     19774
     19779
     19784
     19789
     19794
     19799
     19804
     19809
     19814
     19819
     19824
     19829
     19834
     19839
     19844
     19849
     19854
     19859
     19864
     19869
     19874
     19879
     19884
     19889
     19894
     19899
     19904
     19909
     19914
     19919
     19924
     19929
     19934
     19939
     19944
     19949
     19954
     19959
     19964
     19969
     19974
     19979
     19984
     19989
     19994
     19999
     20004
     20009
     20014
     20019
     20024
     20029
     20034
     20039
     20044
     20049
     20054
     20059
     20064
     20069
     20074
     20079
     20084
     20089
     20094
     20099
     20104
     20109
     20114
     20119
     20124
     20128
     20132
     20136
     20140
     20145
     20150
     20156
     20162
     20168
     20174
     20180
     20185
     20188
     20192
     20196
     20200
     20204
     20208
     20213
     20218
     20222
     20227
     20232
     20237
     20242
     20247
     20252
     20256
     20260
     20264
     20268
     20271
     20276
     20281
     20286
     20291
     20296
     20301
     20306
     20312
     20317
     20322
     20327
     20332
     20337
     20342
     20347
     20352
     20357
     20362
     20367
     20372
     20377
     20382
     20387
     20392
     20397
     20402
     20407
     20412
     20417
     20422
     20427
     20432
     20437
     20442
     20447
     20452
     20457
     20462
     20467
     20472
     20477
     20482
     20487
     20492
     20497
     20502
     20507
     20512
     20517
     20522
     20527
     20531
     20537
     20541
     20547
     20550
     20556
     20561
     20566
     20571
     20576
     20581
     20586
     20590
     20596
     20601
     20606
     20610
     20616
     20620
     20626
     20630
     20636
     20640
     20646
     20649
     20655
     20660
     20666
     20669
     20675
     20680
     20685
     20690
     20695
     20700
     20705
     20710
     20716
     20720
     20726
     20730
     20736
     20742
     20746
     20751
     20757
     20762
     20767
     20772
     20777
     20782
     20787
     20792
     20797
     20802
     20807
     20812
     20817
     20822
     20827
     20832
     20837
     20842
     20847
     20852
     20857
     20862
     20867
     20872
     20877
     20882
     20887
     20892
     20897
     20902
     20907
     20912
     20917
     20922
     20927
     20932
     20937
     20942
     20946
     20952
     20957
     20962
     20967
     20972
     20977
     20982
     20987
     20993
     20997
     21003
     21007
     21013
     21017
     21023
     21027
     21033
     21036
     21042
     21047
     21052
     21057
     21062
     21066
     21071
     21076
     21081
     21086
     21091
     21096
     21099
     21105
     21110
     21115
     21120
     21125
     21130
     21135
     21140
     21145
     21150
     21154
     21159
     21164
     21169
     21174
     21179
     21184
     21188
     21193
     21199
     21203
     21208
     21214
     21218
     21223
     21229
     21233
     21239
     21244
     21249
     21254
     21259
     21264
     21269
     21274
     21279
     21284
     21289
     21294
     21299
     21304
     21309
     21314
     21319
     21324
     21329
     21334
     21338
     21342
     21347
     21352
     21356
     21360
     21366
     21372
     21377
     21382
     21387
     21392
     21397
     21402
     21407
     21412
     21417
     21422
     21427
     21432
     21437
     21442
     21447
     21452
     21457
     21462
     21467
     21472
     21477
     21482
     21487
     21492
     21497
     21502
     21507
     21512
     21517
     21522
     21527
     21532
     21537
     21542
     21547
     21552
     21557
     21562
     21567
     21572
     21577
     21582
     21587
     21592
     21597
     21602
     21607
     21612
     21617
     21622
     21627
     21632
     21637
     21642
     21647
     21652
     21657
     21662
     21666
     21669
     21673
     21677
     21680
     21685
     21689
     21694
     21699
     21704
     21709
     21714
     21719
     21724
     21729
     21735
     21738
     21743
     21746
     21750
     21754
     21758
     21761
     21767
     21771
     21777
     21780
     21785
     21790
     21796
     21801
     21805
     21810
     21815
     21819
     21824
     21829
     21833
     21838
     21843
     21847
     21852
     21857
     21861
     21866
     21871
     21875
     21880
     21885
     21889
     21895
     21899
     21905
     21908
     21914
     21919
     21924
     21929
     21933
     21938
     21943
     21948
     21953
     21959
     21964
     21969
     21972
     21977
     21981
     21985
     21988
     21992
     21998
     22002
     22007
     22010
     22013
     22017
     22021
     22025
     22029
     22033
     22037
     22041
     22044
     22048
     22051
     22056
     22060
     22064
     22068
     22072
     22076
     22080
     22084
     22088
     22092
     22096
     22100
     22104
     22109
     22114
     22119
     22124
     22129
     22133
     22137
     22141
     22145
     22149
     22155
     22161
     22167
     22173
     22179
     22184
     22189
     22194
     22199
     22204
     22209
     22214
     22219
     22224
     22229
     22234
     22239
     22244
     22249
     22254
     22259
     22264
     22269
     22274
     22279
     22284
     22289
     22294
     22299
     22304
     22309
     22314
     22319
     22324
     22329
     22334
     22339
     22344
     22349
     22354
     22359
     22364
     22369
     22374
     22379
     22384
     22389
     22394
     22399
     22404
     22408
     22412
     22415
     22420
     22424
     22429
     22435
     22440
     22446
     22451
     22454
     22459
     22464
     22469
     22474
     22479
     22484
     22489
     22493
     22499
     22503
     22509
     22514
     22518
     22523
     22528
     22533
     22538
     22544
     22548
     22554
     22558
     22564
     22568
     22574
     22577
     22583
     22589
     22592
     22598
     22603
     22607
     22611
     22617
     22621
     22627
     22631
     22637
     22640
     22646
     22651
     22656
     22661
     22665
     22671
     22676
     22681
     22685
     22690
     22695
     22700
     22705
     22710
     22715
     22720
     22724
     22730
     22735
     22740
     22744
     22749
     22754
     22759
     22764
     22770
     22774
     22780
     22783
     22789
     22794
     22799
     22803
     22808
     22813
     22818
     22823
     22827
     22830
     22833
     22837
     22841
     22845
     22849
     22853
     22857
     22861
     22865
     22869
     22873
     22877
     22881
     22885
     22889
     22892
     22897
     22902
     22907
     22912
     22917
     22921
     22925
     22929
     22933
     22937
     22941
     22945
     22949
     22953
     22957
     22960
     22965
     22968
     22973
     22978
     22983
     22988
     22993
     22998
     23003
     23008
     23013
     23018
     23023
     23028
     23033
     23038
     23043
     23048
     23053
     23058
     23063
     23068
     23073
     23077
     23082
     23087
     23092
     23097
     23102
     23107
     23113
     23116
     23121
     23126
     23131
     23136
     23141
     23146
     23152
     23158
     23162
     23167
     23172
     23177
     23182
     23187
     23192
     23198
     23202
     23207
     23212
     23217
     23222
     23227
     23232
     23238
     23242
     23247
     23252
     23257
     23262
     23267
     23272
     23278
     23282
     23287
     23292
     23297
     23302
     23307
     23312
     23318
     23321
     23325
     23329
     23333
     23337
     23341
     23345
     23350
     23354
     23358
     23362
     23366
     23371
     23374
     23378
     23382
     23386
     23391
     23396
     23401
     23407
     23413
     23416
     23421
     23426
     23431
     23437
     23442
     23447
     23452
     23458
     23462
     23467
     23472
     23477
     23482
     23487
     23492
     23497
     23502
     23507
     23512
     23515
     23519
     23524
     23529
     23534
     23539
     23544
     23549
     23555
     23561
     23566
     23572
     23578
     23581
     23586
     23591
     23596
     23602
     23608
     23614
     23618
     23622
     23627
     23632
     23637
     23642
     23647
     23652
     23657
     23662
     23667
     23672
     23677
     23682
     23687
     23693
     23699
     23705
     23708
     23712
     23716
     23722
     23728
     23734
     23740
     23743
     23747
     23751
     23756
     23761
     23766
     23772
     23777
     23782
     23787
     23792
     23797
     23802
     23807
     23812
     23817
     23822
     23827
     23832
     23837
     23842
     23847
     23852
     23857
     23862
     23867
     23872
     23877
     23882
     23887
     23892
     23897
     23902
     23907
     23912
     23917
     23922
     23927
     23932
     23937
     23942
     23947
     23952
     23958
     23964
     23970
     23976
     23979
     23983
     23987
     23991
     23997
     24003
     24009
     24015
     24019
     24023
     24027
     24032
     24037
     24042
     24047
     24052
     24057
     24062
     24067
     24072
     24077
     24082
     24087
     24092
     24097
     24102
     24107
     24112
     24117
     24122
     24127
