         1
         7
        13
        19
        25
        30
        35
        40
        45
        51
        57
        62
        67
        73
        79
        85
        91
        97
       103
       109
       115
       121
       127
       132
       137
       143
       148
       154
       160
       165
       170
       176
       182
       188
       194
       200
       205
       211
       217
       223
       229
       235
       241
       247
       253
       259
       265
       271
       277
       283
       289
       295
       301
       307
       313
       319
       325
       331
       337
       343
       349
       355
       360
       365
       370
       376
       382
       388
       394
       400
       406
       412
       417
       422
       427
       433
       439
       445
       451
       457
       463
       469
       475
       481
       487
       493
       499
       505
       511
       517
       523
       529
       535
       541
       547
       553
       559
       565
       571
       577
       583
       589
       595
       601
       607
       613
       619
       625
       631
       637
       643
       649
       655
       661
       667
       673
       679
       685
       691
       697
       703
       709
       715
       721
       727
       733
       739
       745
       751
       756
       761
       766
       771
       777
       783
       789
       795
       800
       805
       810
       815
       821
       827
       833
       839
       845
       851
       857
       862
       868
       874
       880
       885
       890
       896
       902
       908
       914
       920
       926
       932
       937
       943
       949
       955
       961
       967
       973
       979
       985
       991
       997
      1003
      1009
      1015
      1020
      1025
      1030
      1035
      1040
      1045
      1050
      1055
      1061
      1067
      1073
      1079
      1085
      1091
      1097
      1103
      1109
      1115
      1121
      1127
      1133
      1139
      1145
      1151
      1157
      1163
      1169
      1175
      1181
      1187
      1193
      1199
      1205
      1211
      1217
      1223
      1229
      1235
      1241
      1247
      1253
      1259
      1265
      1271
      1277
      1283
      1289
      1295
      1301
      1307
      1313
      1319
      1325
      1331
      1337
      1343
      1349
      1355
      1361
      1367
      1373
      1379
      1385
      1391
      1397
      1403
      1409
      1415
      1421
      1427
      1433
      1439
      1445
      1451
      1457
      1463
      1469
      1475
      1481
      1487
      1493
      1499
      1505
      1511
      1517
      1523
      1529
      1534
      1540
      1546
      1552
      1558
      1564
      1570
      1576
      1582
      1588
      1594
      1600
      1606
      1611
      1617
      1623
      1629
      1634
      1640
      1646
      1651
      1657
      1663
      1669
      1675
      1681
      1687
      1692
      1698
      1704
      1710
      1716
      1722
      1728
      1734
      1740
      1746
      1751
      1756
      1761
      1766
      1770
      1774
      1780
      1785
      1790
      1794
      1800
      1806
      1812
      1818
      1824
      1830
      1835
      1840
      1845
      1850
      1855
      1860
      1866
      1871
      1877
      1883
      1888
      1893
      1899
      1905
      1911
      1916
      1921
      1926
      1932
      1938
      1944
      1950
      1956
      1962
      1968
      1974
      1980
      1985
      1990
      1995
      2001
      2007
      2013
      2019
      2025
      2031
      2037
      2043
      2049
      2055
      2061
      2067
      2073
      2079
      2085
      2091
      2097
      2102
      2107
      2112
      2118
      2124
      2130
      2136
      2141
      2146
      2151
      2157
      2163
      2169
      2175
      2180
      2185
      2190
      2196
      2202
      2208
      2214
      2220
      2226
      2232
      2238
      2244
      2250
      2256
      2262
      2268
      2274
      2280
      2286
      2292
      2298
      2304
      2310
      2316
      2322
      2328
      2334
      2340
      2346
      2352
      2357
      2362
      2367
      2373
      2379
      2385
      2391
      2397
      2403
      2409
      2415
      2421
      2427
      2433
      2439
      2445
      2451
      2457
      2463
      2468
      2473
      2478
      2482
      2487
      2491
      2496
      2502
      2508
      2513
      2517
      2522
      2528
      2534
      2540
      2546
      2551
      2556
      2561
      2566
      2571
      2576
      2582
      2588
      2594
      2600
      2606
      2611
      2617
      2623
      2629
      2635
      2641
      2647
      2652
      2657
      2663
      2668
      2673
      2679
      2685
      2691
      2697
      2703
      2709
      2715
      2721
      2727
      2733
      2739
      2745
      2751
      2756
      2762
      2768
      2774
      2780
      2785
      2790
      2795
      2800
      2806
      2812
      2818
      2824
      2830
      2836
      2842
      2848
      2854
      2860
      2865
      2870
      2876
      2882
      2888
      2894
      2900
      2905
      2910
      2915
      2920
      2926
      2932
      2938
      2944
      2950
      2956
      2961
      2966
      2971
      2977
      2983
      2989
      2995
      3001
      3007
      3013
      3019
      3025
      3031
      3037
      3042
      3047
      3052
      3058
      3064
      3070
      3076
      3082
      3088
      3094
      3100
      3106
      3112
      3118
      3124
      3130
      3136
      3142
      3148
      3154
      3160
      3166
      3172
      3178
      3184
      3190
      3196
      3202
      3208
      3214
      3218
      3224
      3230
      3235
      3241
      3247
      3252
      3258
      3263
      3268
      3274
      3280
      3286
      3292
      3297
      3303
      3309
      3314
      3320
      3326
      3332
      3337
      3343
      3349
      3355
      3361
      3366
      3372
      3378
      3383
      3389
      3394
      3400
      3405
      3411
      3417
      3423
      3429
      3435
      3441
      3447
      3453
      3458
      3464
      3470
      3476
      3481
      3487
      3493
      3499
      3505
      3511
      3517
      3523
      3529
      3535
      3541
      3547
      3552
      3558
      3564
      3570
      3575
      3581
      3587
      3592
      3598
      3604
      3610
      3616
      3622
      3628
      3634
      3640
      3646
      3651
      3657
      3663
      3669
      3675
      3681
      3687
      3693
      3698
      3704
      3710
      3716
      3722
      3728
      3734
      3740
      3746
      3751
      3757
      3763
      3769
      3775
      3781
      3787
      3792
      3797
      3802
      3807
      3813
      3819
      3825
      3831
      3836
      3841
      3846
      3851
      3857
      3863
      3869
      3875
      3881
      3887
      3892
      3897
      3902
      3908
      3914
      3919
      3924
      3930
      3936
      3941
      3946
      3952
      3958
      3964
      3970
      3975
      3980
      3985
      3991
      3997
      4003
      4009
      4015
      4021
      4027
      4033
      4039
      4045
      4051
      4057
      4063
      4068
      4073
      4079
      4085
      4091
      4097
      4102
      4108
      4114
      4120
      4125
      4130
      4136
      4142
      4148
      4154
      4160
      4166
      4172
      4178
      4184
      4190
      4196
      4202
      4207
      4212
      4217
      4222
      4227
      4233
      4239
      4245
      4251
      4257
      4263
      4269
      4275
      4280
      4285
      4291
      4297
      4303
      4309
      4315
      4321
      4327
      4333
      4339
      4345
      4351
      4357
      4363
      4369
      4375
      4381
      4387
      4393
      4399
      4405
      4411
      4417
      4423
      4429
      4435
      4441
      4447
      4453
      4459
      4465
      4471
      4477
      4483
      4489
      4495
      4500
      4505
      4510
      4515
      4520
      4526
      4532
      4538
      4544
      4550
      4556
      4562
      4568
      4574
      4580
      4586
      4592
      4598
      4604
      4610
      4616
      4622
      4628
      4634
      4640
      4646
      4652
      4658
      4664
      4670
      4676
      4682
      4688
      4694
      4700
      4706
      4712
      4718
      4724
      4730
      4736
      4742
      4748
      4754
      4760
      4766
      4772
      4778
      4784
      4790
      4796
      4801
      4806
      4811
      4816
      4821
      4827
      4833
      4839
      4845
      4851
      4857
      4862
      4868
      4874
      4880
      4885
      4891
      4897
      4902
      4907
      4912
      4917
      4923
      4929
      4935
      4941
      4947
      4952
      4958
      4964
      4970
      4976
      4981
      4987
      4993
      4998
      5004
      5010
      5016
      5021
      5026
      5031
      5037
      5043
      5049
      5054
      5060
      5066
      5071
      5076
      5081
      5087
      5093
      5099
      5105
      5111
      5117
      5123
      5129
      5135
      5141
      5147
      5153
      5159
      5165
      5171
      5177
      5183
      5189
      5195
      5201
      5207
      5213
      5219
      5225
      5231
      5236
      5241
      5247
      5253
      5259
      5265
      5271
      5277
      5283
      5289
      5295
      5301
      5307
      5313
      5319
      5325
      5330
      5335
      5341
      5347
      5353
      5359
      5365
      5371
      5377
      5383
      5389
      5395
      5401
      5407
      5413
      5419
      5425
      5431
      5437
      5442
      5447
      5452
      5457
      5463
      5469
      5475
      5481
      5487
      5493
      5499
      5505
      5511
      5517
      5523
      5529
      5535
      5541
      5547
      5553
      5559
      5565
      5571
      5576
      5582
      5588
      5594
      5599
      5605
      5611
      5617
      5623
      5629
      5635
      5641
      5646
      5651
      5656
      5662
      5668
      5674
      5680
      5685
      5691
      5697
      5703
      5709
      5715
      5721
      5727
      5733
      5739
      5745
      5751
      5757
      5763
      5769
      5775
      5781
      5787
      5793
      5799
      5805
      5811
      5817
      5823
      5829
      5835
      5841
      5847
      5853
      5859
      5865
      5871
      5877
      5883
      5889
      5895
      5901
      5907
      5913
      5919
      5925
      5931
      5937
      5943
      5949
      5955
      5961
      5967
      5973
      5979
      5985
      5991
      5997
      6003
      6009
      6015
      6021
      6027
      6033
      6039
      6045
      6051
      6057
      6063
      6069
      6075
      6081
      6087
      6093
      6099
      6105
      6111
      6117
      6123
      6129
      6135
      6141
      6147
      6153
      6159
      6165
      6171
      6177
      6183
      6189
      6195
      6201
      6207
      6213
      6219
      6225
      6231
      6237
      6243
      6249
      6255
      6261
      6267
      6273
      6279
      6285
      6291
      6297
      6303
      6309
      6315
      6321
      6327
      6333
      6339
      6345
      6351
      6357
      6363
      6369
      6375
      6381
      6387
      6393
      6399
      6405
      6411
      6417
      6423
      6429
      6435
      6441
      6447
      6453
      6459
      6465
      6471
      6477
      6483
      6489
      6495
      6501
      6507
      6513
      6519
      6525
      6531
      6537
      6543
      6549
      6555
      6561
      6567
      6573
      6579
      6585
      6591
      6597
      6603
      6609
      6615
      6621
      6627
      6633
      6639
      6645
      6651
      6657
      6663
      6669
      6675
      6681
      6687
      6693
      6699
      6705
      6711
      6717
      6723
      6729
      6735
      6741
      6747
      6753
      6759
      6765
      6771
      6777
      6783
      6789
      6795
      6801
      6807
      6813
      6819
      6825
      6831
      6837
      6843
      6849
      6855
      6861
      6867
      6873
      6879
      6885
      6891
      6897
      6903
      6909
      6915
      6921
      6927
      6933
      6939
      6945
      6951
      6957
      6963
      6969
      6975
      6981
      6987
      6993
      6999
      7005
      7011
      7017
      7023
      7029
      7035
      7041
      7047
      7053
      7059
      7065
      7071
      7077
      7083
      7089
      7095
      7101
      7107
      7113
      7119
      7125
      7131
      7137
      7143
      7149
      7155
      7161
      7167
      7173
      7179
      7185
      7191
      7197
      7203
      7209
      7215
      7221
      7227
      7233
      7239
      7245
      7251
      7257
      7263
      7269
      7275
      7281
      7287
      7293
      7299
      7305
      7311
      7317
      7323
      7329
      7335
      7341
      7347
      7353
      7359
      7365
      7371
      7377
      7383
      7389
      7395
      7401
      7407
      7413
      7419
      7425
      7431
      7437
      7443
      7449
      7455
      7461
      7467
      7473
      7479
      7485
      7491
      7497
      7503
      7509
      7515
      7521
      7527
      7533
      7539
      7545
      7551
      7557
      7563
      7569
      7575
      7581
      7587
      7593
      7599
      7605
      7611
      7617
      7623
      7629
      7635
      7641
      7647
      7653
      7659
      7665
      7671
      7677
      7683
      7689
      7695
      7701
      7707
      7713
      7719
      7725
      7731
      7737
      7743
      7749
      7755
      7761
      7767
      7772
      7778
      7784
      7790
      7796
      7802
      7808
      7814
      7820
      7826
      7832
      7837
      7843
      7849
      7855
      7861
      7867
      7873
      7879
      7885
      7891
      7897
      7903
      7909
      7915
      7921
      7927
      7933
      7939
      7945
      7951
      7957
      7963
      7969
      7975
      7981
      7987
      7993
      7999
      8005
      8011
      8017
      8023
      8029
      8035
      8041
      8047
      8053
      8059
      8065
      8071
      8077
      8083
      8089
      8095
      8101
      8107
      8113
      8119
      8125
      8131
      8137
      8143
      8149
      8155
      8161
      8167
      8173
      8178
      8184
      8189
      8194
      8199
      8204
      8210
      8216
      8222
      8228
      8234
      8240
      8246
      8252
      8258
      8264
      8270
      8276
      8282
      8287
      8292
      8297
      8301
      8305
      8309
      8312
      8318
      8323
      8328
      8333
      8337
      8341
      8345
      8349
      8355
      8361
      8366
      8371
      8376
      8381
      8385
      8391
      8396
      8401
      8406
      8410
      8414
      8420
      8425
      8430
      8434
      8439
      8445
      8450
      8456
      8461
      8467
      8472
      8477
      8483
      8488
      8494
      8499
      8505
      8510
      8515
      8520
      8526
      8532
      8538
      8544
      8549
      8554
      8559
      8565
      8571
      8577
      8583
      8587
      8592
      8597
      8602
      8608
      8614
      8619
      8624
      8629
      8635
      8640
      8646
      8651
      8656
      8662
      8668
      8674
      8680
      8685
      8690
      8695
      8701
      8707
      8713
      8719
      8725
      8731
      8737
      8743
      8749
      8755
      8761
      8766
      8772
      8778
      8782
      8787
      8792
      8797
      8803
      8808
      8814
      8819
      8825
      8831
      8837
      8842
      8846
      8851
      8856
      8861
      8867
      8873
      8879
      8885
      8891
      8897
      8903
      8909
      8914
      8919
      8924
      8930
      8936
      8942
      8947
      8952
      8957
      8962
      8967
      8972
      8977
      8982
      8988
      8994
      9000
      9006
      9012
      9018
      9024
      9030
      9036
      9042
      9048
      9054
      9060
      9066
      9072
      9078
      9084
      9090
      9096
      9102
      9108
      9114
      9120
      9126
      9132
      9138
      9144
      9150
      9156
      9161
      9166
      9171
      9176
      9180
      9184
      9190
      9196
      9201
      9206
      9211
      9216
      9220
      9224
      9230
      9236
      9242
      9248
      9254
      9259
      9264
      9269
      9274
      9279
      9285
      9291
      9296
      9301
      9306
      9311
      9317
      9323
      9328
      9333
      9337
      9343
      9349
      9355
      9360
      9365
      9370
      9375
      9380
      9386
      9392
      9398
      9404
      9410
      9416
      9421
      9426
      9431
      9437
      9443
      9449
      9454
      9459
      9465
      9471
      9476
      9481
      9487
      9493
      9498
      9503
      9509
      9514
      9519
      9524
      9529
      9535
      9541
      9546
      9551
      9557
      9563
      9569
      9575
      9581
      9587
      9593
      9598
      9603
      9608
      9613
      9619
      9625
      9631
      9637
      9643
      9649
      9655
      9661
      9667
      9673
      9679
      9685
      9691
      9697
      9702
      9707
      9712
      9717
      9722
      9727
      9732
      9738
      9744
      9750
      9756
      9762
      9768
      9774
      9780
      9786
      9792
      9798
      9804
      9810
      9816
      9822
      9828
      9834
      9840
      9846
      9852
      9858
      9864
      9870
      9876
      9882
      9888
      9894
      9900
      9906
      9912
      9918
      9924
      9930
      9936
      9942
      9948
      9954
      9960
      9966
      9972
      9978
      9984
      9990
      9996
     10001
     10006
     10011
     10016
     10021
     10027
     10033
     10039
     10045
     10051
     10057
     10063
     10069
     10075
     10081
     10087
     10093
     10099
     10105
     10111
     10117
     10123
     10129
     10135
     10141
     10147
     10153
     10159
     10165
     10171
     10177
     10183
     10189
     10195
     10201
     10207
     10213
     10219
     10225
     10231
     10237
     10243
     10249
     10255
     10261
     10267
     10273
     10279
     10284
     10290
     10296
     10302
     10308
     10314
     10320
     10326
     10332
     10338
     10343
     10349
     10354
     10359
     10365
     10371
     10376
     10382
     10388
     10394
     10400
     10406
     10412
     10417
     10423
     10428
     10432
     10437
     10443
     10449
     10455
     10461
     10467
     10472
     10477
     10483
     10488
     10494
     10500
     10506
     10512
     10518
     10523
     10528
     10533
     10538
     10542
     10546
     10552
     10558
     10563
     10568
     10573
     10578
     10582
     10586
     10592
     10598
     10604
     10610
     10616
     10621
     10626
     10631
     10636
     10641
     10647
     10653
     10658
     10663
     10668
     10672
     10678
     10683
     10689
     10695
     10700
     10705
     10710
     10715
     10721
     10727
     10733
     10739
     10744
     10749
     10754
     10760
     10766
     10772
     10777
     10782
     10787
     10792
     10798
     10803
     10809
     10815
     10821
     10827
     10832
     10838
     10844
     10850
     10856
     10862
     10868
     10874
     10880
     10885
     10890
     10896
     10901
     10906
     10912
     10918
     10923
     10929
     10935
     10941
     10947
     10952
     10957
     10962
     10968
     10974
     10980
     10986
     10992
     10998
     11004
     11010
     11016
     11022
     11027
     11032
     11038
     11044
     11050
     11056
     11062
     11068
     11073
     11078
     11083
     11088
     11093
     11097
     11102
     11107
     11112
     11117
     11122
     11128
     11134
     11140
     11146
     11152
     11158
     11164
     11170
     11176
     11182
     11188
     11194
     11200
     11206
     11212
     11218
     11223
     11228
     11234
     11240
     11246
     11252
     11258
     11264
     11270
     11276
     11282
     11288
     11294
     11300
     11306
     11312
     11318
     11324
     11330
     11336
     11342
     11348
     11354
     11360
     11365
     11370
     11375
     11380
     11385
     11390
     11395
     11400
     11406
     11412
     11418
     11424
     11430
     11436
     11442
     11448
     11454
     11460
     11466
     11472
     11478
     11484
     11490
     11496
     11502
     11508
     11514
     11520
     11526
     11532
     11538
     11544
     11550
     11556
     11562
     11568
     11574
     11580
     11586
     11592
     11598
     11604
     11610
     11616
     11622
     11628
     11634
     11640
     11646
     11652
     11658
     11664
     11670
     11676
     11682
     11688
     11694
     11700
     11706
     11712
     11718
     11724
     11730
     11736
     11742
     11748
     11754
     11760
     11766
     11772
     11778
     11784
     11790
     11796
     11802
     11808
     11814
     11820
     11826
     11832
     11838
     11844
     11850
     11856
     11862
     11868
     11874
     11880
     11886
     11892
     11898
     11904
     11910
     11916
     11922
     11928
     11934
     11940
     11946
     11952
     11958
     11964
     11970
     11976
     11982
     11988
     11994
     12000
     12006
     12012
     12018
     12024
     12030
     12036
     12042
     12048
     12054
     12060
     12066
     12072
     12078
     12084
     12090
     12096
     12102
     12108
     12114
     12120
     12126
     12132
     12138
     12144
     12150
     12155
     12160
     12165
     12170
     12176
     12182
     12188
     12194
     12199
     12204
     12209
     12214
     12220
     12226
     12231
     12236
     12242
     12248
     12254
     12260
     12265
     12270
     12276
     12282
     12288
     12294
     12299
     12304
     12310
     12316
     12322
     12328
     12334
     12340
     12345
     12350
     12356
     12362
     12368
     12374
     12380
     12386
     12392
     12398
     12404
     12410
     12416
     12422
     12428
     12434
     12440
     12446
     12452
     12458
     12464
     12470
     12475
     12481
     12487
     12493
     12498
     12504
     12510
     12516
     12522
     12528
     12534
     12540
     12545
     12550
     12555
     12561
     12567
     12573
     12579
     12585
     12591
     12597
     12603
     12609
     12614
     12619
     12624
     12630
     12636
     12642
     12648
     12654
     12660
     12666
     12672
     12678
     12683
     12688
     12693
     12698
     12703
     12708
     12714
     12720
     12726
     12732
     12738
     12744
     12750
     12756
     12762
     12768
     12774
     12780
     12786
     12792
     12798
     12804
     12810
     12816
     12822
     12828
     12834
     12840
     12846
     12852
     12858
     12864
     12870
     12876
     12882
     12888
     12894
     12900
     12906
     12912
     12918
     12924
     12930
     12936
     12942
     12948
     12954
     12960
     12966
     12972
     12978
     12984
     12990
     12996
     13001
     13007
     13013
     13019
     13025
     13031
     13037
     13043
     13049
     13055
     13061
     13067
     13073
     13079
     13085
     13090
     13095
     13101
     13107
     13113
     13119
     13125
     13131
     13137
     13143
     13149
     13155
     13161
     13167
     13173
     13179
     13184
     13190
     13196
     13202
     13208
     13214
     13220
     13226
     13232
     13237
     13242
     13248
     13254
     13260
     13266
     13272
     13278
     13284
     13290
     13296
     13302
     13308
     13314
     13320
     13325
     13331
     13336
     13342
     13348
     13354
     13359
     13365
     13371
     13376
     13382
     13388
     13394
     13400
     13405
     13411
     13417
     13422
     13428
     13434
     13440
     13444
     13450
     13456
     13462
     13468
     13474
     13480
     13486
     13491
     13497
     13503
     13509
     13515
     13521
     13527
     13533
     13539
     13545
     13551
     13557
     13563
     13569
     13574
     13580
     13586
     13592
     13598
     13604
     13609
     13615
     13621
     13627
     13633
     13638
     13644
     13650
     13656
     13661
     13667
     13672
     13678
     13683
     13689
     13695
     13701
     13706
     13712
     13717
     13723
     13729
     13735
     13740
     13746
     13751
     13755
     13761
     13766
     13771
     13775
     13780
     13785
     13791
     13797
     13801
     13807
     13813
     13818
     13823
     13827
     13832
     13837
     13843
     13849
     13855
     13860
     13865
     13870
     13875
     13881
     13887
     13892
     13897
     13902
     13907
     13913
     13919
     13925
     13930
     13936
     13941
     13947
     13953
     13958
     13964
     13970
     13975
     13980
     13986
     13992
     13998
     14004
     14010
     14015
     14020
     14025
     14031
     14037
     14043
     14048
     14053
     14058
     14064
     14070
     14076
     14081
     14087
     14093
     14099
     14105
     14111
     14117
     14122
     14128
     14132
     14137
     14142
     14148
     14154
     14160
     14166
     14172
     14178
     14184
     14190
     14196
     14202
     14208
     14214
     14220
     14225
     14230
     14235
     14240
     14245
     14251
     14257
     14263
     14269
     14275
     14281
     14287
     14293
     14299
     14305
     14311
     14317
     14323
     14329
     14335
     14341
     14346
     14351
     14356
     14361
     14367
     14373
     14379
     14385
     14391
     14397
     14403
     14409
     14415
     14421
     14427
     14433
     14439
     14445
     14451
     14457
     14463
     14469
     14474
     14479
     14484
     14489
     14494
     14500
     14506
     14512
     14518
     14524
     14530
     14536
     14542
     14548
     14554
     14560
     14566
     14572
     14578
     14584
     14590
     14596
     14602
     14608
     14614
     14620
     14626
     14632
     14638
     14644
     14650
     14656
     14662
     14668
     14673
     14678
     14683
     14687
     14691
     14695
     14698
     14703
     14709
     14715
     14720
     14725
     14730
     14734
     14738
     14742
     14746
     14751
     14756
     14761
     14766
     14770
     14774
     14779
     14785
     14791
     14796
     14801
     14805
     14811
     14817
     14822
     14828
     14833
     14837
     14842
     14847
     14853
     14858
     14863
     14869
     14874
     14880
     14885
     14891
     14896
     14901
     14907
     14912
     14918
     14923
     14929
     14935
     14941
     14947
     14952
     14958
     14963
     14968
     14974
     14980
     14986
     14992
     14998
     15003
     15008
     15014
     15020
     15025
     15030
     15035
     15040
     15045
     15050
     15055
     15061
     15067
     15073
     15079
     15085
     15091
     15097
     15103
     15109
     15115
     15119
     15124
     15129
     15134
     15139
     15145
     15151
     15157
     15163
     15168
     15173
     15178
     15184
     15190
     15196
     15202
     15208
     15213
     15217
     15222
     15227
     15233
     15239
     15245
     15251
     15257
     15263
     15268
     15272
     15277
     15282
     15287
     15293
     15299
     15305
     15311
     15316
     15321
     15327
     15333
     15339
     15345
     15351
     15357
     15363
     15369
     15375
     15381
     15387
     15391
     15396
     15401
     15406
     15411
     15416
     15421
     15426
     15431
     15436
     15442
     15448
     15454
     15460
     15466
     15472
     15478
     15484
     15490
     15496
     15502
     15508
     15514
     15520
     15526
     15532
     15536
     15542
     15548
     15553
     15559
     15564
     15570
     15576
     15582
     15588
     15593
     15599
     15604
     15609
     15615
     15621
     15627
     15633
     15639
     15645
     15651
     15657
     15663
     15669
     15675
     15680
     15685
     15691
     15696
     15702
     15707
     15712
     15718
     15723
     15729
     15734
     15740
     15746
     15752
     15758
     15764
     15770
     15775
     15781
     15787
     15792
     15797
     15802
     15806
     15810
     15815
     15820
     15826
     15832
     15838
     15843
     15848
     15853
     15857
     15861
     15867
     15872
     15877
     15883
     15889
     15894
     15899
     15904
     15910
     15916
     15921
     15926
     15932
     15938
     15944
     15949
     15954
     15960
     15966
     15971
     15976
     15981
     15987
     15992
     15998
     16004
     16010
     16016
     16022
     16028
     16033
     16038
     16042
     16047
     16052
     16058
     16063
     16068
     16074
     16080
     16086
     16092
     16098
     16104
     16110
     16116
     16122
     16128
     16133
     16139
     16145
     16151
     16157
     16162
     16167
     16172
     16178
     16184
     16190
     16196
     16202
     16208
     16214
     16220
     16226
     16232
     16238
     16244
     16250
     16255
     16260
     16265
     16270
     16275
     16280
     16285
     16291
     16297
     16303
     16309
     16315
     16321
     16327
     16333
     16339
     16345
     16351
     16357
     16363
     16369
     16375
     16381
     16387
     16393
     16399
     16405
     16411
     16417
     16423
     16429
     16434
     16439
     16444
     16449
     16455
     16461
     16466
     16471
     16477
     16483
     16489
     16495
     16501
     16507
     16512
     16517
     16523
     16528
     16534
     16540
     16545
     16550
     16556
     16562
     16568
     16573
     16579
     16585
     16591
     16597
     16603
     16609
     16615
     16621
     16627
     16633
     16639
     16645
     16651
     16657
     16663
     16669
     16675
     16681
     16687
     16693
     16699
     16705
     16711
     16717
     16722
     16727
     16732
     16738
     16744
     16750
     16756
     16762
     16767
     16772
     16777
     16783
     16789
     16795
     16801
     16807
     16813
     16819
     16825
     16831
     16837
     16843
     16849
     16855
     16861
     16867
     16873
     16879
     16885
     16891
     16897
     16903
     16909
     16915
     16921
     16927
     16932
     16937
     16943
     16949
     16955
     16961
     16967
     16973
     16978
     16984
     16990
     16996
     17002
     17007
     17013
     17019
     17025
     17031
     17037
     17043
     17049
     17055
     17061
     17067
     17073
     17079
     17084
     17089
     17095
     17101
     17107
     17113
     17119
     17125
     17131
     17136
     17141
     17146
     17151
     17156
     17162
     17167
     17173
     17179
     17185
     17190
     17195
     17200
     17206
     17211
     17217
     17222
     17228
     17233
     17239
     17245
     17251
     17256
     17261
     17267
     17272
     17278
     17284
     17289
     17295
     17301
     17307
     17313
     17318
     17324
     17330
     17336
     17342
     17348
     17354
     17360
     17366
     17372
     17378
     17383
     17388
     17394
     17400
     17406
     17412
     17418
     17424
     17430
     17436
     17441
     17447
     17453
     17459
     17465
     17471
     17477
     17483
     17489
     17495
     17500
     17505
     17510
     17516
     17522
     17528
     17534
     17540
     17546
     17552
     17558
     17564
     17570
     17576
     17582
     17588
     17594
     17600
     17606
     17611
     17616
     17621
     17626
     17631
     17637
     17643
     17649
     17655
     17661
     17667
     17673
     17679
     17685
     17691
     17697
     17703
     17709
     17715
     17721
     17727
     17733
     17739
     17745
     17751
     17757
     17763
     17769
     17775
     17781
     17787
     17793
     17799
     17805
     17811
     17817
     17823
     17829
     17835
     17841
     17847
     17853
     17859
     17865
     17871
     17877
     17883
     17889
     17895
     17901
     17907
     17913
     17919
     17925
     17931
     17937
     17943
     17949
     17955
     17961
     17967
     17973
     17979
     17985
     17991
     17997
     18003
     18009
     18015
     18021
     18027
     18033
     18039
     18045
     18051
     18057
     18063
     18069
     18075
     18081
     18087
     18093
     18099
     18105
     18111
     18117
     18123
     18129
     18135
     18141
     18147
     18153
     18159
     18165
     18171
     18177
     18183
     18189
     18195
     18201
     18207
     18213
     18219
     18225
     18231
     18237
     18243
     18249
     18255
     18261
     18267
     18273
     18279
     18285
     18291
     18297
     18303
     18309
     18315
     18321
     18327
     18333
     18339
     18345
     18351
     18357
     18363
     18369
     18375
     18381
     18387
     18393
     18399
     18405
     18411
     18417
     18423
     18429
     18435
     18441
     18447
     18453
     18459
     18465
     18471
     18477
     18483
     18489
     18495
     18500
     18505
     18511
     18517
     18523
     18529
     18534
     18540
     18546
     18552
     18558
     18564
     18570
     18576
     18582
     18588
     18594
     18600
     18606
     18612
     18618
     18624
     18630
     18635
     18640
     18646
     18651
     18657
     18662
     18667
     18672
     18677
     18683
     18689
     18694
     18700
     18706
     18712
     18718
     18723
     18729
     18735
     18741
     18746
     18752
     18758
     18763
     18769
     18775
     18780
     18786
     18792
     18798
     18804
     18810
     18816
     18822
     18828
     18833
     18839
     18844
     18850
     18856
     18862
     18866
     18872
     18878
     18883
     18889
     18894
     18900
     18906
     18912
     18918
     18924
     18930
     18936
     18942
     18947
     18953
     18959
     18965
     18971
     18977
     18983
     18989
     18995
     19001
     19007
     19013
     19019
     19025
     19031
     19037
     19043
     19049
     19055
     19060
     19066
     19072
     19077
     19083
     19089
     19095
     19101
     19106
     19112
     19117
     19123
     19129
     19135
     19140
     19146
     19152
     19158
     19163
     19169
     19175
     19180
     19185
     19191
     19197
     19203
     19208
     19213
     19219
     19225
     19231
     19237
     19243
     19249
     19255
     19260
     19266
     19271
     19276
     19282
     19288
     19294
     19300
     19306
     19312
     19318
     19324
     19330
     19335
     19340
     19345
     19351
     19357
     19363
     19369
     19375
     19380
     19386
     19392
     19398
     19404
     19410
     19416
     19422
     19428
     19434
     19440
     19446
     19452
     19458
     19462
     19467
     19472
     19477
     19483
     19488
     19494
     19499
     19504
     19510
     19516
     19522
     19528
     19534
     19540
     19546
     19552
     19557
     19563
     19569
     19575
     19581
     19587
     19593
     19599
     19605
     19611
     19616
     19622
     19627
     19632
     19638
     19644
     19649
     19655
     19661
     19667
     19673
     19679
     19685
     19691
     19697
     19703
     19709
     19715
     19721
     19727
     19733
     19739
     19745
     19751
     19757
     19763
     19769
     19775
     19781
     19787
     19793
     19799
     19805
     19811
     19817
     19823
     19829
     19835
     19841
     19847
     19853
     19859
     19865
     19871
     19877
     19883
     19889
     19895
     19901
     19907
     19913
     19919
     19925
     19931
     19937
     19943
     19949
     19955
     19961
     19967
     19973
     19979
     19985
     19991
     19997
     20003
     20009
     20015
     20021
     20027
     20033
     20039
     20045
     20051
     20056
     20062
     20068
     20074
     20080
     20086
     20091
     20096
     20101
     20107
     20113
     20119
     20125
     20131
     20137
     20143
     20149
     20155
     20161
     20167
     20172
     20177
     20183
     20189
     20194
     20200
     20206
     20212
     20218
     20224
     20230
     20236
     20242
     20248
     20254
     20260
     20266
     20272
     20278
     20284
     20290
     20295
     20301
     20307
     20313
     20319
     20325
     20331
     20337
     20343
     20349
     20355
     20361
     20366
     20372
     20378
     20384
     20389
     20395
     20401
     20407
     20413
     20419
     20425
     20431
     20437
     20442
     20448
     20453
     20459
     20464
     20470
     20475
     20481
     20487
     20493
     20499
     20505
     20511
     20517
     20523
     20529
     20535
     20539
     20545
     20551
     20557
     20563
     20569
     20575
     20580
     20585
     20591
     20596
     20602
     20608
     20614
     20619
     20625
     20630
     20636
     20642
     20648
     20654
     20660
     20666
     20672
     20678
     20684
     20690
     20696
     20702
     20707
     20713
     20718
     20722
     20726
     20729
     20733
     20737
     20741
     20746
     20749
     20752
     20755
     20758
     20762
     20766
     20770
     20774
     20778
     20782
     20787
     20792
     20796
     20800
     20804
     20808
     20812
     20816
     20820
     20824
     20828
     20832
     20837
     20840
     20844
     20848
     20852
     20856
     20860
     20864
     20868
     20872
     20876
     20879
     20883
     20887
     20892
     20896
     20900
     20904
     20908
     20912
     20916
     20920
     20924
     20928
     20932
     20936
     20940
     20944
     20948
     20951
     20955
     20959
     20963
     20967
     20972
     20975
     20979
     20983
     20987
     20992
     20997
     21002
     21007
     21012
     21017
     21022
     21027
     21032
     21037
     21042
     21046
     21051
     21056
     21061
     21067
     21070
     21074
     21079
     21084
     21090
     21094
     21099
     21105
     21108
     21113
     21119
     21123
     21129
     21133
     21139
     21143
     21149
     21153
     21159
     21162
     21168
     21173
     21178
     21182
     21187
     21192
     21197
     21202
     21207
     21212
     21218
     21222
     21227
     21232
     21236
     21241
     21246
     21251
     21256
     21260
     21265
     21270
     21275
     21280
     21284
     21289
     21294
     21299
     21304
     21308
     21313
     21318
     21323
     21328
     21332
     21337
     21342
     21347
     21351
     21356
     21361
     21366
     21370
     21375
     21380
     21385
     21389
     21394
     21399
     21404
     21408
     21413
     21418
     21423
     21427
     21432
     21437
     21442
     21446
     21451
     21456
     21461
     21464
     21468
     21472
     21476
     21481
     21486
     21492
     21498
     21502
     21507
     21513
     21517
     21522
     21528
     21534
     21539
     21544
     21550
     21555
     21561
     21566
     21572
     21578
     21584
     21590
     21595
     21601
     21606
     21612
     21616
     21621
     21626
     21631
     21636
     21641
     21646
     21651
     21656
     21661
     21666
     21671
     21676
     21681
     21686
     21691
     21697
     21703
     21709
     21715
     21720
     21725
     21730
     21735
     21740
     21746
     21749
     21754
     21759
     21764
     21769
     21775
     21779
     21784
     21789
     21794
     21800
     21806
     21809
     21814
     21820
     21826
     21831
     21837
     21842
     21847
     21852
     21858
     21862
     21867
     21872
     21877
     21882
     21887
     21892
     21897
     21902
     21907
     21912
     21917
     21923
     21929
     21935
     21941
     21947
     21951
     21955
     21959
     21963
     21967
     21972
     21977
     21982
     21987
     21992
     21997
     22002
     22007
     22012
     22017
     22022
     22027
     22032
     22037
     22042
     22047
     22052
     22057
     22062
     22067
     22072
     22077
     22082
     22087
     22092
     22097
     22102
     22107
     22112
     22117
     22122
     22127
     22132
     22137
     22142
     22147
     22152
     22157
     22162
     22167
     22172
     22177
     22182
     22187
     22192
     22197
     22202
     22206
     22211
     22216
     22220
     22225
     22230
     22233
     22238
     22241
     22244
     22249
     22254
     22260
     22264
     22270
     22274
     22278
     22283
     22288
     22294
     22298
     22304
     22308
     22312
     22318
     22323
     22328
     22333
     22338
     22344
     22349
     22354
     22359
     22364
     22370
     22376
     22381
     22386
     22391
     22396
     22402
     22407
     22411
     22415
     22419
     22423
     22427
     22431
     22437
     22442
     22447
     22452
     22457
     22462
     22467
     22471
     22477
     22483
     22489
     22494
     22499
     22504
     22509
     22514
     22518
     22521
     22527
     22533
     22539
     22545
     22550
     22555
     22560
     22565
     22569
     22573
     22576
     22582
     22587
     22592
     22597
     22602
     22607
     22612
     22616
     22622
     22628
     22633
     22638
     22643
     22648
     22653
     22658
     22662
     22667
     22672
     22677
     22682
     22687
     22692
     22697
     22702
     22707
     22712
     22717
     22722
     22727
     22732
     22737
     22742
     22747
     22752
     22757
     22762
     22767
     22771
     22774
     22778
     22783
     22787
     22791
     22795
     22798
     22802
     22807
     22812
     22817
     22822
     22827
     22831
     22834
     22839
     22843
     22846
     22851
     22855
     22859
     22863
     22866
     22871
     22875
     22881
     22886
     22890
     22896
     22901
     22906
     22911
     22915
     22921
     22925
     22931
     22936
     22940
     22946
     22951
     22956
     22961
     22965
     22971
     22975
     22981
     22986
     22990
     22996
     23001
     23006
     23011
     23015
     23020
     23026
     23030
     23036
     23041
     23045
     23051
     23056
     23061
     23066
     23070
     23075
     23081
     23085
     23091
     23096
     23100
     23106
     23111
     23116
     23121
     23125
     23130
     23136
     23140
     23146
     23151
     23155
     23161
     23166
     23171
     23176
     23180
     23185
     23191
     23195
     23201
     23206
     23210
     23216
     23221
     23226
     23231
     23235
     23240
     23246
     23250
     23256
     23261
     23265
     23271
     23276
     23281
     23286
     23290
     23296
     23301
     23307
     23310
     23316
     23320
     23326
     23331
     23336
     23341
     23345
     23351
     23356
     23361
     23367
     23370
     23375
     23381
     23386
     23391
     23396
     23400
     23405
     23410
     23414
     23419
     23425
     23430
     23435
     23440
     23444
     23449
     23453
     23458
     23464
     23469
     23474
     23479
     23483
     23488
     23492
     23497
     23503
     23508
     23513
     23518
     23522
     23526
     23529
     23533
     23537
     23541
     23545
     23549
     23553
     23557
     23560
     23564
     23568
     23572
     23576
     23580
     23584
     23588
     23592
     23595
     23599
     23603
     23608
     23613
     23618
     23623
     23628
     23633
     23638
     23643
     23648
     23653
     23658
     23663
     23667
     23672
     23677
     23682
     23687
     23692
     23697
     23702
     23706
     23709
     23713
     23717
     23721
     23725
     23730
     23735
     23740
     23744
     23749
     23754
     23759
     23762
     23766
     23771
     23776
     23781
     23786
     23790
     23795
     23800
     23805
     23810
     23815
     23819
     23824
     23829
     23834
     23839
     23844
     23848
     23853
     23858
     23863
     23868
     23873
     23877
     23882
     23887
     23892
     23897
     23902
     23906
     23911
     23916
     23921
     23926
     23931
     23934
     23938
     23942
     23946
     23950
     23954
     23959
     23964
     23969
     23974
     23979
     23984
     23989
     23994
     23999
     24004
     24009
     24014
     24019
     24024
     24029
     24034
     24039
     24045
     24051
     24057
     24063
     24068
     24073
     24078
     24084
     24089
     24094
     24099
     24105
     24110
     24116
     24122
     24128
     24133
     24139
     24144
     24150
     24155
     24161
     24166
     24172
     24177
     24183
     24187
     24192
     24196
     24200
     24204
     24208
     24212
     24216
     24220
     24225
     24230
     24236
     24240
     24245
     24250
     24255
     24260
     24265
     24270
     24275
     24280
     24285
     24290
     24296
     24302
     24305
     24310
     24315
     24320
     24325
     24330
     24336
     24339
     24344
     24349
     24354
     24359
     24364
     24369
     24374
     24379
     24384
     24389
     24394
     24399
     24404
     24409
     24414
     24419
     24424
     24429
     24434
     24439
     24444
     24449
     24454
     24459
     24464
     24469
     24474
     24479
     24484
     24489
     24494
     24499
     24504
     24509
     24514
     24519
     24524
     24529
     24534
     24539
     24544
     24549
     24554
     24559
     24564
     24570
     24576
     24580
     24584
     24589
     24594
     24599
     24604
     24608
     24612
     24616
     24620
     24625
     24628
     24632
     24637
     24642
     24647
     24652
     24657
     24662
     24667
     24672
     24677
     24682
     24687
     24692
     24697
     24702
     24707
     24712
     24717
     24722
     24727
     24732
     24737
     24742
     24747
     24753
     24759
     24765
     24771
     24777
     24783
     24787
     24791
     24795
     24799
     24803
     24807
     24812
     24817
     24822
     24827
     24832
     24837
