         1
         7
        13
        18
        23
        28
        33
        37
        41
        47
        53
        58
        63
        68
        73
        77
        82
        88
        94
       100
       106
       112
       118
       123
       128
       133
       138
       143
       149
       155
       160
       165
       170
       176
       182
       188
       193
       198
       204
       210
       215
       220
       225
       229
       235
       241
       247
       253
       259
       264
       269
       275
       280
       286
       292
       298
       304
       310
       316
       322
       328
       334
       340
       346
       352
       358
       364
       369
       374
       380
       385
       391
       396
       401
       407
       413
       419
       425
       431
       437
       443
       449
       455
       461
       467
       473
       479
       485
       491
       497
       503
       509
       514
       519
       524
       530
       535
       540
       546
       551
       556
       561
       566
       572
       578
       584
       590
       596
       602
       608
       614
       620
       626
       631
       636
       641
       647
       653
       659
       665
       671
       677
       683
       689
       695
       701
       707
       713
       719
       725
       731
       737
       743
       749
       755
       760
       765
       770
       775
       780
       785
       791
       797
       803
       809
       815
       821
       827
       833
       839
       845
       851
       857
       863
       869
       875
       881
       887
       893
       899
       905
       911
       917
       923
       929
       935
       941
       947
       953
       959
       965
       971
       977
       983
       989
       995
      1001
      1007
      1013
      1019
      1025
      1031
      1037
      1042
      1047
      1051
      1056
      1061
      1065
      1071
      1077
      1082
      1087
      1091
      1096
      1101
      1106
      1112
      1118
      1124
      1130
      1136
      1142
      1147
      1152
      1157
      1162
      1167
      1173
      1179
      1184
      1189
      1194
      1200
      1206
      1212
      1217
      1222
      1228
      1234
      1239
      1244
      1249
      1253
      1259
      1265
      1271
      1277
      1283
      1288
      1293
      1298
      1304
      1310
      1316
      1322
      1328
      1334
      1340
      1346
      1352
      1358
      1364
      1370
      1376
      1382
      1388
      1393
      1398
      1404
      1409
      1415
      1420
      1425
      1431
      1437
      1443
      1449
      1455
      1461
      1467
      1473
      1479
      1485
      1491
      1497
      1503
      1509
      1515
      1521
      1527
      1533
      1538
      1543
      1548
      1554
      1559
      1564
      1570
      1575
      1580
      1585
      1590
      1596
      1602
      1608
      1614
      1620
      1626
      1632
      1638
      1644
      1650
      1655
      1660
      1665
      1671
      1677
      1683
      1689
      1695
      1701
      1707
      1713
      1719
      1725
      1731
      1737
      1743
      1749
      1755
      1761
      1767
      1773
      1779
      1784
      1789
      1794
      1799
      1804
      1809
      1815
      1821
      1827
      1833
      1839
      1845
      1851
      1857
      1863
      1869
      1875
      1881
      1887
      1893
      1899
      1905
      1911
      1917
      1923
      1929
      1935
      1941
      1947
      1953
      1959
      1965
      1971
      1977
      1983
      1989
      1995
      2001
      2007
      2013
      2019
      2025
      2031
      2037
      2043
      2049
      2053
      2058
      2064
      2070
      2076
      2082
      2087
      2093
      2099
      2105
      2111
      2117
      2123
      2128
      2133
      2138
      2144
      2150
      2155
      2161
      2167
      2173
      2179
      2184
      2190
      2195
      2201
      2207
      2213
      2218
      2223
      2228
      2234
      2240
      2246
      2252
      2258
      2264
      2270
      2276
      2282
      2287
      2293
      2299
      2305
      2311
      2317
      2323
      2329
      2335
      2341
      2347
      2353
      2359
      2365
      2371
      2377
      2383
      2389
      2395
      2401
      2407
      2413
      2419
      2425
      2431
      2437
      2443
      2449
      2455
      2461
      2467
      2473
      2479
      2485
      2491
      2497
      2503
      2509
      2515
      2521
      2527
      2533
      2539
      2545
      2551
      2557
      2563
      2569
      2575
      2581
      2587
      2593
      2599
      2605
      2611
      2617
      2623
      2629
      2635
      2641
      2647
      2653
      2659
      2665
      2671
      2677
      2683
      2689
      2695
      2701
      2707
      2713
      2719
      2725
      2731
      2737
      2743
      2749
      2755
      2761
      2767
      2773
      2779
      2785
      2791
      2797
      2803
      2809
      2815
      2821
      2827
      2833
      2839
      2845
      2851
      2857
      2863
      2869
      2875
      2881
      2887
      2893
      2899
      2905
      2911
      2917
      2923
      2929
      2935
      2941
      2947
      2953
      2959
      2965
      2971
      2977
      2983
      2989
      2995
      3001
      3007
      3013
      3019
      3025
      3031
      3037
      3043
      3049
      3055
      3061
      3067
      3073
      3079
      3085
      3091
      3097
      3103
      3109
      3115
      3121
      3127
      3133
      3139
      3145
      3151
      3157
      3163
      3169
      3175
      3181
      3187
      3193
      3199
      3205
      3211
      3217
      3223
      3229
      3235
      3241
      3247
      3253
      3259
      3265
      3271
      3277
      3283
      3289
      3295
      3300
      3306
      3312
      3318
      3324
      3329
      3334
      3339
      3344
      3350
      3356
      3362
      3368
      3374
      3380
      3385
      3390
      3395
      3401
      3407
      3413
      3419
      3425
      3430
      3435
      3440
      3445
      3451
      3457
      3463
      3469
      3474
      3480
      3485
      3491
      3497
      3503
      3509
      3515
      3521
      3527
      3533
      3539
      3545
      3551
      3557
      3562
      3567
      3572
      3578
      3584
      3590
      3596
      3601
      3606
      3612
      3618
      3624
      3630
      3636
      3641
      3647
      3653
      3659
      3665
      3670
      3676
      3682
      3688
      3693
      3699
      3705
      3710
      3715
      3721
      3727
      3733
      3739
      3745
      3751
      3757
      3763
      3769
      3774
      3780
      3786
      3792
      3798
      3804
      3810
      3816
      3822
      3828
      3834
      3840
      3846
      3851
      3856
      3862
      3868
      3874
      3880
      3886
      3892
      3897
      3902
      3908
      3914
      3920
      3926
      3932
      3938
      3944
      3950
      3956
      3962
      3968
      3973
      3978
      3983
      3988
      3994
      4000
      4006
      4012
      4018
      4024
      4030
      4036
      4042
      4047
      4052
      4057
      4062
      4067
      4072
      4077
      4082
      4088
      4094
      4100
      4106
      4112
      4118
      4124
      4130
      4136
      4142
      4148
      4154
      4160
      4166
      4172
      4178
      4184
      4190
      4196
      4202
      4208
      4214
      4220
      4226
      4232
      4238
      4244
      4250
      4256
      4262
      4268
      4274
      4280
      4286
      4292
      4298
      4304
      4310
      4316
      4322
      4328
      4334
      4340
      4346
      4352
      4358
      4364
      4370
      4376
      4382
      4388
      4394
      4400
      4406
      4412
      4418
      4424
      4430
      4436
      4442
      4448
      4454
      4460
      4466
      4472
      4478
      4483
      4489
      4495
      4501
      4507
      4513
      4519
      4525
      4531
      4537
      4543
      4548
      4554
      4559
      4565
      4571
      4577
      4583
      4589
      4595
      4601
      4607
      4613
      4619
      4625
      4631
      4637
      4643
      4649
      4655
      4661
      4667
      4673
      4679
      4685
      4691
      4697
      4703
      4709
      4715
      4721
      4727
      4733
      4739
      4744
      4750
      4755
      4761
      4767
      4773
      4779
      4785
      4790
      4796
      4802
      4808
      4814
      4820
      4826
      4832
      4838
      4844
      4850
      4856
      4862
      4868
      4874
      4880
      4886
      4891
      4897
      4903
      4909
      4915
      4921
      4927
      4932
      4938
      4943
      4949
      4955
      4961
      4967
      4973
      4979
      4985
      4991
      4997
      5003
      5009
      5015
      5021
      5027
      5033
      5039
      5045
      5051
      5057
      5063
      5069
      5075
      5081
      5087
      5093
      5099
      5105
      5111
      5117
      5123
      5129
      5135
      5141
      5147
      5153
      5159
      5165
      5171
      5177
      5183
      5189
      5195
      5201
      5207
      5213
      5219
      5225
      5231
      5237
      5243
      5249
      5255
      5261
      5267
      5273
      5279
      5285
      5291
      5297
      5303
      5309
      5315
      5321
      5327
      5333
      5339
      5345
      5351
      5357
      5363
      5369
      5375
      5381
      5387
      5393
      5399
      5405
      5411
      5417
      5423
      5429
      5435
      5441
      5447
      5453
      5459
      5465
      5471
      5477
      5483
      5489
      5495
      5501
      5507
      5513
      5519
      5525
      5531
      5537
      5543
      5549
      5555
      5561
      5567
      5573
      5579
      5585
      5591
      5597
      5603
      5609
      5615
      5621
      5627
      5633
      5639
      5645
      5651
      5657
      5663
      5669
      5675
      5681
      5687
      5693
      5699
      5705
      5711
      5717
      5723
      5729
      5735
      5741
      5747
      5753
      5759
      5765
      5771
      5777
      5783
      5789
      5795
      5801
      5807
      5813
      5819
      5825
      5831
      5837
      5843
      5849
      5855
      5861
      5867
      5873
      5879
      5885
      5891
      5897
      5903
      5909
      5915
      5921
      5927
      5933
      5939
      5945
      5951
      5957
      5963
      5969
      5975
      5981
      5987
      5993
      5999
      6005
      6011
      6017
      6023
      6029
      6035
      6041
      6047
      6053
      6059
      6065
      6071
      6077
      6083
      6089
      6095
      6101
      6107
      6113
      6119
      6125
      6131
      6137
      6143
      6149
      6155
      6161
      6167
      6173
      6179
      6185
      6191
      6197
      6203
      6209
      6215
      6221
      6227
      6233
      6239
      6245
      6251
      6257
      6263
      6269
      6275
      6281
      6287
      6293
      6299
      6305
      6311
      6317
      6323
      6329
      6335
      6341
      6347
      6353
      6359
      6365
      6371
      6377
      6383
      6389
      6395
      6401
      6407
      6413
      6419
      6425
      6431
      6437
      6443
      6449
      6455
      6461
      6467
      6473
      6479
      6485
      6491
      6497
      6503
      6509
      6515
      6521
      6527
      6533
      6539
      6545
      6551
      6557
      6563
      6569
      6575
      6581
      6587
      6593
      6599
      6605
      6611
      6617
      6623
      6629
      6635
      6641
      6647
      6653
      6659
      6665
      6671
      6677
      6683
      6689
      6695
      6701
      6707
      6713
      6719
      6725
      6731
      6737
      6743
      6749
      6755
      6761
      6767
      6773
      6779
      6785
      6791
      6797
      6803
      6809
      6815
      6821
      6827
      6833
      6839
      6845
      6851
      6857
      6863
      6869
      6875
      6880
      6885
      6890
      6896
      6901
      6907
      6913
      6919
      6924
      6929
      6934
      6940
      6946
      6952
      6958
      6964
      6970
      6975
      6980
      6985
      6990
      6995
      7001
      7007
      7013
      7018
      7023
      7029
      7035
      7041
      7047
      7052
      7058
      7064
      7070
      7076
      7082
      7088
      7094
      7099
      7104
      7109
      7114
      7119
      7125
      7131
      7137
      7143
      7149
      7155
      7161
      7167
      7173
      7179
      7185
      7191
      7197
      7203
      7208
      7213
      7219
      7225
      7231
      7237
      7243
      7248
      7253
      7259
      7265
      7271
      7277
      7283
      7289
      7295
      7301
      7307
      7313
      7319
      7325
      7331
      7337
      7343
      7349
      7354
      7359
      7364
      7370
      7376
      7382
      7388
      7393
      7398
      7403
      7408
      7414
      7420
      7426
      7432
      7438
      7444
      7450
      7456
      7462
      7468
      7474
      7480
      7486
      7491
      7496
      7502
      7508
      7514
      7520
      7526
      7532
      7538
      7544
      7550
      7556
      7562
      7568
      7574
      7580
      7586
      7592
      7598
      7604
      7609
      7614
      7619
      7624
      7629
      7634
      7640
      7646
      7652
      7658
      7664
      7669
      7674
      7680
      7686
      7692
      7698
      7704
      7710
      7716
      7722
      7727
      7732
      7737
      7742
      7747
      7752
      7758
      7764
      7770
      7776
      7782
      7788
      7794
      7800
      7806
      7812
      7818
      7824
      7830
      7836
      7842
      7848
      7854
      7860
      7866
      7872
      7878
      7884
      7890
      7896
      7902
      7908
      7914
      7920
      7926
      7932
      7938
      7944
      7950
      7955
      7960
      7965
      7969
      7973
      7979
      7985
      7991
      7996
      8002
      8007
      8012
      8017
      8021
      8025
      8031
      8037
      8043
      8048
      8053
      8058
      8063
      8068
      8073
      8079
      8085
      8090
      8096
      8102
      8107
      8111
      8117
      8123
      8129
      8134
      8139
      8144
      8149
      8154
      8160
      8166
      8172
      8178
      8184
      8190
      8196
      8202
      8208
      8214
      8219
      8224
      8230
      8236
      8242
      8248
      8254
      8260
      8265
      8270
      8275
      8281
      8287
      8292
      8297
      8302
      8307
      8312
      8317
      8323
      8329
      8335
      8340
      8345
      8350
      8356
      8362
      8368
      8374
      8380
      8386
      8392
      8398
      8404
      8410
      8416
      8422
      8428
      8434
      8440
      8446
      8452
      8457
      8462
      8468
      8474
      8480
      8486
      8492
      8498
      8504
      8510
      8515
      8520
      8525
      8530
      8535
      8541
      8547
      8553
      8558
      8563
      8569
      8575
      8581
      8587
      8593
      8599
      8605
      8611
      8617
      8623
      8629
      8635
      8641
      8647
      8653
      8659
      8665
      8671
      8676
      8681
      8686
      8691
      8697
      8703
      8709
      8715
      8721
      8727
      8733
      8739
      8745
      8751
      8757
      8763
      8769
      8775
      8781
      8787
      8793
      8799
      8805
      8811
      8817
      8823
      8829
      8834
      8839
      8844
      8849
      8854
      8859
      8864
      8870
      8876
      8882
      8888
      8894
      8900
      8906
      8912
      8918
      8924
      8930
      8936
      8942
      8948
      8954
      8960
      8966
      8972
      8978
      8984
      8990
      8996
      9002
      9008
      9014
      9020
      9026
      9032
      9038
      9044
      9049
      9054
      9060
      9066
      9072
      9078
      9084
      9090
      9096
      9101
      9107
      9113
      9119
      9125
      9130
      9135
      9141
      9147
      9153
      9159
      9165
      9171
      9177
      9183
      9189
      9195
      9201
      9207
      9213
      9219
      9225
      9231
      9237
      9243
      9249
      9255
      9261
      9267
      9273
      9279
      9285
      9291
      9297
      9303
      9309
      9315
      9321
      9327
      9333
      9339
      9345
      9351
      9357
      9363
      9369
      9375
      9381
      9387
      9393
      9399
      9405
      9411
      9417
      9423
      9429
      9435
      9441
      9447
      9453
      9459
      9465
      9471
      9477
      9483
      9489
      9495
      9501
      9507
      9513
      9519
      9525
      9531
      9537
      9543
      9549
      9555
      9561
      9567
      9573
      9578
      9584
      9590
      9596
      9602
      9608
      9613
      9619
      9625
      9631
      9637
      9643
      9649
      9655
      9661
      9667
      9673
      9679
      9685
      9691
      9697
      9703
      9709
      9715
      9721
      9727
      9733
      9739
      9745
      9751
      9757
      9762
      9768
      9774
      9780
      9786
      9792
      9798
      9804
      9809
      9815
      9821
      9826
      9832
      9838
      9843
      9849
      9855
      9861
      9867
      9873
      9879
      9885
      9891
      9897
      9903
      9909
      9915
      9921
      9927
      9933
      9939
      9945
      9951
      9957
      9963
      9969
      9975
      9981
      9987
      9993
      9999
     10005
     10011
     10017
     10022
     10028
     10033
     10039
     10045
     10051
     10057
     10062
     10068
     10074
     10080
     10086
     10092
     10098
     10104
     10109
     10114
     10118
     10122
     10127
     10132
     10138
     10143
     10147
     10152
     10158
     10164
     10170
     10176
     10182
     10188
     10194
     10200
     10205
     10210
     10215
     10220
     10225
     10230
     10235
     10240
     10246
     10252
     10258
     10264
     10269
     10274
     10279
     10284
     10290
     10296
     10302
     10308
     10314
     10320
     10326
     10332
     10338
     10343
     10348
     10353
     10359
     10365
     10371
     10377
     10383
     10389
     10395
     10401
     10406
     10411
     10416
     10422
     10427
     10432
     10437
     10443
     10449
     10455
     10461
     10467
     10473
     10479
     10485
     10491
     10497
     10503
     10509
     10515
     10520
     10525
     10530
     10536
     10542
     10548
     10554
     10560
     10566
     10572
     10578
     10584
     10590
     10596
     10602
     10608
     10614
     10620
     10626
     10632
     10638
     10644
     10650
     10655
     10660
     10665
     10671
     10677
     10683
     10689
     10695
     10701
     10707
     10713
     10719
     10725
     10731
     10737
     10743
     10748
     10753
     10758
     10764
     10770
     10776
     10782
     10788
     10794
     10800
     10806
     10812
     10818
     10824
     10830
     10836
     10842
     10848
     10854
     10860
     10866
     10872
     10877
     10882
     10886
     10890
     10895
     10900
     10906
     10912
     10917
     10922
     10926
     10931
     10936
     10941
     10947
     10953
     10959
     10965
     10971
     10977
     10983
     10988
     10993
     10998
     11003
     11008
     11013
     11019
     11024
     11028
     11033
     11039
     11045
     11051
     11057
     11063
     11069
     11075
     11080
     11085
     11090
     11095
     11101
     11107
     11113
     11119
     11125
     11131
     11137
     11143
     11149
     11154
     11159
     11164
     11169
     11174
     11179
     11185
     11191
     11197
     11203
     11209
     11215
     11221
     11226
     11232
     11238
     11244
     11250
     11255
     11260
     11266
     11272
     11277
     11282
     11288
     11294
     11300
     11306
     11312
     11318
     11324
     11330
     11336
     11342
     11348
     11354
     11360
     11365
     11370
     11375
     11381
     11387
     11393
     11399
     11405
     11411
     11417
     11423
     11429
     11435
     11441
     11447
     11453
     11459
     11465
     11471
     11477
     11483
     11489
     11495
     11501
     11507
     11512
     11517
     11523
     11529
     11535
     11541
     11547
     11552
     11557
     11562
     11567
     11573
     11579
     11585
     11591
     11597
     11602
     11607
     11612
     11617
     11622
     11627
     11632
     11638
     11644
     11650
     11656
     11662
     11668
     11674
     11680
     11686
     11692
     11698
     11704
     11710
     11716
     11722
     11728
     11734
     11740
     11746
     11752
     11758
     11764
     11770
     11776
     11782
     11788
     11794
     11800
     11806
     11812
     11818
     11824
     11830
     11836
     11842
     11848
     11854
     11860
     11866
     11872
     11878
     11884
     11889
     11895
     11901
     11907
     11912
     11918
     11924
     11929
     11935
     11941
     11946
     11952
     11958
     11964
     11970
     11976
     11982
     11988
     11994
     12000
     12006
     12012
     12018
     12024
     12030
     12035
     12041
     12047
     12052
     12058
     12063
     12068
     12073
     12078
     12082
     12088
     12094
     12100
     12106
     12112
     12118
     12124
     12129
     12135
     12140
     12146
     12152
     12158
     12164
     12169
     12174
     12179
     12184
     12190
     12196
     12202
     12208
     12213
     12218
     12223
     12228
     12234
     12240
     12246
     12252
     12258
     12263
     12268
     12273
     12278
     12283
     12289
     12295
     12301
     12307
     12313
     12319
     12325
     12331
     12337
     12343
     12349
     12355
     12361
     12367
     12373
     12379
     12385
     12391
     12396
     12401
     12406
     12411
     12416
     12422
     12428
     12434
     12439
     12445
     12451
     12457
     12463
     12469
     12475
     12481
     12487
     12493
     12499
     12505
     12511
     12517
     12522
     12527
     12532
     12537
     12543
     12549
     12555
     12561
     12567
     12573
     12579
     12585
     12591
     12596
     12601
     12607
     12613
     12619
     12625
     12631
     12637
     12643
     12649
     12655
     12661
     12667
     12672
     12677
     12683
     12689
     12694
     12699
     12705
     12711
     12717
     12723
     12728
     12733
     12738
     12743
     12748
     12753
     12759
     12765
     12771
     12777
     12783
     12789
     12795
     12801
     12807
     12812
     12817
     12822
     12827
     12832
     12838
     12844
     12850
     12856
     12862
     12868
     12874
     12880
     12886
     12892
     12898
     12904
     12910
     12916
     12922
     12928
     12934
     12940
     12946
     12952
     12958
     12964
     12970
     12976
     12982
     12988
     12994
     13000
     13006
     13012
     13018
     13024
     13030
     13036
     13042
     13048
     13054
     13060
     13066
     13072
     13078
     13084
     13090
     13096
     13102
     13108
     13114
     13120
     13126
     13132
     13138
     13144
     13150
     13156
     13162
     13168
     13174
     13180
     13186
     13192
     13198
     13204
     13210
     13216
     13222
     13228
     13234
     13240
     13246
     13252
     13258
     13264
     13270
     13276
     13282
     13288
     13294
     13300
     13306
     13312
     13318
     13324
     13330
     13336
     13342
     13348
     13354
     13360
     13366
     13372
     13378
     13384
     13390
     13396
     13402
     13408
     13414
     13420
     13426
     13432
     13438
     13444
     13450
     13456
     13462
     13468
     13474
     13480
     13486
     13492
     13498
     13504
     13510
     13516
     13522
     13528
     13534
     13540
     13546
     13552
     13558
     13564
     13570
     13576
     13582
     13588
     13594
     13600
     13606
     13612
     13618
     13624
     13630
     13636
     13642
     13648
     13654
     13660
     13666
     13672
     13678
     13684
     13690
     13696
     13702
     13708
     13714
     13720
     13726
     13732
     13738
     13744
     13750
     13756
     13762
     13768
     13774
     13780
     13786
     13792
     13798
     13804
     13810
     13816
     13822
     13828
     13834
     13840
     13846
     13852
     13858
     13864
     13870
     13876
     13882
     13888
     13894
     13900
     13906
     13912
     13918
     13924
     13930
     13936
     13942
     13948
     13954
     13960
     13966
     13972
     13978
     13984
     13990
     13996
     14002
     14008
     14014
     14020
     14026
     14032
     14038
     14044
     14050
     14056
     14062
     14068
     14074
     14080
     14086
     14092
     14098
     14104
     14110
     14116
     14122
     14128
     14134
     14140
     14146
     14152
     14158
     14164
     14170
     14176
     14182
     14188
     14194
     14200
     14206
     14212
     14218
     14224
     14230
     14236
     14242
     14248
     14254
     14260
     14266
     14272
     14278
     14284
     14290
     14296
     14302
     14308
     14314
     14320
     14326
     14332
     14337
     14343
     14349
     14355
     14361
     14367
     14372
     14378
     14384
     14389
     14395
     14401
     14407
     14413
     14419
     14425
     14431
     14437
     14443
     14449
     14455
     14461
     14467
     14473
     14479
     14484
     14490
     14496
     14502
     14508
     14514
     14520
     14526
     14532
     14538
     14544
     14550
     14556
     14562
     14568
     14574
     14580
     14586
     14592
     14598
     14604
     14609
     14615
     14621
     14626
     14632
     14638
     14644
     14650
     14656
     14662
     14668
     14674
     14680
     14686
     14692
     14698
     14704
     14710
     14716
     14722
     14728
     14733
     14738
     14744
     14749
     14754
     14759
     14763
     14767
     14771
     14774
     14780
     14785
     14790
     14795
     14799
     14803
     14807
     14811
     14817
     14823
     14828
     14833
     14838
     14843
     14849
     14854
     14858
     14862
     14868
     14873
     14877
     14883
     14889
     14894
     14900
     14906
     14911
     14916
     14921
     14927
     14932
     14937
     14942
     14947
     14952
     14957
     14962
     14967
     14973
     14979
     14984
     14990
     14996
     15000
     15005
     15010
     15015
     15020
     15025
     15031
     15037
     15043
     15049
     15055
     15061
     15067
     15073
     15079
     15084
     15089
     15095
     15101
     15107
     15113
     15119
     15124
     15129
     15135
     15141
     15147
     15153
     15159
     15165
     15171
     15177
     15183
     15188
     15193
     15198
     15203
     15209
     15213
     15218
     15223
     15228
     15233
     15238
     15243
     15248
     15253
     15258
     15264
     15270
     15276
     15282
     15288
     15294
     15300
     15306
     15312
     15318
     15324
     15330
     15336
     15342
     15348
     15354
     15360
     15366
     15372
     15378
     15384
     15390
     15396
     15401
     15406
     15410
     15415
     15420
     15424
     15430
     15436
     15441
     15446
     15450
     15455
     15460
     15465
     15471
     15477
     15483
     15489
     15494
     15499
     15505
     15510
     15515
     15520
     15526
     15531
     15535
     15541
     15547
     15552
     15558
     15564
     15570
     15576
     15581
     15587
     15592
     15597
     15602
     15607
     15612
     15617
     15622
     15627
     15633
     15639
     15645
     15651
     15657
     15662
     15667
     15672
     15677
     15683
     15689
     15695
     15701
     15707
     15713
     15719
     15725
     15731
     15737
     15743
     15749
     15755
     15761
     15767
     15773
     15779
     15785
     15790
     15795
     15801
     15807
     15813
     15819
     15825
     15831
     15837
     15843
     15849
     15855
     15861
     15867
     15873
     15879
     15884
     15889
     15894
     15899
     15904
     15910
     15916
     15922
     15928
     15934
     15940
     15946
     15952
     15958
     15964
     15970
     15976
     15982
     15988
     15994
     16000
     16006
     16012
     16018
     16024
     16030
     16036
     16042
     16048
     16054
     16060
     16066
     16072
     16078
     16084
     16090
     16096
     16102
     16107
     16113
     16119
     16123
     16128
     16133
     16138
     16143
     16148
     16153
     16159
     16165
     16170
     16175
     16181
     16187
     16193
     16199
     16205
     16211
     16217
     16223
     16229
     16235
     16240
     16246
     16252
     16258
     16263
     16268
     16273
     16279
     16285
     16291
     16297
     16303
     16309
     16314
     16319
     16324
     16329
     16335
     16341
     16347
     16353
     16359
     16365
     16371
     16377
     16383
     16388
     16393
     16399
     16405
     16411
     16417
     16422
     16427
     16433
     16439
     16445
     16451
     16457
     16463
     16468
     16474
     16480
     16485
     16491
     16496
     16501
     16506
     16512
     16518
     16524
     16530
     16536
     16542
     16548
     16554
     16560
     16565
     16570
     16575
     16580
     16586
     16592
     16598
     16604
     16610
     16616
     16622
     16628
     16634
     16640
     16646
     16652
     16658
     16664
     16670
     16676
     16682
     16688
     16694
     16700
     16706
     16712
     16718
     16724
     16730
     16736
     16742
     16748
     16754
     16760
     16766
     16772
     16778
     16784
     16790
     16796
     16802
     16808
     16814
     16820
     16826
     16832
     16838
     16844
     16850
     16856
     16862
     16868
     16874
     16880
     16886
     16892
     16898
     16904
     16910
     16916
     16922
     16928
     16934
     16940
     16946
     16952
     16958
     16964
     16970
     16976
     16981
     16986
     16991
     16996
     17000
     17004
     17010
     17016
     17021
     17026
     17031
     17036
     17040
     17044
     17050
     17056
     17062
     17067
     17072
     17077
     17083
     17089
     17094
     17099
     17105
     17111
     17116
     17121
     17127
     17133
     17139
     17145
     17150
     17156
     17162
     17168
     17173
     17178
     17183
     17188
     17193
     17198
     17202
     17207
     17212
     17217
     17223
     17229
     17235
     17241
     17247
     17253
     17259
     17264
     17269
     17275
     17281
     17287
     17293
     17299
     17305
     17311
     17317
     17323
     17328
     17333
     17339
     17345
     17351
     17357
     17363
     17368
     17373
     17379
     17385
     17391
     17397
     17403
     17408
     17413
     17418
     17423
     17429
     17435
     17441
     17446
     17451
     17456
     17461
     17466
     17472
     17478
     17484
     17490
     17496
     17502
     17508
     17514
     17520
     17526
     17532
     17538
     17544
     17550
     17556
     17562
     17568
     17574
     17580
     17586
     17592
     17598
     17604
     17610
     17616
     17622
     17628
     17634
     17639
     17645
     17651
     17657
     17663
     17669
     17675
     17681
     17687
     17693
     17698
     17704
     17710
     17716
     17722
     17728
     17734
     17740
     17746
     17752
     17758
     17764
     17770
     17776
     17781
     17787
     17792
     17798
     17803
     17809
     17814
     17820
     17826
     17832
     17838
     17844
     17850
     17855
     17860
     17866
     17871
     17877
     17883
     17889
     17895
     17901
     17907
     17913
     17917
     17923
     17929
     17935
     17940
     17946
     17951
     17957
     17963
     17969
     17975
     17980
     17986
     17992
     17998
     18003
     18009
     18015
     18021
     18027
     18033
     18038
     18044
     18050
     18056
     18061
     18067
     18073
     18078
     18084
     18090
     18096
     18101
     18107
     18112
     18118
     18124
     18130
     18135
     18141
     18147
     18153
     18159
     18165
     18171
     18177
     18183
     18189
     18195
     18201
     18207
     18213
     18219
     18225
     18231
     18237
     18243
     18249
     18255
     18261
     18267
     18273
     18279
     18284
     18290
     18296
     18301
     18305
     18310
     18315
     18321
     18327
     18333
     18339
     18344
     18350
     18355
     18361
     18366
     18372
     18378
     18384
     18390
     18395
     18401
     18406
     18412
     18418
     18424
     18430
     18436
     18442
     18448
     18454
     18460
     18466
     18472
     18478
     18483
     18489
     18495
     18501
     18506
     18512
     18517
     18522
     18528
     18534
     18540
     18546
     18552
     18558
     18564
     18570
     18576
     18582
     18588
     18593
     18599
     18605
     18611
     18617
     18623
     18629
     18635
     18641
     18647
     18652
     18658
     18664
     18670
     18676
     18681
     18687
     18692
     18698
     18702
     18707
     18713
     18718
     18723
     18728
     18733
     18739
     18745
     18751
     18756
     18762
     18768
     18774
     18780
     18786
     18792
     18798
     18803
     18809
     18814
     18820
     18826
     18832
     18838
     18844
     18850
     18856
     18862
     18868
     18873
     18879
     18885
     18891
     18897
     18903
     18909
     18915
     18921
     18927
     18933
     18939
     18945
     18951
     18957
     18963
     18968
     18973
     18979
     18985
     18991
     18997
     19003
     19009
     19015
     19021
     19027
     19033
     19039
     19045
     19051
     19057
     19063
     19069
     19074
     19080
     19086
     19092
     19097
     19103
     19109
     19115
     19121
     19127
     19133
     19139
     19145
     19151
     19157
     19163
     19169
     19175
     19181
     19186
     19192
     19198
     19204
     19209
     19215
     19221
     19226
     19231
     19237
     19243
     19249
     19255
     19261
     19267
     19273
     19279
     19284
     19290
     19296
     19302
     19308
     19314
     19320
     19326
     19332
     19338
     19344
     19350
     19355
     19361
     19367
     19373
     19379
     19385
     19391
     19397
     19403
     19409
     19415
     19421
     19427
     19433
     19439
     19445
     19451
     19457
     19463
     19469
     19475
     19481
     19486
     19492
     19498
     19504
     19510
     19516
     19522
     19527
     19533
     19539
     19545
     19551
     19557
     19563
     19569
     19575
     19580
     19586
     19592
     19598
     19604
     19610
     19616
     19621
     19627
     19633
     19639
     19645
     19650
     19656
     19661
     19667
     19673
     19679
     19685
     19691
     19697
     19703
     19709
     19715
     19721
     19727
     19733
     19737
     19740
     19743
     19748
     19753
     19756
     19759
     19763
     19767
     19771
     19775
     19778
     19782
     19786
     19790
     19794
     19798
     19802
     19806
     19809
     19813
     19816
     19820
     19825
     19829
     19834
     19837
     19841
     19845
     19849
     19853
     19857
     19861
     19865
     19869
     19873
     19877
     19881
     19885
     19889
     19893
     19897
     19901
     19905
     19909
     19913
     19917
     19921
     19925
     19929
     19933
     19937
     19941
     19945
     19949
     19953
     19957
     19961
     19964
     19968
     19972
     19976
     19980
     19984
     19988
     19993
     19998
     20003
     20008
     20013
     20018
     20023
     20029
     20033
     20039
     20043
     20049
     20053
     20059
     20063
     20069
     20073
     20079
     20083
     20089
     20093
     20099
     20103
     20109
     20113
     20117
     20123
     20129
     20135
     20141
     20147
     20153
     20159
     20164
     20169
     20174
     20179
     20184
     20189
     20194
     20199
     20204
     20208
     20212
     20216
     20220
     20224
     20228
     20233
     20238
     20243
     20248
     20253
     20258
     20263
     20268
     20273
     20278
     20283
     20288
     20293
     20298
     20303
     20308
     20313
     20318
     20323
     20328
     20333
     20338
     20343
     20348
     20353
     20358
     20363
     20368
     20373
     20378
     20383
     20389
     20394
     20398
     20403
     20409
     20414
     20418
     20424
     20429
     20433
     20438
     20444
     20449
     20453
     20459
     20464
     20468
     20473
     20479
     20484
     20488
     20494
     20499
     20503
     20508
     20514
     20519
     20523
     20529
     20534
     20538
     20543
     20549
     20554
     20558
     20564
     20569
     20573
     20578
     20584
     20589
     20593
     20599
     20604
     20608
     20613
     20619
     20624
     20628
     20634
     20639
     20643
     20648
     20654
     20659
     20663
     20669
     20674
     20678
     20683
     20689
     20694
     20698
     20704
     20709
     20713
     20718
     20724
     20729
     20734
     20737
     20741
     20746
     20752
     20757
     20762
     20766
     20771
     20776
     20781
     20786
     20791
     20796
     20801
     20806
     20811
     20815
     20820
     20825
     20830
     20835
     20840
     20845
     20849
     20854
     20859
     20864
     20869
     20874
     20879
     20883
     20888
     20893
     20898
     20903
     20908
     20913
     20917
     20922
     20927
     20932
     20937
     20942
     20947
     20951
     20956
     20961
     20966
     20971
     20976
     20981
     20985
     20990
     20995
     21000
     21005
     21010
     21015
     21019
     21024
     21029
     21034
     21039
     21044
     21049
     21054
     21059
     21064
     21069
     21074
     21079
     21084
     21089
     21094
     21099
     21104
     21109
     21114
     21119
     21124
     21129
     21134
     21140
     21146
     21151
     21157
     21161
     21166
     21171
     21174
     21178
     21181
     21185
     21190
     21195
     21200
     21205
     21210
     21215
     21220
     21225
     21230
     21235
     21240
     21245
     21250
     21255
     21260
     21265
     21270
     21275
     21280
     21285
     21290
     21296
     21301
     21306
     21311
     21316
     21321
     21326
     21330
     21336
     21342
     21347
     21352
     21357
     21362
     21367
     21372
     21375
     21381
     21386
     21391
     21396
     21401
     21406
     21411
     21415
     21421
     21426
     21431
     21436
     21441
     21446
     21451
     21455
     21461
     21466
     21471
     21476
     21481
     21486
     21491
     21495
     21501
     21506
     21511
     21516
     21521
     21526
     21531
     21535
     21541
     21546
     21551
     21556
     21561
     21566
     21571
     21574
     21579
     21584
     21589
     21594
     21599
     21604
     21609
     21614
     21619
     21624
     21629
     21634
     21639
     21644
     21649
     21654
     21659
     21664
     21669
     21674
     21679
     21684
     21688
     21693
     21698
     21703
     21708
     21713
     21718
     21722
     21727
     21732
     21737
     21742
     21747
     21752
     21756
     21761
     21766
     21771
     21776
     21781
     21786
     21790
     21795
     21800
     21805
     21810
     21815
     21820
     21824
     21829
     21834
     21839
     21844
     21849
     21854
     21858
     21863
     21868
     21873
     21878
     21883
     21888
     21892
     21897
     21901
     21905
     21908
     21911
     21915
     21920
     21924
     21928
     21932
     21936
     21940
     21944
     21948
     21952
     21956
     21959
     21964
     21967
     21971
     21975
     21979
     21983
     21987
     21993
     21999
     22003
     22009
     22013
     22019
     22023
     22029
     22034
     22040
     22045
     22049
     22054
     22060
     22065
     22070
     22074
     22079
     22083
     22087
     22091
     22095
     22100
     22103
     22108
     22111
     22114
     22120
     22125
     22131
     22136
     22140
     22145
     22151
     22156
     22161
     22165
     22171
     22176
     22180
     22185
     22191
     22196
     22201
     22205
     22211
     22216
     22220
     22225
     22231
     22236
     22241
     22245
     22249
     22253
     22256
     22260
     22265
     22269
     22273
     22276
     22281
     22286
     22291
     22296
     22301
     22307
     22312
     22317
     22322
     22327
     22332
     22337
     22343
     22348
     22353
     22358
     22363
     22368
     22373
     22379
     22384
     22389
     22394
     22399
     22404
     22409
     22415
     22420
     22425
     22430
     22435
     22439
     22443
     22449
     22453
     22457
     22461
     22464
     22469
     22475
     22481
     22487
     22493
     22499
     22505
     22510
     22515
     22519
     22523
     22529
     22533
     22536
     22540
     22546
     22551
     22556
     22561
     22566
     22572
     22577
     22581
     22585
     22591
     22596
     22601
     22606
     22611
     22617
     22622
     22626
     22630
     22636
     22641
     22646
     22651
     22656
     22662
     22668
     22672
     22677
     22680
     22686
     22691
     22696
     22701
     22706
     22712
     22716
     22722
     22726
     22729
     22733
     22737
     22741
     22745
     22749
     22753
     22757
     22760
     22765
     22769
     22773
     22778
     22783
     22788
     22793
     22798
     22803
     22808
     22813
     22818
     22823
     22828
     22833
     22838
     22843
     22848
     22853
     22858
     22863
     22868
     22873
     22878
     22883
     22888
     22893
     22898
     22903
     22908
     22913
     22918
     22923
     22928
     22933
     22938
     22943
     22948
     22953
     22958
     22963
     22968
     22973
     22978
     22983
     22988
     22993
     22998
     23003
     23008
     23013
     23018
     23023
     23028
     23033
     23038
     23043
     23048
     23053
     23058
     23063
     23068
     23074
     23080
     23086
     23092
     23098
     23103
     23107
     23111
     23115
     23119
     23122
     23128
     23133
     23138
     23143
     23148
     23153
     23157
     23163
     23168
     23172
     23178
     23183
     23187
     23193
     23198
     23202
     23208
     23212
     23216
     23222
     23228
     23232
     23237
     23241
     23247
     23251
     23256
     23261
     23265
     23271
     23277
     23282
     23287
     23291
     23297
     23303
     23307
     23312
     23316
     23322
     23328
     23332
     23337
     23341
     23347
     23351
     23357
     23360
     23365
     23369
     23372
     23376
     23380
     23383
     23389
     23395
     23400
     23403
     23408
     23413
     23418
     23424
     23428
     23432
     23437
     23442
     23446
     23449
     23454
     23458
     23462
     23466
     23470
     23474
     23478
     23482
     23486
     23490
     23494
     23498
     23502
     23506
     23510
     23514
     23518
     23522
     23526
     23529
     23534
     23539
     23544
     23549
     23554
     23559
     23564
     23569
     23574
     23579
     23585
     23591
     23597
     23603
     23609
     23615
     23621
     23627
     23633
     23639
     23644
     23649
     23654
     23659
     23664
     23669
     23674
     23679
     23684
     23689
     23694
     23699
     23704
     23709
     23714
     23719
     23724
     23729
     23734
     23739
     23744
     23749
     23754
     23759
     23764
     23769
     23774
     23779
     23784
     23789
     23794
     23799
     23804
     23809
     23814
     23819
     23824
     23829
     23834
     23839
     23844
     23849
     23854
     23859
     23864
     23869
     23874
     23879
     23884
     23889
     23894
     23899
     23904
     23909
     23914
     23919
     23924
     23929
     23934
     23939
     23944
     23949
     23954
     23959
     23964
     23969
     23974
     23979
     23984
     23989
     23994
     23998
     24003
     24007
     24012
     24016
     24021
     24025
     24030
     24034
     24039
     24043
     24048
     24052
     24057
     24061
     24066
     24070
     24075
     24079
