         1
         7
        13
        19
        25
        30
        35
        40
        45
        51
        57
        63
        69
        74
        79
        84
        89
        95
       101
       107
       113
       119
       125
       131
       137
       142
       147
       152
       158
       164
       170
       176
       182
       188
       194
       200
       206
       212
       218
       224
       230
       236
       242
       248
       253
       258
       264
       270
       276
       282
       288
       294
       300
       306
       312
       318
       324
       329
       335
       340
       346
       352
       358
       364
       370
       376
       382
       388
       394
       400
       406
       412
       418
       424
       430
       436
       442
       447
       452
       457
       463
       469
       475
       480
       485
       490
       496
       502
       508
       514
       520
       526
       531
       536
       542
       548
       554
       559
       564
       569
       574
       579
       585
       591
       597
       603
       609
       615
       621
       627
       633
       639
       645
       651
       657
       663
       669
       675
       681
       687
       693
       699
       705
       711
       717
       723
       729
       735
       741
       747
       753
       759
       765
       771
       777
       783
       789
       795
       801
       807
       813
       819
       825
       831
       837
       843
       849
       855
       861
       867
       873
       879
       885
       891
       897
       903
       909
       915
       921
       927
       933
       939
       945
       951
       957
       963
       969
       975
       981
       987
       993
       998
      1003
      1007
      1012
      1017
      1021
      1027
      1032
      1038
      1043
      1049
      1055
      1061
      1067
      1072
      1077
      1082
      1087
      1092
      1096
      1100
      1105
      1110
      1115
      1121
      1127
      1133
      1139
      1145
      1151
      1157
      1162
      1167
      1173
      1178
      1183
      1189
      1195
      1200
      1205
      1211
      1216
      1222
      1227
      1231
      1236
      1242
      1248
      1254
      1259
      1265
      1271
      1276
      1282
      1288
      1294
      1299
      1304
      1310
      1316
      1321
      1326
      1332
      1338
      1344
      1350
      1356
      1362
      1368
      1373
      1378
      1383
      1388
      1394
      1400
      1406
      1412
      1418
      1424
      1430
      1436
      1441
      1446
      1452
      1458
      1463
      1469
      1475
      1481
      1487
      1493
      1498
      1502
      1507
      1512
      1517
      1523
      1529
      1535
      1539
      1544
      1549
      1554
      1559
      1564
      1569
      1574
      1579
      1584
      1590
      1596
      1602
      1608
      1614
      1620
      1626
      1632
      1638
      1644
      1650
      1656
      1662
      1668
      1674
      1679
      1685
      1691
      1696
      1702
      1707
      1712
      1718
      1724
      1729
      1735
      1741
      1747
      1753
      1759
      1765
      1771
      1777
      1783
      1789
      1794
      1800
      1806
      1812
      1818
      1824
      1830
      1836
      1842
      1848
      1854
      1860
      1866
      1871
      1877
      1883
      1889
      1895
      1901
      1907
      1913
      1919
      1925
      1930
      1935
      1940
      1944
      1948
      1952
      1955
      1961
      1966
      1971
      1976
      1980
      1984
      1988
      1992
      1998
      2004
      2010
      2015
      2020
      2025
      2030
      2035
      2039
      2045
      2050
      2055
      2059
      2063
      2069
      2074
      2078
      2084
      2090
      2095
      2100
      2106
      2112
      2118
      2124
      2129
      2134
      2139
      2144
      2149
      2155
      2160
      2165
      2170
      2175
      2180
      2185
      2190
      2195
      2201
      2207
      2213
      2218
      2223
      2229
      2235
      2241
      2246
      2251
      2256
      2261
      2267
      2273
      2279
      2285
      2291
      2297
      2303
      2309
      2314
      2320
      2326
      2330
      2335
      2340
      2345
      2350
      2356
      2362
      2368
      2374
      2380
      2386
      2392
      2398
      2404
      2410
      2415
      2420
      2425
      2431
      2437
      2443
      2449
      2454
      2459
      2464
      2470
      2476
      2482
      2488
      2494
      2499
      2504
      2509
      2515
      2521
      2527
      2533
      2539
      2545
      2550
      2554
      2559
      2564
      2569
      2574
      2579
      2585
      2591
      2597
      2603
      2609
      2615
      2621
      2627
      2633
      2639
      2645
      2651
      2657
      2663
      2667
      2672
      2677
      2682
      2687
      2692
      2697
      2702
      2707
      2713
      2719
      2725
      2731
      2737
      2743
      2749
      2755
      2761
      2767
      2773
      2779
      2785
      2791
      2797
      2803
      2809
      2815
      2821
      2827
      2833
      2839
      2845
      2850
      2855
      2860
      2865
      2869
      2873
      2879
      2884
      2889
      2893
      2899
      2905
      2911
      2917
      2923
      2929
      2934
      2939
      2944
      2949
      2954
      2959
      2965
      2970
      2976
      2982
      2987
      2992
      2998
      3004
      3010
      3015
      3020
      3025
      3031
      3037
      3043
      3049
      3055
      3061
      3067
      3073
      3079
      3084
      3089
      3094
      3100
      3106
      3112
      3118
      3124
      3130
      3136
      3142
      3148
      3154
      3160
      3166
      3172
      3178
      3184
      3190
      3196
      3201
      3206
      3211
      3217
      3223
      3229
      3235
      3240
      3245
      3250
      3256
      3262
      3268
      3274
      3279
      3284
      3289
      3295
      3301
      3307
      3313
      3319
      3325
      3331
      3337
      3343
      3349
      3355
      3361
      3367
      3373
      3379
      3385
      3391
      3397
      3403
      3409
      3415
      3421
      3427
      3433
      3439
      3445
      3451
      3456
      3461
      3466
      3472
      3478
      3484
      3490
      3496
      3502
      3508
      3514
      3520
      3526
      3532
      3538
      3544
      3550
      3555
      3561
      3567
      3572
      3577
      3582
      3588
      3594
      3600
      3606
      3612
      3618
      3623
      3629
      3634
      3640
      3646
      3651
      3655
      3661
      3666
      3672
      3678
      3683
      3689
      3695
      3700
      3706
      3712
      3718
      3724
      3730
      3736
      3742
      3748
      3754
      3760
      3766
      3772
      3778
      3783
      3789
      3795
      3800
      3806
      3812
      3818
      3823
      3828
      3834
      3840
      3846
      3852
      3858
      3862
      3868
      3874
      3880
      3885
      3890
      3895
      3900
      3906
      3912
      3918
      3924
      3930
      3936
      3942
      3947
      3953
      3958
      3964
      3970
      3976
      3982
      3988
      3993
      3999
      4005
      4010
      4016
      4022
      4028
      4034
      4040
      4046
      4052
      4057
      4063
      4069
      4074
      4080
      4086
      4092
      4097
      4102
      4107
      4113
      4119
      4125
      4130
      4136
      4142
      4148
      4153
      4158
      4163
      4169
      4175
      4181
      4187
      4192
      4197
      4202
      4207
      4213
      4219
      4225
      4230
      4236
      4242
      4247
      4253
      4259
      4265
      4271
      4276
      4282
      4288
      4294
      4300
      4306
      4312
      4318
      4324
      4330
      4335
      4340
      4345
      4350
      4355
      4361
      4367
      4373
      4379
      4385
      4391
      4397
      4403
      4409
      4415
      4421
      4427
      4433
      4439
      4445
      4451
      4457
      4463
      4469
      4474
      4479
      4485
      4491
      4497
      4503
      4508
      4514
      4520
      4526
      4531
      4536
      4542
      4548
      4554
      4560
      4566
      4572
      4578
      4584
      4590
      4596
      4602
      4608
      4613
      4619
      4625
      4631
      4637
      4642
      4647
      4652
      4658
      4664
      4670
      4676
      4682
      4688
      4694
      4700
      4706
      4711
      4716
      4722
      4728
      4734
      4740
      4746
      4752
      4757
      4762
      4768
      4774
      4780
      4786
      4792
      4798
      4804
      4810
      4816
      4822
      4828
      4834
      4840
      4845
      4850
      4855
      4861
      4867
      4873
      4878
      4883
      4888
      4893
      4898
      4903
      4908
      4914
      4920
      4926
      4932
      4938
      4944
      4950
      4956
      4962
      4968
      4974
      4980
      4986
      4992
      4998
      5004
      5010
      5016
      5022
      5028
      5034
      5040
      5046
      5052
      5058
      5064
      5070
      5076
      5082
      5088
      5094
      5100
      5106
      5112
      5118
      5124
      5130
      5136
      5142
      5148
      5154
      5160
      5166
      5172
      5178
      5184
      5190
      5196
      5202
      5208
      5214
      5220
      5226
      5232
      5238
      5244
      5250
      5256
      5262
      5268
      5274
      5280
      5286
      5292
      5298
      5304
      5310
      5316
      5322
      5328
      5334
      5340
      5346
      5352
      5358
      5364
      5370
      5376
      5382
      5388
      5394
      5400
      5406
      5412
      5418
      5424
      5430
      5436
      5442
      5448
      5454
      5460
      5466
      5472
      5478
      5484
      5490
      5496
      5502
      5508
      5514
      5520
      5526
      5532
      5538
      5544
      5550
      5556
      5562
      5568
      5574
      5580
      5586
      5592
      5598
      5604
      5610
      5616
      5622
      5628
      5634
      5640
      5646
      5652
      5658
      5664
      5670
      5676
      5682
      5688
      5694
      5700
      5706
      5712
      5718
      5724
      5730
      5736
      5742
      5748
      5754
      5760
      5766
      5772
      5778
      5784
      5790
      5796
      5802
      5808
      5814
      5820
      5826
      5832
      5838
      5844
      5850
      5856
      5862
      5868
      5874
      5880
      5886
      5892
      5898
      5904
      5910
      5916
      5922
      5928
      5934
      5940
      5946
      5952
      5958
      5964
      5970
      5976
      5982
      5988
      5994
      6000
      6006
      6012
      6018
      6024
      6030
      6036
      6042
      6048
      6054
      6060
      6066
      6072
      6078
      6084
      6090
      6096
      6102
      6108
      6114
      6120
      6125
      6130
      6135
      6140
      6146
      6152
      6157
      6162
      6168
      6174
      6180
      6186
      6192
      6198
      6204
      6210
      6215
      6220
      6225
      6230
      6236
      6242
      6248
      6254
      6260
      6266
      6272
      6278
      6284
      6290
      6295
      6300
      6306
      6312
      6318
      6324
      6330
      6336
      6342
      6348
      6354
      6360
      6366
      6372
      6378
      6384
      6390
      6396
      6402
      6408
      6414
      6420
      6426
      6432
      6438
      6444
      6450
      6456
      6462
      6468
      6474
      6480
      6486
      6492
      6498
      6504
      6510
      6515
      6520
      6525
      6531
      6537
      6543
      6549
      6555
      6561
      6567
      6573
      6579
      6585
      6591
      6597
      6602
      6607
      6612
      6618
      6624
      6630
      6636
      6641
      6646
      6651
      6657
      6663
      6669
      6675
      6681
      6687
      6693
      6699
      6705
      6711
      6717
      6723
      6729
      6735
      6741
      6747
      6753
      6759
      6765
      6771
      6777
      6783
      6789
      6795
      6801
      6807
      6813
      6819
      6825
      6831
      6837
      6843
      6848
      6853
      6858
      6863
      6867
      6871
      6877
      6883
      6888
      6893
      6898
      6903
      6907
      6911
      6917
      6923
      6929
      6934
      6939
      6944
      6949
      6953
      6959
      6965
      6970
      6975
      6980
      6985
      6991
      6997
      7002
      7007
      7012
      7017
      7022
      7027
      7032
      7037
      7043
      7049
      7055
      7060
      7065
      7070
      7075
      7080
      7086
      7092
      7098
      7104
      7110
      7116
      7122
      7128
      7134
      7140
      7146
      7152
      7158
      7164
      7170
      7176
      7182
      7188
      7194
      7200
      7205
      7211
      7217
      7223
      7228
      7233
      7238
      7243
      7249
      7255
      7261
      7267
      7273
      7279
      7285
      7291
      7297
      7303
      7308
      7313
      7319
      7325
      7331
      7337
      7343
      7349
      7355
      7359
      7364
      7369
      7374
      7379
      7385
      7391
      7397
      7403
      7409
      7415
      7421
      7427
      7432
      7437
      7442
      7448
      7454
      7460
      7466
      7472
      7478
      7483
      7488
      7493
      7499
      7505
      7511
      7517
      7523
      7529
      7535
      7541
      7547
      7553
      7559
      7565
      7571
      7577
      7583
      7587
      7592
      7597
      7602
      7607
      7612
      7617
      7622
      7627
      7632
      7637
      7643
      7649
      7655
      7661
      7667
      7673
      7679
      7685
      7691
      7697
      7703
      7709
      7715
      7721
      7727
      7733
      7739
      7745
      7751
      7757
      7763
      7769
      7774
      7780
      7786
      7792
      7798
      7804
      7810
      7816
      7822
      7827
      7833
      7839
      7845
      7851
      7857
      7863
      7868
      7874
      7880
      7886
      7892
      7898
      7904
      7910
      7916
      7921
      7927
      7933
      7939
      7945
      7950
      7955
      7961
      7967
      7973
      7979
      7985
      7991
      7997
      8003
      8008
      8014
      8020
      8026
      8032
      8038
      8044
      8050
      8056
      8062
      8068
      8074
      8080
      8086
      8092
      8098
      8104
      8110
      8116
      8122
      8127
      8133
      8139
      8145
      8151
      8157
      8163
      8168
      8174
      8180
      8186
      8192
      8198
      8204
      8210
      8216
      8222
      8228
      8234
      8240
      8246
      8251
      8257
      8262
      8268
      8274
      8279
      8285
      8291
      8297
      8303
      8309
      8315
      8321
      8327
      8333
      8338
      8343
      8349
      8354
      8360
      8365
      8371
      8376
      8382
      8388
      8394
      8400
      8406
      8412
      8418
      8424
      8430
      8436
      8442
      8448
      8454
      8460
      8465
      8471
      8477
      8483
      8489
      8495
      8501
      8507
      8513
      8518
      8524
      8530
      8536
      8541
      8547
      8552
      8558
      8564
      8570
      8576
      8581
      8587
      8592
      8598
      8604
      8610
      8616
      8622
      8628
      8634
      8639
      8645
      8651
      8656
      8662
      8668
      8674
      8680
      8686
      8692
      8698
      8704
      8709
      8715
      8721
      8727
      8733
      8739
      8745
      8751
      8757
      8763
      8769
      8775
      8781
      8787
      8793
      8799
      8804
      8810
      8816
      8822
      8827
      8833
      8839
      8845
      8851
      8857
      8863
      8868
      8874
      8880
      8886
      8892
      8898
      8904
      8910
      8916
      8921
      8927
      8933
      8939
      8945
      8951
      8957
      8963
      8969
      8975
      8981
      8986
      8992
      8998
      9004
      9009
      9015
      9021
      9025
      9030
      9035
      9040
      9046
      9052
      9058
      9064
      9069
      9074
      9079
      9084
      9090
      9096
      9101
      9106
      9112
      9118
      9124
      9130
      9136
      9142
      9148
      9154
      9160
      9166
      9171
      9176
      9182
      9188
      9194
      9200
      9206
      9211
      9217
      9223
      9229
      9235
      9241
      9247
      9253
      9259
      9265
      9271
      9277
      9283
      9289
      9295
      9301
      9307
      9313
      9319
      9325
      9331
      9337
      9343
      9348
      9353
      9358
      9364
      9370
      9376
      9382
      9388
      9394
      9400
      9406
      9412
      9418
      9424
      9430
      9436
      9442
      9448
      9454
      9460
      9466
      9472
      9478
      9484
      9490
      9496
      9502
      9507
      9512
      9517
      9523
      9529
      9535
      9541
      9547
      9553
      9559
      9565
      9571
      9577
      9583
      9589
      9595
      9601
      9607
      9613
      9619
      9625
      9631
      9637
      9643
      9649
      9655
      9660
      9666
      9672
      9677
      9682
      9687
      9691
      9695
      9700
      9705
      9711
      9717
      9722
      9728
      9733
      9739
      9745
      9751
      9757
      9762
      9767
      9772
      9777
      9781
      9786
      9792
      9796
      9801
      9806
      9811
      9817
      9823
      9829
      9835
      9840
      9846
      9852
      9857
      9862
      9868
      9874
      9880
      9885
      9891
      9897
      9902
      9908
      9914
      9919
      9925
      9931
      9937
      9943
      9948
      9953
      9959
      9965
      9970
      9976
      9981
      9986
      9991
      9997
     10003
     10009
     10014
     10019
     10024
     10030
     10036
     10042
     10048
     10054
     10060
     10066
     10072
     10078
     10084
     10090
     10095
     10100
     10105
     10110
     10115
     10120
     10125
     10131
     10137
     10143
     10149
     10155
     10161
     10167
     10173
     10179
     10185
     10191
     10197
     10203
     10209
     10215
     10221
     10227
     10232
     10238
     10244
     10250
     10256
     10262
     10268
     10274
     10280
     10286
     10292
     10298
     10303
     10309
     10315
     10320
     10326
     10332
     10338
     10344
     10350
     10356
     10362
     10368
     10374
     10380
     10385
     10391
     10397
     10403
     10408
     10414
     10420
     10426
     10432
     10438
     10444
     10449
     10454
     10459
     10464
     10470
     10476
     10482
     10488
     10493
     10498
     10503
     10508
     10514
     10520
     10526
     10532
     10538
     10544
     10550
     10556
     10562
     10568
     10573
     10578
     10584
     10590
     10596
     10602
     10608
     10614
     10620
     10626
     10632
     10638
     10644
     10650
     10656
     10662
     10668
     10674
     10680
     10686
     10692
     10698
     10704
     10710
     10716
     10722
     10728
     10734
     10740
     10746
     10752
     10758
     10764
     10770
     10776
     10782
     10788
     10794
     10800
     10805
     10810
     10816
     10822
     10828
     10834
     10840
     10846
     10852
     10858
     10864
     10870
     10876
     10882
     10888
     10894
     10900
     10906
     10912
     10917
     10923
     10929
     10935
     10940
     10946
     10952
     10958
     10964
     10969
     10974
     10980
     10986
     10992
     10998
     11004
     11010
     11016
     11021
     11026
     11032
     11038
     11043
     11048
     11054
     11060
     11066
     11072
     11078
     11084
     11090
     11096
     11102
     11108
     11114
     11119
     11125
     11131
     11136
     11142
     11148
     11154
     11159
     11164
     11169
     11174
     11180
     11186
     11192
     11198
     11204
     11210
     11216
     11222
     11228
     11234
     11240
     11246
     11252
     11258
     11264
     11270
     11276
     11282
     11288
     11294
     11300
     11306
     11312
     11318
     11324
     11330
     11336
     11342
     11348
     11354
     11360
     11366
     11372
     11378
     11384
     11390
     11396
     11402
     11407
     11412
     11418
     11424
     11430
     11436
     11442
     11448
     11454
     11460
     11466
     11472
     11478
     11484
     11490
     11496
     11502
     11508
     11514
     11520
     11526
     11532
     11538
     11544
     11550
     11556
     11562
     11568
     11574
     11579
     11585
     11591
     11597
     11603
     11609
     11615
     11621
     11627
     11633
     11639
     11645
     11651
     11657
     11663
     11668
     11674
     11680
     11686
     11691
     11697
     11703
     11709
     11715
     11721
     11727
     11732
     11737
     11743
     11748
     11754
     11760
     11766
     11772
     11777
     11783
     11789
     11795
     11801
     11807
     11813
     11819
     11825
     11831
     11837
     11843
     11849
     11855
     11860
     11866
     11871
     11877
     11883
     11889
     11895
     11900
     11906
     11912
     11918
     11924
     11930
     11936
     11941
     11947
     11953
     11959
     11965
     11971
     11977
     11981
     11985
     11991
     11997
     12002
     12007
     12012
     12017
     12021
     12025
     12031
     12037
     12042
     12047
     12053
     12059
     12065
     12071
     12077
     12083
     12088
     12093
     12098
     12103
     12108
     12113
     12118
     12123
     12127
     12131
     12137
     12143
     12149
     12155
     12161
     12167
     12172
     12177
     12182
     12187
     12192
     12197
     12203
     12209
     12215
     12221
     12226
     12232
     12237
     12243
     12249
     12254
     12260
     12266
     12271
     12277
     12283
     12288
     12294
     12299
     12303
     12308
     12313
     12319
     12324
     12329
     12335
     12341
     12346
     12351
     12357
     12363
     12369
     12375
     12381
     12387
     12393
     12399
     12405
     12411
     12417
     12422
     12428
     12433
     12439
     12445
     12450
     12455
     12461
     12467
     12473
     12479
     12485
     12491
     12497
     12503
     12509
     12513
     12518
     12523
     12528
     12534
     12540
     12546
     12550
     12555
     12560
     12565
     12571
     12577
     12583
     12589
     12595
     12600
     12605
     12610
     12616
     12622
     12628
     12633
     12638
     12643
     12648
     12653
     12658
     12663
     12668
     12673
     12678
     12683
     12689
     12695
     12701
     12707
     12713
     12719
     12725
     12731
     12737
     12743
     12749
     12755
     12761
     12767
     12773
     12779
     12785
     12791
     12797
     12803
     12809
     12815
     12821
     12826
     12831
     12836
     12841
     12847
     12853
     12858
     12863
     12869
     12875
     12881
     12887
     12893
     12899
     12905
     12911
     12917
     12923
     12929
     12935
     12940
     12945
     12950
     12955
     12961
     12967
     12973
     12979
     12985
     12991
     12996
     13001
     13007
     13013
     13019
     13025
     13031
     13037
     13043
     13049
     13055
     13061
     13067
     13073
     13079
     13085
     13091
     13097
     13103
     13109
     13115
     13121
     13127
     13132
     13137
     13142
     13148
     13154
     13160
     13166
     13172
     13178
     13184
     13190
     13196
     13202
     13208
     13214
     13220
     13226
     13232
     13238
     13244
     13250
     13256
     13262
     13268
     13274
     13280
     13286
     13292
     13298
     13304
     13310
     13316
     13322
     13328
     13334
     13340
     13346
     13352
     13357
     13362
     13367
     13373
     13379
     13385
     13391
     13396
     13401
     13406
     13412
     13418
     13424
     13430
     13436
     13442
     13448
     13454
     13460
     13466
     13472
     13478
     13484
     13490
     13496
     13502
     13508
     13514
     13520
     13526
     13532
     13538
     13544
     13550
     13556
     13562
     13568
     13574
     13580
     13586
     13592
     13598
     13604
     13610
     13616
     13622
     13628
     13634
     13640
     13646
     13652
     13658
     13664
     13670
     13676
     13681
     13687
     13693
     13699
     13705
     13711
     13717
     13723
     13729
     13734
     13740
     13745
     13751
     13757
     13763
     13769
     13775
     13781
     13786
     13792
     13798
     13804
     13810
     13815
     13821
     13827
     13833
     13839
     13845
     13851
     13857
     13863
     13869
     13874
     13880
     13886
     13892
     13898
     13904
     13910
     13916
     13922
     13928
     13934
     13939
     13945
     13949
     13955
     13961
     13966
     13972
     13977
     13982
     13988
     13994
     14000
     14006
     14012
     14018
     14024
     14029
     14035
     14041
     14046
     14052
     14058
     14063
     14068
     14073
     14079
     14085
     14091
     14097
     14103
     14108
     14114
     14120
     14126
     14132
     14137
     14143
     14148
     14154
     14160
     14166
     14172
     14178
     14184
     14189
     14195
     14200
     14206
     14212
     14218
     14224
     14230
     14236
     14242
     14248
     14254
     14260
     14266
     14272
     14277
     14283
     14288
     14294
     14300
     14306
     14312
     14318
     14324
     14330
     14336
     14342
     14348
     14353
     14359
     14364
     14370
     14376
     14382
     14388
     14394
     14400
     14406
     14412
     14418
     14424
     14430
     14436
     14442
     14448
     14454
     14460
     14466
     14472
     14478
     14484
     14490
     14496
     14502
     14508
     14514
     14520
     14526
     14532
     14538
     14544
     14550
     14556
     14562
     14568
     14574
     14580
     14586
     14592
     14598
     14604
     14610
     14616
     14622
     14628
     14634
     14640
     14646
     14652
     14658
     14664
     14670
     14676
     14682
     14688
     14694
     14700
     14706
     14712
     14718
     14724
     14730
     14736
     14742
     14748
     14754
     14760
     14766
     14772
     14778
     14784
     14790
     14796
     14802
     14808
     14814
     14820
     14826
     14832
     14838
     14844
     14850
     14856
     14862
     14868
     14874
     14880
     14886
     14892
     14898
     14904
     14910
     14916
     14922
     14928
     14934
     14940
     14946
     14952
     14958
     14964
     14970
     14976
     14982
     14988
     14994
     15000
     15006
     15012
     15018
     15024
     15030
     15036
     15042
     15048
     15054
     15060
     15066
     15072
     15078
     15084
     15090
     15096
     15102
     15108
     15114
     15120
     15126
     15132
     15138
     15144
     15150
     15156
     15162
     15168
     15174
     15180
     15186
     15192
     15198
     15204
     15210
     15216
     15222
     15228
     15234
     15240
     15246
     15252
     15258
     15264
     15270
     15276
     15282
     15288
     15294
     15300
     15306
     15312
     15318
     15324
     15330
     15336
     15342
     15348
     15354
     15360
     15366
     15372
     15378
     15384
     15390
     15396
     15402
     15408
     15414
     15420
     15426
     15432
     15438
     15444
     15450
     15456
     15462
     15468
     15474
     15480
     15486
     15492
     15498
     15504
     15509
     15514
     15519
     15524
     15530
     15536
     15542
     15548
     15553
     15558
     15563
     15568
     15574
     15580
     15586
     15592
     15598
     15604
     15610
     15616
     15621
     15626
     15631
     15637
     15643
     15649
     15655
     15661
     15667
     15673
     15679
     15685
     15691
     15697
     15703
     15709
     15715
     15721
     15727
     15732
     15737
     15743
     15749
     15755
     15761
     15767
     15773
     15779
     15785
     15791
     15797
     15803
     15808
     15814
     15819
     15825
     15831
     15837
     15843
     15849
     15855
     15861
     15867
     15873
     15879
     15885
     15891
     15897
     15903
     15909
     15915
     15921
     15926
     15931
     15936
     15942
     15948
     15954
     15959
     15964
     15969
     15975
     15981
     15987
     15993
     15999
     16005
     16010
     16015
     16021
     16027
     16033
     16038
     16043
     16048
     16053
     16058
     16064
     16070
     16076
     16082
     16088
     16094
     16100
     16106
     16112
     16118
     16124
     16130
     16136
     16142
     16148
     16154
     16160
     16166
     16172
     16178
     16184
     16190
     16196
     16202
     16208
     16214
     16220
     16226
     16232
     16238
     16244
     16250
     16256
     16262
     16268
     16274
     16280
     16286
     16292
     16298
     16304
     16310
     16316
     16322
     16328
     16334
     16340
     16346
     16352
     16358
     16364
     16370
     16376
     16382
     16388
     16394
     16400
     16406
     16412
     16418
     16424
     16430
     16436
     16442
     16448
     16454
     16460
     16466
     16472
     16478
     16484
     16490
     16496
     16502
     16508
     16514
     16520
     16526
     16532
     16538
     16544
     16550
     16556
     16562
     16568
     16574
     16580
     16586
     16592
     16598
     16604
     16610
     16616
     16622
     16628
     16634
     16640
     16646
     16651
     16656
     16661
     16667
     16672
     16678
     16684
     16690
     16695
     16700
     16705
     16711
     16717
     16723
     16729
     16735
     16741
     16747
     16753
     16759
     16765
     16771
     16777
     16783
     16789
     16795
     16801
     16807
     16813
     16819
     16825
     16831
     16837
     16843
     16849
     16855
     16861
     16867
     16873
     16879
     16884
     16890
     16896
     16902
     16908
     16914
     16920
     16926
     16932
     16938
     16943
     16948
     16953
     16959
     16965
     16971
     16977
     16983
     16989
     16995
     17001
     17007
     17013
     17019
     17025
     17031
     17037
     17043
     17049
     17055
     17060
     17065
     17070
     17075
     17081
     17087
     17093
     17099
     17105
     17111
     17117
     17123
     17129
     17135
     17141
     17147
     17153
     17159
     17165
     17171
     17177
     17183
     17188
     17193
     17198
     17203
     17208
     17214
     17220
     17226
     17232
     17238
     17244
     17250
     17255
     17260
     17265
     17270
     17275
     17281
     17287
     17293
     17299
     17305
     17311
     17317
     17322
     17327
     17333
     17339
     17344
     17350
     17356
     17362
     17368
     17374
     17379
     17385
     17391
     17397
     17403
     17409
     17415
     17421
     17427
     17433
     17439
     17445
     17451
     17456
     17461
     17467
     17473
     17479
     17485
     17491
     17497
     17503
     17509
     17515
     17521
     17527
     17533
     17539
     17545
     17551
     17557
     17563
     17569
     17575
     17581
     17587
     17593
     17599
     17605
     17611
     17617
     17623
     17629
     17634
     17639
     17645
     17651
     17657
     17663
     17669
     17675
     17681
     17687
     17693
     17699
     17705
     17711
     17717
     17723
     17729
     17735
     17741
     17747
     17753
     17759
     17765
     17771
     17777
     17783
     17789
     17794
     17799
     17805
     17811
     17817
     17823
     17829
     17835
     17841
     17847
     17853
     17859
     17865
     17871
     17877
     17883
     17889
     17895
     17901
     17907
     17913
     17918
     17924
     17930
     17935
     17941
     17946
     17952
     17958
     17964
     17970
     17976
     17982
     17988
     17994
     18000
     18006
     18012
     18018
     18024
     18030
     18036
     18042
     18048
     18054
     18060
     18066
     18072
     18078
     18084
     18089
     18095
     18101
     18107
     18113
     18119
     18125
     18131
     18136
     18142
     18147
     18152
     18158
     18164
     18170
     18176
     18182
     18188
     18194
     18200
     18206
     18212
     18218
     18224
     18230
     18236
     18241
     18247
     18253
     18259
     18265
     18271
     18277
     18283
     18289
     18295
     18301
     18307
     18313
     18319
     18325
     18331
     18337
     18343
     18349
     18355
     18361
     18367
     18373
     18378
     18384
     18390
     18396
     18402
     18407
     18413
     18419
     18425
     18431
     18436
     18442
     18448
     18454
     18460
     18465
     18471
     18477
     18483
     18489
     18494
     18500
     18506
     18512
     18518
     18523
     18529
     18535
     18540
     18546
     18551
     18557
     18563
     18569
     18574
     18580
     18586
     18592
     18598
     18604
     18610
     18616
     18622
     18628
     18634
     18640
     18646
     18652
     18658
     18664
     18670
     18676
     18682
     18688
     18694
     18700
     18706
     18711
     18716
     18722
     18728
     18734
     18740
     18746
     18752
     18758
     18764
     18770
     18776
     18782
     18788
     18794
     18800
     18806
     18812
     18817
     18823
     18828
     18834
     18840
     18846
     18852
     18858
     18864
     18870
     18875
     18881
     18887
     18893
     18899
     18905
     18911
     18917
     18923
     18929
     18935
     18941
     18947
     18953
     18959
     18965
     18971
     18977
     18983
     18988
     18994
     19000
     19006
     19012
     19018
     19024
     19030
     19036
     19042
     19048
     19054
     19060
     19066
     19072
     19078
     19084
     19090
     19096
     19102
     19108
     19114
     19120
     19126
     19132
     19138
     19144
     19149
     19155
     19161
     19167
     19173
     19179
     19185
     19190
     19196
     19202
     19208
     19214
     19219
     19224
     19230
     19236
     19242
     19248
     19254
     19260
     19266
     19272
     19278
     19284
     19290
     19296
     19302
     19308
     19314
     19320
     19326
     19332
     19338
     19344
     19349
     19355
     19361
     19366
     19372
     19378
     19384
     19390
     19396
     19402
     19408
     19414
     19420
     19426
     19432
     19437
     19443
     19449
     19453
     19459
     19465
     19471
     19477
     19483
     19489
     19495
     19501
     19507
     19513
     19519
     19525
     19531
     19536
     19542
     19547
     19553
     19558
     19564
     19570
     19575
     19581
     19587
     19593
     19599
     19604
     19610
     19616
     19622
     19628
     19633
     19639
     19645
     19651
     19657
     19663
     19669
     19675
     19681
     19687
     19693
     19699
     19705
     19710
     19716
     19722
     19727
     19733
     19739
     19745
     19751
     19757
     19763
     19769
     19775
     19781
     19787
     19793
     19799
     19805
     19811
     19817
     19823
     19829
     19835
     19841
     19846
     19852
     19858
     19864
     19869
     19875
     19881
     19887
     19893
     19899
     19905
     19911
     19917
     19923
     19929
     19935
     19940
     19946
     19952
     19958
     19964
     19970
     19975
     19980
     19986
     19992
     19998
     20004
     20010
     20016
     20022
     20028
     20034
     20040
     20046
     20051
     20057
     20063
     20069
     20075
     20081
     20087
     20093
     20099
     20105
     20111
     20117
     20123
     20129
     20135
     20141
     20147
     20152
     20158
     20164
     20170
     20175
     20180
     20186
     20192
     20198
     20204
     20210
     20216
     20222
     20228
     20234
     20240
     20246
     20252
     20258
     20264
     20270
     20276
     20282
     20288
     20294
     20300
     20306
     20312
     20317
     20323
     20329
     20334
     20340
     20346
     20351
     20356
     20362
     20368
     20374
     20380
     20386
     20392
     20398
     20404
     20410
     20415
     20421
     20427
     20432
     20438
     20443
     20449
     20452
     20457
     20460
     20465
     20468
     20471
     20475
     20479
     20483
     20487
     20491
     20495
     20499
     20503
     20507
     20511
     20515
     20519
     20523
     20527
     20531
     20535
     20539
     20543
     20547
     20551
     20555
     20559
     20563
     20567
     20571
     20574
     20578
     20582
     20586
     20590
     20595
     20599
     20602
     20607
     20610
     20614
     20618
     20622
     20626
     20630
     20634
     20639
     20642
     20647
     20651
     20654
     20658
     20662
     20666
     20670
     20674
     20678
     20682
     20686
     20690
     20694
     20698
     20703
     20707
     20711
     20715
     20719
     20723
     20727
     20730
     20736
     20742
     20748
     20754
     20760
     20766
     20771
     20776
     20782
     20787
     20793
     20799
     20805
     20811
     20817
     20820
     20824
     20828
     20832
     20836
     20841
     20846
     20851
     20856
     20860
     20865
     20870
     20875
     20880
     20884
     20889
     20894
     20899
     20904
     20908
     20913
     20918
     20923
     20928
     20932
     20937
     20942
     20947
     20952
     20957
     20962
     20967
     20972
     20977
     20982
     20987
     20991
     20997
     21001
     21007
     21011
     21017
     21021
     21027
     21031
     21037
     21041
     21047
     21052
     21057
     21062
     21067
     21072
     21077
     21082
     21087
     21092
     21097
     21102
     21107
     21112
     21117
     21122
     21127
     21132
     21137
     21142
     21147
     21152
     21157
     21162
     21167
     21172
     21176
     21182
     21187
     21192
     21197
     21202
     21207
     21212
     21217
     21222
     21228
     21233
     21238
     21243
     21248
     21253
     21258
     21263
     21268
     21273
     21278
     21283
     21288
     21293
     21298
     21303
     21308
     21313
     21318
     21323
     21328
     21333
     21338
     21343
     21348
     21353
     21358
     21363
     21368
     21373
     21378
     21383
     21388
     21393
     21398
     21403
     21408
     21413
     21418
     21423
     21428
     21433
     21438
     21443
     21448
     21453
     21458
     21463
     21468
     21473
     21478
     21483
     21488
     21493
     21498
     21503
     21508
     21513
     21518
     21523
     21528
     21533
     21538
     21543
     21548
     21553
     21558
     21563
     21568
     21573
     21578
     21582
     21586
     21590
     21594
     21598
     21602
     21606
     21611
     21616
     21621
     21626
     21631
     21636
     21641
     21646
     21651
     21656
     21661
     21666
     21671
     21676
     21681
     21686
     21691
     21696
     21701
     21706
     21711
     21716
     21721
     21726
     21731
     21736
     21741
     21747
     21753
     21759
     21765
     21771
     21777
     21781
     21785
     21790
     21795
     21800
     21805
     21808
     21812
     21816
     21820
     21826
     21832
     21838
     21843
     21848
     21854
     21860
     21866
     21872
     21875
     21879
     21883
     21887
     21891
     21895
     21901
     21907
     21913
     21919
     21925
     21931
     21937
     21941
     21945
     21949
     21953
     21957
     21963
     21969
     21975
     21981
     21987
     21992
     21997
     22002
     22007
     22012
     22016
     22020
     22024
     22028
     22032
     22037
     22042
     22047
     22052
     22057
     22062
     22067
     22072
     22077
     22082
     22087
     22092
     22097
     22102
     22107
     22112
     22117
     22122
     22127
     22132
     22137
     22142
     22147
     22152
     22157
     22162
     22167
     22172
     22177
     22182
     22187
     22192
     22197
     22202
     22207
     22212
     22217
     22222
     22227
     22232
     22237
     22242
     22247
     22252
     22257
     22262
     22267
     22272
     22277
     22282
     22287
     22292
     22297
     22302
     22307
     22311
     22315
     22319
     22323
     22327
     22331
     22336
     22341
     22346
     22351
     22356
     22361
     22366
     22371
     22376
     22381
     22386
     22390
     22394
     22398
     22403
     22408
     22413
     22418
     22423
     22428
     22433
     22438
     22443
     22448
     22453
     22458
     22463
     22468
     22473
     22478
     22483
     22488
     22493
     22498
     22503
     22508
     22513
     22518
     22523
     22528
     22533
     22538
     22543
     22548
     22553
     22558
     22563
     22568
     22573
     22578
     22583
     22588
     22593
     22598
     22603
     22608
     22613
     22618
     22623
     22628
     22633
     22638
     22643
     22648
     22653
     22658
     22663
     22668
     22672
     22675
     22680
     22684
     22687
     22692
     22695
     22700
     22704
     22708
     22711
     22716
     22720
     22724
     22729
     22732
     22736
     22741
     22745
     22750
     22756
     22761
     22766
     22770
     22775
     22779
     22785
     22790
     22794
     22799
     22805
     22810
     22815
     22819
     22824
     22829
     22835
     22838
     22844
     22849
     22853
     22858
     22864
     22869
     22874
     22878
     22883
     22887
     22893
     22898
     22903
     22907
     22912
     22918
     22923
     22928
     22932
     22937
     22941
     22947
     22952
     22957
     22961
     22966
     22972
     22977
     22982
     22986
     22991
     22995
     23001
     23006
     23011
     23015
     23020
     23026
     23031
     23036
     23040
     23045
     23049
     23055
     23060
     23065
     23071
     23074
     23079
     23085
     23090
     23095
     23099
     23104
     23108
     23114
     23119
     23123
     23129
     23133
     23139
     23144
     23149
     23153
     23158
     23162
     23168
     23173
     23177
     23183
     23187
     23193
     23198
     23203
     23207
     23212
     23216
     23222
     23227
     23231
     23237
     23241
     23247
     23252
     23257
     23261
     23266
     23270
     23276
     23281
     23285
     23291
     23295
     23301
     23306
     23311
     23315
     23319
     23322
     23326
     23330
     23333
     23338
     23341
     23346
     23350
     23355
     23360
     23365
     23370
     23374
     23377
     23382
     23387
     23391
     23396
     23401
     23405
     23409
     23415
     23419
     23425
     23428
     23433
     23437
     23443
     23447
     23453
     23456
     23461
     23466
     23471
     23476
     23481
     23485
     23489
     23495
     23499
     23505
     23511
     23517
     23523
     23528
     23533
     23538
     23544
     23550
     23555
     23560
     23565
     23570
     23576
     23579
     23583
     23587
     23591
     23595
     23601
     23607
     23610
     23614
     23619
     23624
     23630
     23634
     23640
     23644
     23650
     23654
     23660
     23665
     23669
     23675
     23681
     23685
     23689
     23693
     23698
     23701
     23705
     23710
     23715
     23721
     23725
     23730
     23735
     23740
     23746
     23750
     23755
     23760
     23766
     23772
     23775
     23780
     23785
     23790
     23795
     23801
     23805
     23810
     23816
     23819
     23824
     23829
     23834
     23840
     23844
     23850
     23856
     23860
     23866
     23869
     23873
     23877
     23883
     23889
     23895
     23901
     23907
     23910
     23915
     23920
     23925
     23931
     23937
     23940
     23944
     23948
     23952
     23956
     23960
     23966
     23971
     23977
     23980
     23985
     23990
     23996
     24002
     24008
     24011
     24015
     24020
     24023
     24027
     24032
     24038
     24044
     24048
     24054
     24060
     24066
     24070
     24075
     24080
     24086
     24091
     24097
     24101
     24107
     24111
     24117
     24122
     24127
     24130
     24134
     24140
     24146
     24152
     24156
     24161
     24164
     24170
     24176
     24180
     24185
     24190
     24195
     24200
     24205
     24210
     24215
     24218
     24221
     24225
     24229
     24233
     24237
     24241
     24246
     24249
     24254
     24258
     24262
     24266
     24270
     24274
     24277
     24282
     24287
     24292
     24297
     24302
     24308
     24313
     24318
     24323
     24328
     24333
     24338
     24343
     24348
     24353
     24358
     24363
     24368
     24373
     24378
     24383
     24388
     24393
     24398
     24403
     24408
     24413
     24418
     24423
     24428
     24433
     24438
     24443
