         1
         7
        13
        19
        25
        31
        37
        43
        49
        55
        61
        67
        73
        79
        85
        91
        97
       103
       109
       115
       121
       127
       133
       139
       145
       151
       157
       163
       169
       175
       181
       187
       193
       199
       205
       211
       217
       223
       229
       235
       241
       247
       253
       259
       265
       271
       277
       283
       289
       295
       301
       307
       313
       319
       325
       331
       337
       343
       349
       355
       361
       367
       373
       379
       385
       391
       397
       403
       409
       415
       421
       427
       433
       439
       445
       451
       457
       463
       469
       475
       481
       487
       493
       499
       505
       511
       517
       523
       529
       535
       541
       547
       553
       559
       565
       571
       577
       583
       589
       595
       601
       607
       613
       619
       625
       631
       637
       643
       649
       655
       661
       667
       673
       679
       685
       691
       697
       703
       709
       715
       721
       727
       733
       739
       745
       751
       757
       763
       769
       775
       781
       787
       793
       799
       805
       811
       817
       823
       829
       835
       841
       847
       853
       859
       865
       871
       877
       883
       889
       895
       901
       907
       913
       919
       925
       931
       937
       943
       949
       955
       961
       967
       973
       979
       985
       991
       997
      1003
      1009
      1015
      1021
      1027
      1033
      1039
      1045
      1051
      1057
      1063
      1069
      1075
      1081
      1087
      1093
      1099
      1105
      1111
      1117
      1123
      1129
      1135
      1141
      1147
      1153
      1159
      1165
      1171
      1177
      1183
      1189
      1195
      1201
      1207
      1213
      1219
      1225
      1231
      1237
      1243
      1249
      1255
      1261
      1267
      1273
      1279
      1285
      1291
      1297
      1303
      1309
      1315
      1321
      1327
      1333
      1339
      1345
      1351
      1357
      1363
      1369
      1375
      1381
      1387
      1393
      1399
      1405
      1411
      1417
      1423
      1429
      1435
      1441
      1447
      1453
      1459
      1465
      1471
      1477
      1483
      1489
      1495
      1501
      1507
      1513
      1519
      1525
      1531
      1537
      1543
      1549
      1555
      1561
      1567
      1573
      1579
      1585
      1591
      1597
      1603
      1609
      1615
      1621
      1627
      1633
      1639
      1645
      1651
      1657
      1663
      1669
      1675
      1681
      1687
      1693
      1699
      1705
      1711
      1717
      1723
      1729
      1735
      1741
      1747
      1753
      1759
      1765
      1771
      1777
      1783
      1789
      1795
      1801
      1807
      1813
      1819
      1825
      1831
      1837
      1843
      1849
      1855
      1861
      1867
      1873
      1879
      1885
      1891
      1897
      1903
      1909
      1915
      1921
      1927
      1933
      1939
      1945
      1951
      1957
      1963
      1969
      1975
      1981
      1987
      1993
      1999
      2005
      2011
      2017
      2023
      2029
      2035
      2041
      2047
      2053
      2059
      2065
      2071
      2077
      2083
      2089
      2095
      2101
      2107
      2113
      2119
      2125
      2131
      2137
      2143
      2149
      2155
      2161
      2167
      2173
      2179
      2185
      2191
      2197
      2203
      2209
      2215
      2221
      2227
      2233
      2239
      2245
      2251
      2257
      2263
      2269
      2275
      2281
      2287
      2293
      2299
      2305
      2311
      2317
      2323
      2329
      2335
      2341
      2347
      2353
      2359
      2365
      2371
      2377
      2383
      2389
      2395
      2401
      2407
      2413
      2419
      2425
      2431
      2437
      2443
      2449
      2455
      2461
      2467
      2473
      2479
      2485
      2491
      2497
      2503
      2509
      2515
      2521
      2527
      2533
      2539
      2545
      2551
      2557
      2563
      2569
      2575
      2581
      2587
      2593
      2599
      2605
      2611
      2617
      2623
      2629
      2635
      2641
      2647
      2653
      2659
      2665
      2671
      2677
      2683
      2689
      2695
      2701
      2707
      2713
      2719
      2725
      2731
      2737
      2743
      2749
      2755
      2761
      2767
      2773
      2779
      2785
      2791
      2797
      2803
      2809
      2815
      2821
      2827
      2833
      2839
      2845
      2851
      2857
      2863
      2869
      2875
      2881
      2887
      2893
      2899
      2905
      2911
      2917
      2923
      2929
      2935
      2941
      2947
      2953
      2959
      2965
      2971
      2977
      2983
      2989
      2995
      3001
      3007
      3013
      3019
      3025
      3031
      3037
      3043
      3049
      3055
      3061
      3067
      3073
      3079
      3085
      3091
      3097
      3103
      3109
      3115
      3121
      3127
      3133
      3139
      3145
      3151
      3157
      3163
      3169
      3175
      3181
      3187
      3193
      3199
      3205
      3211
      3217
      3223
      3229
      3235
      3241
      3247
      3253
      3259
      3265
      3271
      3277
      3283
      3289
      3295
      3301
      3307
      3313
      3319
      3325
      3331
      3337
      3343
      3349
      3355
      3361
      3367
      3373
      3379
      3385
      3391
      3397
      3403
      3409
      3415
      3421
      3427
      3433
      3439
      3445
      3451
      3457
      3463
      3469
      3475
      3481
      3487
      3493
      3499
      3505
      3511
      3517
      3523
      3529
      3535
      3541
      3547
      3553
      3559
      3565
      3571
      3577
      3583
      3589
      3595
      3601
      3607
      3613
      3619
      3625
      3631
      3637
      3643
      3649
      3655
      3661
      3667
      3673
      3679
      3685
      3691
      3697
      3703
      3709
      3715
      3721
      3727
      3733
      3739
      3745
      3751
      3757
      3763
      3769
      3775
      3781
      3787
      3793
      3799
      3805
      3811
      3817
      3823
      3829
      3835
      3841
      3847
      3853
      3859
      3865
      3871
      3877
      3883
      3889
      3895
      3901
      3907
      3913
      3919
      3925
      3931
      3937
      3943
      3949
      3955
      3961
      3967
      3973
      3979
      3985
      3991
      3997
      4003
      4009
      4015
      4021
      4027
      4033
      4039
      4045
      4051
      4057
      4063
      4069
      4075
      4081
      4087
      4093
      4099
      4105
      4111
      4117
      4123
      4129
      4135
      4141
      4147
      4153
      4159
      4165
      4171
      4177
      4183
      4189
      4195
      4201
      4207
      4213
      4219
      4225
      4231
      4237
      4243
      4249
      4255
      4261
      4267
      4273
      4279
      4285
      4291
      4297
      4303
      4309
      4315
      4321
      4327
      4333
      4339
      4345
      4351
      4357
      4363
      4369
      4375
      4381
      4387
      4393
      4399
      4405
      4411
      4417
      4423
      4429
      4435
      4441
      4447
      4453
      4459
      4465
      4471
      4477
      4483
      4489
      4495
      4501
      4507
      4513
      4519
      4525
      4531
      4537
      4543
      4549
      4555
      4561
      4567
      4573
      4579
      4585
      4591
      4597
      4603
      4609
      4615
      4621
      4627
      4633
      4639
      4645
      4651
      4657
      4663
      4669
      4675
      4681
      4687
      4693
      4699
      4705
      4711
      4717
      4723
      4729
      4735
      4741
      4747
      4753
      4759
      4765
      4771
      4777
      4783
      4789
      4795
      4801
      4807
      4813
      4819
      4825
      4831
      4837
      4843
      4849
      4855
      4861
      4867
      4873
      4879
      4885
      4891
      4897
      4903
      4909
      4915
      4921
      4926
      4932
      4938
      4944
      4950
      4956
      4961
      4966
      4972
      4978
      4984
      4989
      4995
      5001
      5007
      5013
      5019
      5025
      5030
      5035
      5040
      5046
      5052
      5058
      5064
      5070
      5075
      5081
      5087
      5093
      5098
      5103
      5109
      5115
      5121
      5127
      5132
      5138
      5144
      5150
      5156
      5162
      5168
      5174
      5180
      5186
      5192
      5198
      5204
      5210
      5216
      5222
      5228
      5234
      5239
      5244
      5250
      5255
      5261
      5267
      5273
      5279
      5285
      5291
      5297
      5303
      5309
      5314
      5320
      5326
      5332
      5338
      5344
      5350
      5356
      5362
      5368
      5373
      5378
      5383
      5388
      5394
      5400
      5406
      5412
      5418
      5424
      5430
      5436
      5442
      5448
      5454
      5460
      5466
      5472
      5478
      5484
      5490
      5496
      5502
      5508
      5514
      5520
      5526
      5532
      5538
      5544
      5550
      5556
      5562
      5568
      5574
      5580
      5586
      5592
      5598
      5604
      5610
      5616
      5622
      5628
      5634
      5640
      5646
      5652
      5658
      5664
      5670
      5676
      5682
      5688
      5694
      5700
      5706
      5712
      5718
      5724
      5730
      5736
      5742
      5748
      5754
      5760
      5766
      5772
      5778
      5784
      5790
      5796
      5802
      5808
      5814
      5820
      5825
      5830
      5835
      5840
      5846
      5852
      5857
      5862
      5868
      5874
      5880
      5886
      5892
      5898
      5904
      5910
      5916
      5922
      5927
      5932
      5938
      5944
      5949
      5955
      5961
      5967
      5973
      5978
      5983
      5989
      5995
      6001
      6007
      6013
      6019
      6024
      6030
      6036
      6042
      6048
      6054
      6060
      6066
      6072
      6078
      6084
      6090
      6096
      6102
      6108
      6114
      6120
      6126
      6132
      6138
      6144
      6150
      6156
      6162
      6168
      6174
      6180
      6186
      6191
      6196
      6201
      6207
      6213
      6219
      6225
      6231
      6237
      6243
      6249
      6255
      6260
      6265
      6270
      6276
      6282
      6288
      6294
      6300
      6306
      6312
      6318
      6324
      6330
      6336
      6342
      6348
      6354
      6360
      6366
      6372
      6378
      6384
      6390
      6396
      6402
      6408
      6414
      6420
      6426
      6432
      6438
      6444
      6450
      6456
      6462
      6468
      6474
      6480
      6486
      6492
      6498
      6504
      6510
      6516
      6522
      6528
      6534
      6540
      6546
      6552
      6558
      6564
      6570
      6576
      6582
      6588
      6594
      6600
      6606
      6612
      6618
      6624
      6630
      6636
      6642
      6648
      6654
      6659
      6665
      6671
      6677
      6683
      6689
      6695
      6701
      6707
      6713
      6719
      6725
      6731
      6737
      6743
      6748
      6753
      6759
      6765
      6771
      6777
      6783
      6789
      6795
      6801
      6806
      6812
      6818
      6823
      6829
      6835
      6841
      6847
      6853
      6859
      6865
      6871
      6877
      6883
      6889
      6895
      6900
      6906
      6912
      6918
      6924
      6930
      6936
      6942
      6948
      6954
      6960
      6966
      6972
      6978
      6984
      6990
      6996
      7002
      7008
      7014
      7020
      7026
      7032
      7038
      7044
      7050
      7056
      7062
      7068
      7074
      7080
      7086
      7092
      7098
      7104
      7110
      7116
      7122
      7128
      7134
      7140
      7146
      7152
      7158
      7164
      7170
      7176
      7182
      7188
      7194
      7200
      7206
      7212
      7218
      7224
      7230
      7236
      7242
      7248
      7254
      7260
      7266
      7272
      7278
      7284
      7290
      7296
      7302
      7308
      7314
      7320
      7326
      7332
      7338
      7344
      7350
      7356
      7362
      7368
      7374
      7380
      7386
      7392
      7398
      7404
      7410
      7416
      7422
      7428
      7434
      7440
      7446
      7452
      7458
      7464
      7470
      7476
      7482
      7488
      7494
      7500
      7506
      7512
      7518
      7524
      7530
      7536
      7542
      7548
      7554
      7560
      7566
      7572
      7578
      7584
      7590
      7596
      7602
      7608
      7614
      7620
      7626
      7632
      7638
      7644
      7650
      7656
      7662
      7668
      7674
      7680
      7686
      7692
      7698
      7704
      7709
      7714
      7719
      7724
      7730
      7736
      7742
      7748
      7754
      7760
      7765
      7770
      7775
      7780
      7786
      7792
      7798
      7804
      7809
      7814
      7819
      7825
      7831
      7837
      7843
      7848
      7853
      7859
      7865
      7870
      7875
      7881
      7887
      7893
      7899
      7905
      7911
      7916
      7921
      7926
      7932
      7938
      7944
      7950
      7956
      7962
      7968
      7974
      7980
      7986
      7992
      7998
      8004
      8010
      8016
      8022
      8028
      8033
      8038
      8044
      8050
      8056
      8062
      8068
      8074
      8080
      8086
      8092
      8098
      8103
      8109
      8115
      8121
      8127
      8133
      8139
      8145
      8151
      8157
      8162
      8167
      8172
      8178
      8184
      8190
      8196
      8202
      8208
      8214
      8219
      8224
      8230
      8236
      8242
      8248
      8254
      8259
      8264
      8269
      8275
      8281
      8287
      8293
      8299
      8305
      8311
      8317
      8323
      8329
      8335
      8341
      8346
      8351
      8356
      8361
      8366
      8371
      8377
      8383
      8389
      8395
      8401
      8407
      8413
      8419
      8425
      8431
      8437
      8443
      8449
      8455
      8461
      8467
      8473
      8479
      8485
      8491
      8497
      8503
      8509
      8515
      8521
      8527
      8533
      8539
      8545
      8551
      8557
      8563
      8569
      8575
      8581
      8587
      8593
      8599
      8605
      8611
      8617
      8623
      8629
      8635
      8641
      8647
      8653
      8659
      8665
      8671
      8677
      8683
      8689
      8695
      8701
      8707
      8713
      8719
      8725
      8731
      8737
      8743
      8749
      8755
      8761
      8767
      8773
      8779
      8785
      8790
      8796
      8802
      8808
      8814
      8820
      8826
      8832
      8838
      8844
      8850
      8856
      8862
      8868
      8874
      8880
      8886
      8892
      8897
      8903
      8909
      8915
      8921
      8927
      8933
      8939
      8944
      8950
      8956
      8962
      8968
      8974
      8980
      8985
      8991
      8997
      9003
      9009
      9015
      9021
      9027
      9033
      9039
      9045
      9050
      9056
      9061
      9067
      9073
      9079
      9085
      9091
      9097
      9103
      9109
      9115
      9121
      9127
      9133
      9139
      9145
      9151
      9157
      9163
      9169
      9175
      9181
      9187
      9193
      9199
      9205
      9211
      9217
      9223
      9229
      9235
      9241
      9247
      9253
      9259
      9265
      9271
      9277
      9283
      9289
      9295
      9301
      9307
      9313
      9319
      9325
      9331
      9337
      9343
      9349
      9355
      9361
      9367
      9373
      9379
      9385
      9391
      9397
      9403
      9409
      9415
      9421
      9427
      9433
      9439
      9445
      9451
      9457
      9463
      9469
      9475
      9481
      9487
      9493
      9499
      9505
      9511
      9517
      9523
      9529
      9535
      9541
      9547
      9553
      9559
      9565
      9571
      9577
      9583
      9589
      9595
      9601
      9607
      9613
      9619
      9625
      9630
      9636
      9642
      9648
      9654
      9659
      9665
      9671
      9676
      9682
      9688
      9694
      9700
      9706
      9711
      9716
      9722
      9728
      9733
      9739
      9745
      9751
      9757
      9763
      9769
      9775
      9780
      9786
      9792
      9797
      9802
      9807
      9813
      9819
      9825
      9831
      9837
      9843
      9849
      9855
      9861
      9867
      9873
      9879
      9885
      9891
      9897
      9903
      9909
      9915
      9921
      9926
      9932
      9938
      9944
      9950
      9956
      9962
      9968
      9974
      9980
      9986
      9992
      9998
     10004
     10010
     10016
     10022
     10028
     10034
     10040
     10046
     10052
     10058
     10064
     10070
     10076
     10082
     10088
     10094
     10100
     10106
     10112
     10118
     10123
     10128
     10133
     10138
     10144
     10150
     10155
     10161
     10167
     10173
     10178
     10183
     10189
     10195
     10201
     10207
     10213
     10219
     10225
     10231
     10237
     10243
     10248
     10254
     10260
     10266
     10271
     10277
     10283
     10289
     10295
     10301
     10307
     10313
     10319
     10325
     10331
     10337
     10343
     10349
     10355
     10361
     10367
     10373
     10379
     10385
     10390
     10396
     10402
     10408
     10414
     10420
     10426
     10432
     10438
     10444
     10450
     10456
     10462
     10468
     10474
     10479
     10484
     10489
     10495
     10501
     10507
     10513
     10519
     10525
     10531
     10537
     10543
     10549
     10555
     10561
     10567
     10573
     10579
     10585
     10591
     10597
     10603
     10609
     10615
     10621
     10627
     10633
     10639
     10645
     10651
     10657
     10663
     10669
     10675
     10681
     10687
     10693
     10699
     10705
     10711
     10717
     10723
     10729
     10735
     10741
     10747
     10753
     10759
     10765
     10771
     10777
     10783
     10789
     10795
     10801
     10806
     10811
     10816
     10822
     10828
     10834
     10840
     10846
     10852
     10858
     10864
     10870
     10876
     10882
     10888
     10894
     10900
     10906
     10912
     10918
     10923
     10929
     10935
     10941
     10947
     10953
     10959
     10965
     10971
     10977
     10983
     10989
     10995
     11000
     11006
     11012
     11018
     11024
     11030
     11036
     11042
     11047
     11053
     11059
     11065
     11070
     11076
     11082
     11088
     11094
     11100
     11106
     11111
     11117
     11123
     11129
     11135
     11141
     11147
     11153
     11159
     11165
     11171
     11177
     11183
     11189
     11195
     11201
     11207
     11213
     11219
     11225
     11231
     11237
     11243
     11249
     11255
     11261
     11267
     11273
     11279
     11285
     11291
     11297
     11303
     11309
     11315
     11321
     11327
     11333
     11339
     11345
     11351
     11357
     11363
     11369
     11375
     11381
     11387
     11393
     11399
     11405
     11411
     11417
     11423
     11429
     11435
     11441
     11447
     11453
     11459
     11465
     11471
     11477
     11483
     11489
     11495
     11501
     11507
     11513
     11519
     11525
     11531
     11537
     11543
     11549
     11555
     11561
     11567
     11573
     11579
     11585
     11591
     11597
     11603
     11609
     11615
     11621
     11627
     11633
     11639
     11645
     11651
     11657
     11663
     11669
     11675
     11681
     11687
     11693
     11699
     11705
     11711
     11717
     11723
     11729
     11735
     11741
     11747
     11753
     11759
     11765
     11771
     11777
     11783
     11789
     11795
     11801
     11807
     11813
     11819
     11825
     11831
     11837
     11843
     11849
     11855
     11861
     11867
     11873
     11879
     11885
     11891
     11897
     11903
     11909
     11915
     11921
     11927
     11933
     11938
     11943
     11948
     11954
     11959
     11965
     11971
     11977
     11982
     11987
     11992
     11998
     12004
     12010
     12015
     12020
     12025
     12031
     12037
     12043
     12048
     12053
     12059
     12065
     12071
     12077
     12082
     12087
     12093
     12099
     12105
     12111
     12117
     12122
     12127
     12133
     12138
     12144
     12150
     12156
     12162
     12168
     12174
     12180
     12186
     12192
     12198
     12204
     12210
     12215
     12221
     12227
     12233
     12239
     12245
     12251
     12256
     12262
     12268
     12274
     12280
     12286
     12292
     12298
     12304
     12310
     12316
     12322
     12328
     12334
     12339
     12344
     12350
     12356
     12362
     12368
     12374
     12380
     12386
     12391
     12396
     12401
     12406
     12412
     12418
     12424
     12430
     12436
     12441
     12446
     12452
     12458
     12464
     12470
     12476
     12482
     12488
     12494
     12500
     12506
     12512
     12518
     12524
     12530
     12535
     12540
     12545
     12550
     12555
     12560
     12565
     12570
     12576
     12582
     12588
     12594
     12600
     12606
     12612
     12618
     12624
     12630
     12636
     12642
     12648
     12654
     12660
     12666
     12672
     12678
     12684
     12690
     12696
     12702
     12708
     12714
     12720
     12726
     12732
     12738
     12744
     12750
     12756
     12762
     12768
     12774
     12780
     12786
     12792
     12798
     12804
     12810
     12816
     12822
     12828
     12834
     12840
     12846
     12852
     12858
     12864
     12870
     12876
     12882
     12888
     12894
     12900
     12906
     12912
     12918
     12924
     12930
     12936
     12942
     12948
     12954
     12960
     12966
     12972
     12978
     12984
     12990
     12996
     13002
     13008
     13014
     13020
     13026
     13032
     13038
     13044
     13049
     13055
     13061
     13067
     13073
     13079
     13085
     13091
     13097
     13103
     13109
     13115
     13120
     13126
     13132
     13138
     13144
     13150
     13156
     13162
     13168
     13174
     13180
     13186
     13191
     13197
     13202
     13208
     13214
     13219
     13225
     13231
     13236
     13242
     13248
     13254
     13259
     13264
     13268
     13273
     13278
     13282
     13288
     13294
     13299
     13304
     13308
     13313
     13318
     13323
     13329
     13335
     13340
     13346
     13352
     13357
     13362
     13367
     13373
     13379
     13385
     13390
     13395
     13400
     13406
     13412
     13418
     13424
     13429
     13435
     13441
     13447
     13452
     13457
     13463
     13469
     13474
     13478
     13483
     13488
     13493
     13499
     13505
     13511
     13517
     13523
     13528
     13534
     13540
     13546
     13552
     13558
     13564
     13570
     13576
     13582
     13588
     13594
     13600
     13605
     13611
     13617
     13623
     13629
     13635
     13641
     13647
     13653
     13659
     13665
     13671
     13677
     13683
     13689
     13695
     13700
     13705
     13710
     13715
     13720
     13725
     13730
     13736
     13742
     13748
     13754
     13760
     13766
     13772
     13778
     13784
     13790
     13796
     13802
     13807
     13812
     13817
     13822
     13828
     13834
     13840
     13846
     13851
     13856
     13861
     13867
     13873
     13879
     13885
     13891
     13897
     13903
     13908
     13914
     13920
     13926
     13932
     13937
     13943
     13948
     13954
     13960
     13966
     13972
     13978
     13984
     13990
     13996
     14001
     14006
     14012
     14018
     14023
     14028
     14033
     14038
     14044
     14050
     14056
     14062
     14068
     14074
     14080
     14086
     14092
     14098
     14104
     14110
     14116
     14122
     14128
     14134
     14140
     14146
     14152
     14158
     14164
     14170
     14176
     14182
     14188
     14194
     14200
     14206
     14212
     14218
     14224
     14230
     14236
     14242
     14248
     14254
     14260
     14266
     14272
     14278
     14284
     14290
     14296
     14302
     14308
     14314
     14320
     14326
     14332
     14338
     14344
     14350
     14356
     14362
     14368
     14374
     14380
     14385
     14390
     14396
     14402
     14408
     14414
     14420
     14426
     14432
     14438
     14444
     14450
     14456
     14461
     14466
     14472
     14478
     14484
     14489
     14494
     14499
     14503
     14507
     14512
     14517
     14523
     14529
     14534
     14540
     14545
     14550
     14555
     14559
     14564
     14570
     14576
     14582
     14588
     14594
     14600
     14606
     14611
     14616
     14621
     14626
     14631
     14636
     14642
     14648
     14653
     14659
     14665
     14670
     14676
     14681
     14686
     14691
     14697
     14703
     14709
     14715
     14721
     14727
     14733
     14739
     14744
     14750
     14755
     14760
     14766
     14772
     14778
     14784
     14790
     14796
     14802
     14807
     14813
     14819
     14824
     14829
     14834
     14840
     14846
     14852
     14858
     14864
     14870
     14876
     14882
     14888
     14894
     14898
     14903
     14909
     14915
     14921
     14927
     14933
     14939
     14945
     14951
     14957
     14963
     14969
     14975
     14980
     14986
     14992
     14998
     15004
     15010
     15016
     15022
     15028
     15034
     15040
     15046
     15051
     15056
     15061
     15067
     15073
     15079
     15085
     15091
     15097
     15103
     15109
     15115
     15121
     15127
     15133
     15138
     15143
     15148
     15153
     15158
     15164
     15170
     15176
     15182
     15188
     15194
     15200
     15206
     15212
     15218
     15224
     15230
     15236
     15242
     15248
     15254
     15260
     15265
     15270
     15276
     15282
     15288
     15294
     15300
     15306
     15312
     15318
     15324
     15330
     15335
     15341
     15347
     15353
     15359
     15365
     15371
     15376
     15381
     15386
     15391
     15396
     15401
     15406
     15412
     15418
     15424
     15430
     15436
     15442
     15448
     15454
     15460
     15466
     15472
     15478
     15484
     15490
     15496
     15502
     15508
     15514
     15520
     15526
     15532
     15538
     15544
     15550
     15556
     15562
     15568
     15574
     15580
     15586
     15592
     15598
     15604
     15610
     15616
     15622
     15628
     15634
     15640
     15646
     15652
     15658
     15664
     15670
     15676
     15682
     15687
     15693
     15699
     15705
     15711
     15717
     15723
     15729
     15735
     15740
     15746
     15752
     15758
     15763
     15769
     15775
     15780
     15785
     15790
     15796
     15802
     15808
     15814
     15820
     15825
     15830
     15835
     15841
     15847
     15853
     15859
     15864
     15870
     15875
     15880
     15885
     15891
     15897
     15903
     15909
     15913
     15918
     15924
     15930
     15936
     15942
     15948
     15954
     15960
     15966
     15972
     15978
     15984
     15990
     15996
     16002
     16008
     16014
     16020
     16026
     16032
     16037
     16043
     16049
     16055
     16061
     16067
     16073
     16079
     16085
     16091
     16097
     16103
     16109
     16115
     16120
     16126
     16132
     16138
     16144
     16150
     16156
     16162
     16168
     16174
     16180
     16186
     16192
     16198
     16204
     16210
     16216
     16222
     16228
     16234
     16240
     16245
     16251
     16256
     16262
     16268
     16274
     16280
     16286
     16291
     16297
     16303
     16309
     16315
     16321
     16327
     16333
     16339
     16345
     16350
     16356
     16361
     16366
     16372
     16378
     16384
     16389
     16394
     16400
     16406
     16412
     16418
     16424
     16430
     16436
     16442
     16448
     16454
     16459
     16465
     16471
     16477
     16483
     16489
     16495
     16501
     16507
     16513
     16519
     16525
     16531
     16537
     16543
     16549
     16555
     16560
     16566
     16572
     16578
     16584
     16590
     16596
     16602
     16608
     16614
     16620
     16626
     16632
     16638
     16644
     16650
     16656
     16662
     16668
     16674
     16680
     16686
     16692
     16698
     16704
     16710
     16716
     16721
     16727
     16733
     16739
     16745
     16751
     16757
     16763
     16769
     16775
     16781
     16787
     16793
     16798
     16804
     16810
     16816
     16822
     16828
     16834
     16840
     16846
     16852
     16857
     16863
     16869
     16875
     16881
     16887
     16893
     16899
     16905
     16911
     16917
     16923
     16929
     16935
     16941
     16947
     16953
     16959
     16965
     16971
     16977
     16983
     16989
     16995
     17001
     17007
     17013
     17019
     17025
     17031
     17037
     17043
     17049
     17055
     17061
     17066
     17072
     17078
     17084
     17090
     17096
     17102
     17108
     17114
     17120
     17126
     17132
     17138
     17143
     17148
     17154
     17160
     17166
     17172
     17178
     17184
     17190
     17196
     17202
     17208
     17213
     17218
     17224
     17230
     17236
     17242
     17248
     17254
     17260
     17266
     17272
     17278
     17284
     17290
     17296
     17302
     17308
     17314
     17320
     17325
     17331
     17337
     17343
     17349
     17355
     17361
     17367
     17373
     17379
     17385
     17390
     17396
     17402
     17408
     17414
     17420
     17426
     17432
     17438
     17443
     17448
     17454
     17460
     17465
     17469
     17472
     17476
     17479
     17483
     17487
     17491
     17494
     17498
     17502
     17506
     17510
     17514
     17517
     17521
     17525
     17529
     17533
     17536
     17541
     17544
     17549
     17553
     17556
     17561
     17565
     17569
     17573
     17577
     17581
     17585
     17589
     17594
     17598
     17602
     17606
     17610
     17614
     17618
     17622
     17626
     17630
     17634
     17638
     17642
     17646
     17651
     17654
     17658
     17662
     17666
     17669
     17673
     17677
     17681
     17685
     17689
     17693
     17697
     17701
     17705
     17710
     17714
     17718
     17722
     17726
     17730
     17735
     17738
     17744
     17748
     17754
     17759
     17765
     17768
     17774
     17779
     17785
     17791
     17796
     17801
     17806
     17811
     17816
     17821
     17827
     17831
     17836
     17841
     17846
     17851
     17856
     17861
     17866
     17871
     17876
     17881
     17886
     17891
     17896
     17901
     17906
     17911
     17916
     17921
     17927
     17931
     17937
     17942
     17948
     17953
     17958
     17962
     17967
     17972
     17977
     17982
     17985
     17991
     17997
     18002
     18007
     18012
     18018
     18021
     18027
     18031
     18037
     18041
     18047
     18051
     18057
     18061
     18067
     18071
     18074
     18078
     18083
     18088
     18093
     18098
     18103
     18106
     18111
     18115
     18119
     18124
     18129
     18134
     18139
     18144
     18149
     18154
     18160
     18166
     18171
     18176
     18181
     18186
     18191
     18196
     18201
     18206
     18211
     18216
     18221
     18226
     18231
     18236
     18241
     18246
     18251
     18256
     18261
     18266
     18271
     18276
     18279
     18285
     18290
     18295
     18300
     18305
     18309
     18315
     18320
     18325
     18330
     18334
     18338
     18343
     18349
     18354
     18359
     18364
     18369
     18375
     18380
     18385
     18390
     18395
     18400
     18405
     18410
     18415
     18420
     18426
     18429
     18435
     18441
     18446
     18451
     18456
     18461
     18466
     18471
     18476
     18481
     18486
     18491
     18497
     18502
     18507
     18511
     18516
     18521
     18526
     18531
     18536
     18541
     18546
     18551
     18556
     18562
     18567
     18572
     18576
     18581
     18585
     18589
     18593
     18597
     18601
     18605
     18610
     18615
     18620
     18626
     18631
     18636
     18640
     18645
     18650
     18653
     18657
     18661
     18666
     18670
     18674
     18677
     18681
     18685
     18689
     18692
     18697
     18702
     18706
     18711
     18716
     18720
     18725
     18730
     18735
     18740
     18745
     18750
     18755
     18760
     18765
     18770
     18775
     18780
     18785
     18790
     18796
     18800
     18805
     18810
     18816
     18821
     18826
     18830
     18835
     18839
     18844
     18848
     18853
     18857
     18862
     18865
     18869
     18875
     18879
     18885
     18888
     18894
     18899
     18903
     18906
     18912
     18918
     18924
     18930
     18935
     18941
     18947
     18953
     18959
     18965
     18971
     18977
     18981
     18984
     18990
     18995
     18998
     19004
     19009
     19015
     19020
     19024
     19030
     19036
     19042
     19048
     19052
     19056
     19059
     19065
     19071
     19077
     19082
     19085
     19091
     19096
     19102
     19108
     19112
     19117
     19121
     19126
     19130
     19135
     19139
     19144
     19148
     19153
     19156
     19160
     19164
     19168
     19172
     19175
     19180
     19185
     19190
     19195
     19199
     19203
     19207
     19212
     19217
     19222
     19227
     19232
     19237
     19242
     19246
     19250
     19254
     19258
     19262
     19266
     19271
     19276
     19281
     19286
     19291
     19296
     19301
     19306
     19311
     19316
     19321
     19326
     19331
     19336
     19341
     19346
     19351
     19356
     19361
     19366
     19371
     19376
     19381
     19386
     19390
     19394
     19398
     19402
     19406
     19410
     19414
     19420
     19426
     19432
     19438
     19444
     19450
     19456
     19459
     19463
     19467
     19471
     19476
     19481
     19486
     19492
     19498
     19504
     19510
     19513
     19518
     19523
     19528
     19533
     19538
     19543
     19549
     19555
     19558
     19562
     19566
     19570
     19574
     19578
     19582
     19588
     19594
     19600
     19606
     19612
     19618
     19624
     19630
     19635
     19640
     19645
     19650
     19655
     19660
     19665
     19670
     19675
     19680
     19685
     19690
     19695
     19700
     19705
     19710
     19715
     19720
     19725
     19730
     19735
     19740
     19745
     19750
     19755
     19760
     19765
     19770
     19775
     19780
     19785
     19790
     19795
     19800
     19805
     19810
     19815
     19820
     19826
     19832
     19838
     19844
     19850
     19856
     19862
     19868
     19873
     19878
     19883
     19888
     19893
     19898
     19903
     19908
     19913
     19918
     19923
     19928
     19933
     19938
     19943
     19948
     19953
     19958
     19963
     19968
     19973
     19978
     19983
     19988
     19993
     19998
     20003
     20008
     20013
     20018
     20023
     20028
     20033
     20038
     20043
     20048
     20053
     20058
     20063
     20068
     20073
     20078
     20084
     20090
     20096
     20102
     20108
     20114
     20120
     20124
     20128
     20132
     20136
     20140
     20144
     20148
     20153
     20158
     20163
     20168
     20173
     20178
     20183
     20188
     20193
     20198
     20203
     20208
     20213
     20218
     20223
     20228
     20233
     20238
     20243
     20248
     20253
     20258
     20263
     20268
     20272
     20277
     20282
     20287
     20292
     20297
     20301
     20306
     20311
     20316
     20321
     20326
     20330
     20335
     20340
     20345
     20350
     20355
     20359
     20364
     20369
     20374
     20379
     20384
     20388
     20393
     20398
     20403
     20408
     20413
     20418
     20421
     20426
     20431
     20436
     20441
     20446
     20451
     20456
     20461
     20466
     20471
     20476
     20481
     20486
     20491
     20496
     20501
     20506
     20511
     20516
     20521
     20526
     20531
     20536
     20541
     20546
     20551
     20556
     20561
     20566
     20571
     20576
     20582
     20587
     20593
     20598
     20604
     20609
     20615
     20620
     20626
     20631
     20637
     20643
     20649
     20654
     20659
     20664
     20669
     20674
     20679
     20684
     20689
     20694
     20699
     20704
     20709
     20714
     20719
     20723
     20728
     20733
     20738
     20742
     20747
     20752
     20757
     20762
     20767
     20772
     20777
     20782
     20787
     20792
     20795
     20799
     20802
     20806
     20811
     20815
     20819
     20823
     20828
     20833
     20838
     20844
     20849
     20854
     20860
     20865
     20870
     20875
     20879
     20883
     20888
     20893
     20898
     20903
     20908
     20913
     20917
     20922
     20927
     20931
     20936
     20941
     20946
     20950
     20955
     20960
     20965
     20970
     20974
     20978
     20982
     20987
     20992
     20997
     21002
     21007
     21012
     21017
     21022
     21027
     21032
     21037
     21042
     21046
     21051
     21055
     21059
     21062
     21067
     21073
     21078
     21082
     21087
     21093
     21098
     21103
     21109
     21113
     21117
     21121
     21126
     21131
     21136
     21141
     21144
     21148
     21152
     21155
     21159
     21164
     21170
     21176
     21180
     21185
     21188
     21192
     21197
     21203
     21208
     21214
     21220
     21223
     21227
     21232
     21237
     21243
     21248
     21253
     21258
     21263
     21269
     21273
     21279
     21284
     21290
     21295
     21298
     21303
     21307
     21312
     21317
     21322
     21325
     21331
     21335
     21341
     21347
     21352
     21355
     21360
     21365
     21369
     21372
     21377
     21380
     21384
     21389
     21393
     21396
     21401
     21404
     21408
     21412
     21415
     21420
     21424
     21430
     21436
     21440
     21446
     21449
     21454
     21459
     21464
     21469
     21474
     21479
     21484
     21489
     21494
     21499
     21504
     21509
     21514
     21518
     21521
     21527
     21533
     21538
     21543
     21547
     21551
     21556
     21561
     21566
     21571
     21576
     21581
     21586
     21591
     21596
     21601
     21604
     21608
     21613
     21618
     21624
     21630
     21635
     21640
     21645
     21649
     21653
     21659
     21664
     21669
     21675
     21681
     21687
     21691
     21695
     21699
     21703
     21706
     21711
     21716
     21721
     21726
     21730
     21736
     21742
     21748
     21754
     21760
     21765
     21770
     21775
     21780
     21784
     21788
     21792
     21796
     21800
     21806
     21812
     21818
     21824
     21830
     21836
     21840
     21843
     21848
     21853
     21857
     21861
     21865
     21869
     21873
     21878
     21883
     21888
     21893
     21898
     21903
     21908
     21912
     21916
     21919
     21924
     21929
     21934
     21939
     21944
     21949
     21954
     21959
     21963
     21968
     21973
     21978
     21982
     21988
     21991
     21997
     22003
     22007
     22013
     22018
     22022
     22027
     22030
     22035
     22038
     22044
     22048
     22052
     22058
     22062
     22065
     22071
     22076
     22080
     22084
     22089
     22094
     22097
     22102
     22106
     22110
     22113
     22118
     22123
     22128
     22132
     22137
     22142
     22147
     22151
     22156
     22160
     22163
     22168
     22173
     22178
     22182
     22187
     22192
     22197
     22201
     22206
     22211
     22216
     22220
     22225
     22230
     22235
     22239
     22244
     22249
     22254
     22258
     22263
     22268
     22273
     22277
     22282
     22287
     22292
     22297
     22301
     22306
     22310
     22314
     22317
     22323
     22328
     22334
     22339
     22345
     22350
     22356
     22361
     22367
     22372
     22378
     22383
     22389
     22394
     22397
     22402
     22408
     22414
     22420
     22423
     22427
     22430
     22434
     22438
     22442
     22446
     22449
     22453
     22457
     22461
     22464
     22468
     22472
     22477
     22480
     22484
     22488
     22493
     22498
     22502
     22508
     22514
     22520
     22525
     22530
     22536
     22542
     22547
     22552
     22557
     22561
     22567
     22572
     22577
     22582
     22587
     22591
     22596
     22600
     22605
     22610
     22614
     22619
     22624
     22629
     22633
     22639
     22644
     22647
     22651
     22656
     22661
     22666
     22671
     22676
     22680
     22686
     22692
     22695
     22699
     22704
     22709
     22714
     22719
     22724
     22729
     22734
     22739
     22744
     22749
     22753
     22757
     22761
     22766
     22771
     22776
     22781
     22786
     22791
     22796
     22802
     22807
     22812
     22817
     22822
     22827
     22832
     22837
     22842
     22847
     22852
     22857
     22862
     22867
     22872
     22877
     22882
     22888
     22891
     22897
     22901
     22907
     22913
     22918
     22923
     22928
     22933
     22938
     22943
     22948
     22953
     22958
     22963
     22968
     22973
     22978
     22983
     22988
     22994
     22998
     23004
     23007
     23013
     23019
     23024
     23029
     23034
     23039
     23044
     23049
     23054
     23059
     23064
     23069
     23074
     23079
     23084
     23089
     23095
     23099
     23105
     23110
     23113
     23119
     23125
     23130
     23135
     23139
     23143
     23147
     23151
     23157
     23160
     23165
     23171
     23175
     23180
     23186
     23190
     23195
     23201
     23205
     23210
     23216
     23220
     23223
     23227
     23232
     23236
     23241
     23246
     23251
     23256
     23261
     23266
     23271
     23276
     23281
     23286
     23291
     23296
     23302
     23308
     23314
     23320
     23325
     23329
     23334
     23340
     23345
     23349
     23355
     23360
     23363
     23369
     23375
     23380
     23384
     23387
     23393
     23399
     23404
     23410
     23416
     23421
     23427
     23430
     23435
     23440
     23446
     23451
     23456
     23461
     23465
     23468
     23474
     23480
     23485
     23491
     23494
     23498
     23504
     23510
     23516
     23522
     23528
     23532
     23538
     23541
     23547
     23553
     23558
     23561
     23567
     23572
     23575
     23581
     23587
     23592
     23595
     23600
     23606
     23610
     23613
     23619
     23624
     23628
     23634
     23639
     23644
     23647
     23652
     23657
     23662
     23667
     23672
     23676
     23680
     23685
     23690
     23696
     23702
     23706
     23711
     23716
     23720
     23724
     23729
     23732
     23736
     23740
     23745
     23750
     23755
     23760
     23765
     23770
     23775
     23780
     23785
     23790
     23796
     23800
     23805
     23810
     23815
     23820
     23825
     23830
     23836
     23841
     23846
     23851
     23856
     23861
     23866
     23871
     23876
     23881
     23886
     23891
     23896
     23901
     23906
     23909
     23915
     23921
     23925
     23931
     23934
     23940
     23946
     23951
     23956
     23961
     23966
     23970
     23976
     23981
     23985
     23991
     23996
     23999
     24005
     24011
     24016
     24021
     24024
     24030
     24036
     24041
     24045
     24051
     24056
     24061
     24066
     24071
     24076
     24081
     24086
     24091
     24096
     24101
     24106
     24111
     24116
     24121
     24126
     24132
     24137
     24142
     24147
     24152
     24157
     24163
     24169
     24174
     24179
     24184
     24189
     24194
     24200
     24203
     24206
     24211
     24215
     24220
     24225
     24230
     24235
     24240
     24245
