         1
         7
        13
        19
        25
        30
        35
        40
        45
        51
        57
        63
        69
        74
        79
        84
        89
        95
       101
       107
       113
       119
       125
       130
       135
       141
       147
       153
       158
       163
       169
       175
       181
       187
       193
       199
       204
       209
       215
       221
       227
       232
       237
       243
       249
       255
       261
       266
       272
       278
       284
       290
       296
       302
       308
       313
       318
       324
       330
       336
       342
       348
       354
       360
       366
       372
       378
       384
       390
       396
       402
       408
       414
       420
       426
       432
       437
       443
       449
       455
       461
       467
       473
       479
       485
       491
       497
       503
       509
       515
       521
       527
       533
       539
       545
       551
       557
       563
       569
       575
       581
       587
       593
       598
       603
       608
       613
       619
       625
       631
       637
       643
       649
       655
       661
       667
       673
       679
       685
       691
       697
       703
       709
       715
       721
       727
       733
       739
       745
       751
       757
       763
       769
       775
       781
       787
       793
       798
       803
       808
       813
       819
       825
       831
       837
       843
       849
       855
       861
       867
       873
       879
       885
       891
       897
       903
       909
       915
       921
       927
       933
       939
       945
       951
       957
       963
       969
       975
       981
       987
       993
       998
      1003
      1008
      1013
      1017
      1021
      1027
      1032
      1038
      1044
      1049
      1054
      1059
      1064
      1068
      1072
      1078
      1084
      1089
      1094
      1099
      1103
      1109
      1115
      1120
      1125
      1130
      1136
      1141
      1147
      1153
      1158
      1163
      1168
      1173
      1179
      1185
      1190
      1195
      1200
      1206
      1212
      1217
      1222
      1227
      1232
      1238
      1244
      1250
      1256
      1262
      1268
      1274
      1280
      1286
      1292
      1298
      1304
      1310
      1315
      1321
      1326
      1331
      1337
      1343
      1349
      1355
      1361
      1367
      1372
      1377
      1383
      1389
      1395
      1401
      1407
      1413
      1419
      1425
      1431
      1437
      1443
      1449
      1455
      1461
      1466
      1471
      1477
      1483
      1489
      1495
      1501
      1506
      1511
      1517
      1523
      1529
      1535
      1540
      1545
      1551
      1557
      1563
      1569
      1575
      1581
      1587
      1592
      1596
      1601
      1606
      1611
      1617
      1623
      1629
      1634
      1639
      1645
      1651
      1657
      1663
      1669
      1675
      1681
      1686
      1690
      1695
      1700
      1705
      1710
      1715
      1720
      1725
      1730
      1736
      1742
      1748
      1754
      1760
      1766
      1772
      1778
      1784
      1790
      1796
      1802
      1808
      1814
      1820
      1826
      1832
      1838
      1844
      1850
      1855
      1861
      1866
      1872
      1878
      1883
      1889
      1895
      1901
      1907
      1913
      1919
      1924
      1929
      1935
      1941
      1947
      1953
      1959
      1965
      1971
      1977
      1983
      1989
      1995
      2001
      2006
      2012
      2017
      2023
      2029
      2035
      2041
      2047
      2053
      2059
      2065
      2071
      2077
      2083
      2089
      2095
      2101
      2107
      2113
      2119
      2125
      2131
      2137
      2143
      2149
      2155
      2161
      2167
      2173
      2179
      2185
      2191
      2197
      2203
      2209
      2215
      2221
      2227
      2233
      2239
      2245
      2251
      2257
      2263
      2269
      2275
      2281
      2287
      2293
      2299
      2305
      2311
      2317
      2323
      2329
      2335
      2341
      2347
      2353
      2359
      2365
      2371
      2377
      2383
      2389
      2395
      2401
      2407
      2413
      2419
      2425
      2431
      2437
      2443
      2449
      2455
      2461
      2467
      2473
      2479
      2485
      2491
      2497
      2503
      2509
      2515
      2521
      2527
      2533
      2539
      2545
      2551
      2557
      2563
      2569
      2575
      2581
      2587
      2593
      2599
      2605
      2611
      2617
      2623
      2629
      2635
      2641
      2647
      2653
      2659
      2665
      2671
      2677
      2683
      2689
      2695
      2701
      2707
      2713
      2719
      2725
      2731
      2737
      2743
      2749
      2755
      2761
      2767
      2773
      2779
      2785
      2791
      2797
      2803
      2809
      2815
      2821
      2827
      2833
      2839
      2845
      2851
      2857
      2863
      2869
      2875
      2881
      2886
      2891
      2896
      2901
      2907
      2913
      2919
      2925
      2930
      2935
      2940
      2945
      2951
      2957
      2963
      2968
      2973
      2978
      2984
      2990
      2996
      3002
      3008
      3014
      3020
      3026
      3032
      3038
      3044
      3050
      3056
      3062
      3068
      3074
      3079
      3084
      3089
      3095
      3101
      3107
      3112
      3118
      3124
      3130
      3136
      3142
      3148
      3154
      3160
      3166
      3172
      3177
      3182
      3188
      3194
      3200
      3206
      3212
      3218
      3224
      3230
      3236
      3241
      3246
      3252
      3258
      3264
      3270
      3276
      3281
      3286
      3292
      3298
      3304
      3310
      3316
      3321
      3326
      3331
      3336
      3342
      3348
      3354
      3359
      3364
      3369
      3374
      3379
      3385
      3391
      3397
      3403
      3409
      3415
      3421
      3427
      3433
      3439
      3445
      3451
      3457
      3463
      3469
      3475
      3481
      3487
      3493
      3499
      3505
      3511
      3517
      3523
      3529
      3535
      3541
      3547
      3553
      3559
      3565
      3571
      3577
      3583
      3589
      3595
      3601
      3607
      3613
      3619
      3625
      3631
      3637
      3643
      3649
      3655
      3661
      3667
      3673
      3679
      3685
      3691
      3697
      3703
      3709
      3715
      3721
      3727
      3732
      3738
      3743
      3749
      3755
      3761
      3767
      3773
      3779
      3784
      3790
      3796
      3802
      3808
      3814
      3820
      3826
      3832
      3838
      3844
      3850
      3856
      3862
      3868
      3874
      3880
      3886
      3892
      3898
      3904
      3910
      3916
      3922
      3928
      3934
      3940
      3946
      3952
      3958
      3964
      3970
      3976
      3982
      3987
      3993
      3999
      4005
      4011
      4016
      4022
      4027
      4033
      4039
      4045
      4051
      4057
      4062
      4068
      4074
      4080
      4086
      4091
      4096
      4101
      4107
      4113
      4119
      4125
      4131
      4136
      4141
      4146
      4151
      4157
      4163
      4169
      4175
      4180
      4185
      4190
      4196
      4202
      4208
      4214
      4219
      4225
      4230
      4236
      4242
      4248
      4254
      4260
      4266
      4272
      4278
      4284
      4290
      4296
      4301
      4306
      4312
      4318
      4323
      4329
      4335
      4341
      4347
      4353
      4359
      4365
      4370
      4376
      4382
      4388
      4394
      4400
      4406
      4412
      4418
      4424
      4429
      4435
      4441
      4446
      4451
      4457
      4463
      4469
      4475
      4481
      4487
      4492
      4498
      4504
      4510
      4516
      4522
      4528
      4534
      4540
      4545
      4550
      4555
      4561
      4567
      4573
      4579
      4585
      4591
      4597
      4603
      4609
      4614
      4619
      4624
      4629
      4634
      4639
      4644
      4650
      4656
      4662
      4668
      4674
      4680
      4686
      4692
      4698
      4704
      4710
      4716
      4722
      4728
      4734
      4740
      4746
      4752
      4758
      4764
      4770
      4776
      4782
      4788
      4794
      4800
      4806
      4812
      4818
      4824
      4830
      4836
      4842
      4848
      4854
      4860
      4866
      4872
      4878
      4884
      4890
      4896
      4902
      4908
      4914
      4920
      4926
      4932
      4938
      4944
      4950
      4956
      4962
      4968
      4974
      4980
      4986
      4992
      4998
      5004
      5010
      5016
      5022
      5028
      5034
      5040
      5046
      5052
      5058
      5064
      5070
      5076
      5082
      5088
      5094
      5100
      5106
      5112
      5118
      5124
      5130
      5136
      5142
      5148
      5154
      5160
      5166
      5172
      5178
      5184
      5190
      5196
      5202
      5208
      5214
      5220
      5226
      5232
      5238
      5244
      5250
      5256
      5262
      5268
      5274
      5280
      5286
      5292
      5298
      5304
      5310
      5316
      5322
      5328
      5334
      5340
      5346
      5352
      5358
      5364
      5370
      5376
      5382
      5388
      5394
      5400
      5406
      5412
      5418
      5424
      5430
      5436
      5442
      5448
      5454
      5460
      5466
      5472
      5478
      5484
      5490
      5496
      5502
      5508
      5514
      5520
      5526
      5532
      5538
      5544
      5550
      5556
      5562
      5568
      5574
      5580
      5586
      5592
      5598
      5604
      5610
      5616
      5622
      5628
      5634
      5640
      5646
      5652
      5658
      5664
      5670
      5676
      5682
      5688
      5694
      5700
      5706
      5712
      5718
      5724
      5730
      5736
      5742
      5748
      5754
      5760
      5766
      5772
      5778
      5784
      5790
      5796
      5802
      5808
      5814
      5820
      5826
      5832
      5838
      5844
      5850
      5856
      5862
      5868
      5873
      5878
      5883
      5888
      5894
      5900
      5906
      5912
      5917
      5922
      5927
      5932
      5938
      5944
      5950
      5956
      5961
      5967
      5973
      5979
      5984
      5989
      5995
      6000
      6005
      6011
      6017
      6022
      6028
      6034
      6040
      6046
      6052
      6058
      6064
      6070
      6075
      6080
      6086
      6092
      6098
      6103
      6109
      6115
      6121
      6127
      6133
      6139
      6145
      6151
      6157
      6163
      6169
      6175
      6181
      6187
      6193
      6199
      6205
      6211
      6217
      6223
      6229
      6235
      6241
      6247
      6253
      6259
      6265
      6270
      6275
      6281
      6287
      6293
      6299
      6305
      6311
      6317
      6323
      6329
      6335
      6341
      6347
      6353
      6359
      6364
      6369
      6374
      6379
      6384
      6390
      6396
      6402
      6408
      6414
      6420
      6426
      6432
      6438
      6444
      6450
      6456
      6462
      6468
      6474
      6480
      6486
      6492
      6498
      6504
      6510
      6516
      6522
      6528
      6534
      6540
      6546
      6552
      6557
      6562
      6566
      6571
      6576
      6580
      6586
      6592
      6597
      6602
      6606
      6611
      6616
      6621
      6627
      6633
      6638
      6643
      6648
      6652
      6658
      6664
      6669
      6675
      6681
      6686
      6692
      6697
      6703
      6709
      6714
      6719
      6725
      6731
      6737
      6742
      6747
      6752
      6757
      6763
      6769
      6775
      6780
      6786
      6792
      6798
      6804
      6810
      6816
      6822
      6828
      6833
      6838
      6844
      6850
      6856
      6862
      6868
      6874
      6880
      6886
      6891
      6897
      6902
      6907
      6913
      6919
      6925
      6931
      6937
      6943
      6948
      6952
      6957
      6962
      6967
      6973
      6979
      6984
      6989
      6995
      7001
      7005
      7010
      7015
      7020
      7025
      7030
      7035
      7040
      7045
      7050
      7056
      7062
      7068
      7074
      7080
      7086
      7092
      7098
      7104
      7110
      7116
      7122
      7128
      7134
      7140
      7146
      7152
      7158
      7164
      7170
      7176
      7182
      7188
      7194
      7200
      7206
      7211
      7217
      7223
      7229
      7235
      7241
      7247
      7253
      7258
      7264
      7270
      7276
      7281
      7287
      7293
      7298
      7304
      7310
      7316
      7322
      7327
      7333
      7339
      7345
      7351
      7357
      7363
      7369
      7374
      7380
      7385
      7391
      7397
      7403
      7409
      7415
      7421
      7427
      7432
      7438
      7444
      7450
      7456
      7461
      7467
      7473
      7479
      7485
      7491
      7497
      7503
      7509
      7515
      7521
      7527
      7533
      7539
      7545
      7551
      7557
      7563
      7569
      7574
      7580
      7586
      7592
      7597
      7603
      7609
      7615
      7621
      7627
      7633
      7639
      7645
      7651
      7657
      7663
      7669
      7675
      7680
      7686
      7692
      7698
      7704
      7710
      7715
      7721
      7727
      7733
      7739
      7745
      7751
      7757
      7763
      7769
      7775
      7781
      7787
      7793
      7798
      7804
      7810
      7816
      7822
      7828
      7834
      7839
      7845
      7850
      7856
      7862
      7868
      7874
      7879
      7884
      7889
      7895
      7901
      7907
      7913
      7919
      7925
      7931
      7937
      7943
      7949
      7954
      7960
      7966
      7972
      7978
      7984
      7990
      7996
      8002
      8008
      8014
      8019
      8024
      8030
      8036
      8042
      8047
      8053
      8059
      8064
      8070
      8076
      8081
      8087
      8093
      8099
      8105
      8110
      8116
      8122
      8126
      8131
      8137
      8143
      8149
      8155
      8161
      8167
      8173
      8179
      8185
      8191
      8197
      8203
      8209
      8215
      8220
      8226
      8232
      8238
      8244
      8250
      8256
      8262
      8268
      8274
      8280
      8285
      8290
      8296
      8302
      8308
      8314
      8319
      8325
      8331
      8337
      8343
      8349
      8355
      8361
      8367
      8373
      8379
      8385
      8391
      8397
      8403
      8409
      8415
      8421
      8427
      8433
      8439
      8445
      8451
      8457
      8463
      8469
      8475
      8481
      8487
      8493
      8499
      8505
      8511
      8517
      8523
      8529
      8535
      8541
      8547
      8553
      8559
      8565
      8571
      8577
      8583
      8589
      8595
      8601
      8607
      8613
      8619
      8625
      8631
      8637
      8643
      8649
      8655
      8661
      8667
      8673
      8679
      8685
      8691
      8697
      8703
      8709
      8715
      8721
      8727
      8733
      8739
      8745
      8751
      8757
      8763
      8769
      8775
      8781
      8787
      8793
      8799
      8805
      8811
      8817
      8823
      8829
      8835
      8841
      8847
      8853
      8859
      8865
      8871
      8877
      8883
      8889
      8895
      8901
      8907
      8913
      8919
      8925
      8931
      8937
      8943
      8949
      8955
      8961
      8967
      8973
      8979
      8985
      8991
      8997
      9003
      9009
      9015
      9021
      9027
      9033
      9039
      9045
      9051
      9057
      9063
      9069
      9075
      9081
      9087
      9093
      9099
      9105
      9111
      9117
      9123
      9129
      9135
      9141
      9147
      9153
      9159
      9165
      9171
      9177
      9183
      9189
      9195
      9201
      9207
      9213
      9219
      9225
      9231
      9237
      9243
      9249
      9255
      9261
      9267
      9273
      9279
      9285
      9291
      9297
      9303
      9309
      9315
      9321
      9327
      9333
      9339
      9345
      9351
      9357
      9363
      9369
      9375
      9381
      9387
      9393
      9399
      9405
      9411
      9417
      9423
      9429
      9435
      9441
      9447
      9453
      9459
      9465
      9471
      9477
      9483
      9489
      9495
      9501
      9507
      9513
      9519
      9525
      9531
      9537
      9543
      9549
      9555
      9561
      9567
      9573
      9579
      9585
      9591
      9597
      9603
      9609
      9615
      9621
      9627
      9633
      9639
      9645
      9651
      9657
      9663
      9669
      9675
      9681
      9687
      9693
      9699
      9705
      9711
      9717
      9723
      9729
      9735
      9741
      9747
      9753
      9759
      9765
      9771
      9777
      9783
      9789
      9795
      9801
      9807
      9813
      9819
      9825
      9831
      9837
      9843
      9849
      9855
      9861
      9867
      9873
      9879
      9885
      9891
      9897
      9903
      9909
      9915
      9921
      9927
      9933
      9939
      9945
      9951
      9957
      9963
      9969
      9975
      9981
      9987
      9993
      9999
     10005
     10011
     10017
     10023
     10029
     10035
     10041
     10047
     10053
     10059
     10065
     10071
     10077
     10083
     10089
     10095
     10101
     10107
     10113
     10119
     10125
     10131
     10137
     10143
     10149
     10155
     10161
     10167
     10173
     10179
     10185
     10191
     10197
     10203
     10209
     10215
     10221
     10227
     10233
     10239
     10245
     10251
     10257
     10263
     10269
     10275
     10281
     10287
     10293
     10299
     10305
     10311
     10317
     10323
     10329
     10335
     10341
     10347
     10353
     10359
     10365
     10371
     10377
     10383
     10389
     10395
     10401
     10407
     10413
     10419
     10425
     10431
     10437
     10443
     10449
     10455
     10461
     10467
     10473
     10479
     10485
     10491
     10497
     10503
     10509
     10515
     10521
     10527
     10533
     10539
     10545
     10551
     10557
     10563
     10569
     10575
     10581
     10587
     10593
     10599
     10605
     10611
     10617
     10623
     10629
     10635
     10641
     10647
     10653
     10659
     10665
     10671
     10677
     10683
     10689
     10695
     10701
     10707
     10713
     10719
     10725
     10731
     10737
     10743
     10749
     10755
     10761
     10767
     10773
     10779
     10785
     10791
     10797
     10803
     10809
     10815
     10821
     10827
     10833
     10839
     10845
     10851
     10857
     10863
     10869
     10875
     10881
     10887
     10893
     10899
     10905
     10911
     10917
     10923
     10929
     10935
     10940
     10946
     10952
     10958
     10964
     10970
     10976
     10982
     10987
     10992
     10997
     11002
     11007
     11012
     11018
     11024
     11030
     11036
     11042
     11048
     11054
     11060
     11066
     11072
     11078
     11084
     11090
     11096
     11102
     11108
     11114
     11120
     11126
     11132
     11138
     11144
     11150
     11156
     11162
     11168
     11174
     11180
     11186
     11192
     11198
     11204
     11210
     11216
     11222
     11228
     11234
     11240
     11246
     11252
     11258
     11264
     11270
     11276
     11282
     11288
     11294
     11300
     11306
     11312
     11318
     11324
     11330
     11336
     11342
     11348
     11354
     11360
     11366
     11372
     11378
     11384
     11390
     11396
     11402
     11408
     11414
     11420
     11426
     11432
     11438
     11444
     11450
     11456
     11462
     11468
     11474
     11480
     11486
     11492
     11498
     11504
     11510
     11516
     11522
     11528
     11534
     11540
     11546
     11552
     11558
     11564
     11570
     11576
     11582
     11588
     11594
     11600
     11606
     11612
     11618
     11624
     11630
     11636
     11642
     11648
     11654
     11660
     11666
     11672
     11678
     11684
     11690
     11696
     11702
     11708
     11714
     11720
     11726
     11732
     11738
     11744
     11750
     11756
     11762
     11768
     11774
     11780
     11786
     11792
     11798
     11804
     11810
     11816
     11822
     11828
     11834
     11840
     11846
     11852
     11858
     11864
     11870
     11876
     11882
     11888
     11894
     11900
     11906
     11912
     11918
     11924
     11930
     11936
     11942
     11948
     11954
     11960
     11966
     11972
     11978
     11984
     11990
     11996
     12002
     12008
     12014
     12020
     12026
     12032
     12038
     12044
     12050
     12056
     12062
     12068
     12074
     12080
     12086
     12092
     12098
     12104
     12110
     12116
     12122
     12128
     12133
     12138
     12143
     12147
     12151
     12156
     12162
     12168
     12173
     12179
     12184
     12189
     12194
     12198
     12203
     12209
     12215
     12221
     12227
     12233
     12239
     12245
     12250
     12255
     12260
     12265
     12270
     12276
     12281
     12286
     12292
     12297
     12303
     12309
     12314
     12320
     12324
     12329
     12334
     12340
     12346
     12352
     12358
     12364
     12369
     12375
     12380
     12386
     12392
     12398
     12404
     12410
     12416
     12422
     12428
     12433
     12438
     12444
     12450
     12456
     12462
     12468
     12474
     12479
     12484
     12490
     12496
     12502
     12507
     12512
     12517
     12523
     12529
     12535
     12541
     12547
     12553
     12559
     12565
     12571
     12577
     12583
     12589
     12595
     12601
     12607
     12613
     12619
     12625
     12631
     12637
     12643
     12649
     12655
     12660
     12666
     12672
     12678
     12684
     12690
     12696
     12702
     12708
     12714
     12720
     12726
     12731
     12736
     12741
     12746
     12751
     12756
     12762
     12768
     12774
     12780
     12786
     12792
     12798
     12804
     12810
     12816
     12822
     12828
     12834
     12840
     12846
     12851
     12856
     12862
     12868
     12874
     12880
     12886
     12892
     12898
     12904
     12910
     12916
     12922
     12928
     12933
     12938
     12943
     12949
     12955
     12961
     12967
     12973
     12979
     12985
     12991
     12997
     13003
     13009
     13015
     13020
     13025
     13030
     13035
     13040
     13046
     13052
     13058
     13064
     13070
     13076
     13082
     13088
     13094
     13100
     13106
     13112
     13117
     13123
     13127
     13131
     13136
     13141
     13147
     13153
     13158
     13163
     13169
     13175
     13179
     13184
     13189
     13194
     13199
     13205
     13211
     13216
     13221
     13226
     13231
     13237
     13243
     13249
     13254
     13260
     13265
     13271
     13276
     13281
     13287
     13293
     13299
     13304
     13310
     13316
     13321
     13326
     13331
     13336
     13341
     13347
     13353
     13358
     13363
     13369
     13375
     13381
     13386
     13392
     13398
     13404
     13410
     13416
     13422
     13427
     13431
     13436
     13441
     13447
     13453
     13459
     13464
     13469
     13475
     13481
     13486
     13491
     13496
     13501
     13507
     13513
     13519
     13525
     13531
     13536
     13542
     13548
     13554
     13560
     13566
     13572
     13578
     13584
     13590
     13596
     13602
     13608
     13614
     13620
     13626
     13632
     13638
     13644
     13650
     13656
     13662
     13668
     13674
     13680
     13686
     13692
     13698
     13704
     13710
     13716
     13722
     13728
     13734
     13740
     13746
     13752
     13758
     13763
     13768
     13773
     13778
     13783
     13788
     13794
     13800
     13806
     13812
     13818
     13824
     13830
     13836
     13842
     13848
     13853
     13858
     13863
     13868
     13873
     13879
     13885
     13891
     13897
     13903
     13909
     13915
     13921
     13927
     13933
     13939
     13945
     13951
     13957
     13963
     13969
     13975
     13981
     13987
     13993
     13999
     14005
     14011
     14017
     14023
     14029
     14035
     14041
     14047
     14053
     14059
     14065
     14071
     14076
     14082
     14088
     14094
     14100
     14105
     14111
     14117
     14123
     14129
     14135
     14141
     14146
     14152
     14158
     14164
     14170
     14175
     14180
     14185
     14191
     14197
     14203
     14208
     14214
     14219
     14224
     14228
     14233
     14238
     14244
     14250
     14256
     14261
     14267
     14273
     14279
     14285
     14291
     14297
     14303
     14309
     14315
     14321
     14327
     14333
     14339
     14345
     14350
     14355
     14360
     14365
     14371
     14377
     14382
     14387
     14393
     14399
     14405
     14411
     14417
     14423
     14428
     14433
     14439
     14444
     14450
     14456
     14461
     14466
     14472
     14478
     14484
     14490
     14495
     14501
     14507
     14513
     14519
     14525
     14531
     14537
     14543
     14549
     14555
     14561
     14567
     14573
     14579
     14585
     14591
     14597
     14603
     14609
     14615
     14621
     14627
     14633
     14639
     14645
     14650
     14655
     14660
     14665
     14670
     14675
     14681
     14687
     14693
     14699
     14705
     14711
     14717
     14723
     14729
     14735
     14741
     14747
     14753
     14759
     14765
     14771
     14777
     14783
     14789
     14795
     14801
     14807
     14813
     14819
     14825
     14831
     14837
     14843
     14848
     14854
     14860
     14865
     14870
     14876
     14882
     14887
     14892
     14898
     14904
     14910
     14916
     14922
     14928
     14933
     14938
     14944
     14950
     14955
     14960
     14966
     14972
     14978
     14984
     14989
     14995
     15001
     15007
     15013
     15019
     15025
     15031
     15037
     15043
     15049
     15055
     15061
     15067
     15073
     15079
     15084
     15090
     15096
     15101
     15107
     15113
     15119
     15125
     15131
     15137
     15143
     15149
     15155
     15161
     15167
     15172
     15178
     15184
     15190
     15195
     15200
     15205
     15210
     15216
     15222
     15228
     15234
     15240
     15246
     15252
     15258
     15264
     15270
     15276
     15282
     15288
     15294
     15300
     15306
     15312
     15317
     15322
     15328
     15334
     15340
     15346
     15352
     15357
     15363
     15369
     15375
     15381
     15387
     15393
     15399
     15405
     15411
     15417
     15423
     15428
     15433
     15439
     15445
     15451
     15457
     15463
     15468
     15474
     15480
     15486
     15492
     15498
     15504
     15510
     15516
     15521
     15526
     15531
     15536
     15542
     15547
     15553
     15559
     15565
     15571
     15577
     15582
     15587
     15592
     15597
     15603
     15609
     15615
     15621
     15627
     15632
     15637
     15643
     15649
     15655
     15660
     15666
     15672
     15677
     15683
     15689
     15695
     15701
     15707
     15712
     15718
     15724
     15730
     15735
     15741
     15747
     15753
     15759
     15765
     15771
     15777
     15782
     15787
     15792
     15798
     15804
     15810
     15816
     15822
     15828
     15834
     15840
     15846
     15852
     15858
     15864
     15870
     15876
     15881
     15886
     15892
     15898
     15904
     15910
     15916
     15922
     15928
     15933
     15939
     15945
     15951
     15957
     15963
     15969
     15975
     15981
     15987
     15993
     15999
     16005
     16011
     16017
     16023
     16029
     16035
     16041
     16047
     16053
     16059
     16065
     16071
     16077
     16083
     16089
     16095
     16101
     16106
     16112
     16118
     16124
     16130
     16136
     16141
     16146
     16151
     16157
     16163
     16169
     16175
     16181
     16187
     16193
     16199
     16205
     16210
     16215
     16220
     16225
     16230
     16235
     16241
     16247
     16253
     16259
     16265
     16271
     16277
     16283
     16289
     16295
     16301
     16307
     16313
     16319
     16325
     16331
     16337
     16343
     16349
     16355
     16361
     16367
     16373
     16379
     16385
     16391
     16397
     16402
     16408
     16413
     16419
     16425
     16431
     16437
     16443
     16448
     16454
     16459
     16465
     16471
     16477
     16483
     16489
     16495
     16501
     16507
     16513
     16519
     16525
     16531
     16537
     16543
     16548
     16554
     16560
     16566
     16572
     16578
     16583
     16588
     16594
     16600
     16606
     16612
     16618
     16624
     16630
     16635
     16641
     16647
     16653
     16658
     16663
     16669
     16675
     16681
     16687
     16693
     16699
     16705
     16711
     16717
     16722
     16727
     16733
     16738
     16744
     16750
     16756
     16762
     16768
     16773
     16779
     16785
     16791
     16797
     16803
     16809
     16815
     16820
     16826
     16832
     16838
     16844
     16850
     16855
     16861
     16867
     16873
     16879
     16885
     16891
     16897
     16903
     16909
     16915
     16921
     16927
     16933
     16939
     16945
     16951
     16957
     16963
     16969
     16975
     16981
     16987
     16993
     16999
     17005
     17011
     17017
     17023
     17029
     17035
     17041
     17047
     17053
     17059
     17065
     17071
     17077
     17083
     17089
     17095
     17101
     17107
     17113
     17119
     17125
     17131
     17137
     17143
     17149
     17155
     17161
     17167
     17173
     17179
     17185
     17191
     17197
     17203
     17209
     17215
     17221
     17227
     17233
     17239
     17245
     17251
     17257
     17263
     17269
     17275
     17281
     17287
     17293
     17299
     17305
     17311
     17317
     17323
     17329
     17335
     17341
     17347
     17353
     17359
     17365
     17370
     17375
     17381
     17387
     17393
     17399
     17405
     17411
     17417
     17423
     17429
     17435
     17441
     17447
     17453
     17459
     17465
     17471
     17477
     17483
     17489
     17495
     17501
     17507
     17513
     17519
     17525
     17531
     17536
     17542
     17548
     17554
     17559
     17565
     17571
     17577
     17583
     17589
     17595
     17601
     17607
     17613
     17619
     17625
     17631
     17637
     17643
     17649
     17655
     17661
     17667
     17673
     17679
     17685
     17691
     17697
     17703
     17709
     17715
     17721
     17727
     17733
     17739
     17745
     17750
     17756
     17762
     17768
     17774
     17780
     17786
     17792
     17798
     17804
     17810
     17816
     17822
     17828
     17834
     17840
     17846
     17852
     17858
     17864
     17870
     17876
     17882
     17888
     17894
     17900
     17906
     17911
     17917
     17923
     17928
     17933
     17939
     17944
     17950
     17956
     17962
     17968
     17974
     17980
     17986
     17991
     17997
     18003
     18008
     18014
     18020
     18026
     18032
     18038
     18043
     18049
     18055
     18061
     18066
     18072
     18078
     18084
     18090
     18096
     18102
     18108
     18114
     18120
     18126
     18132
     18137
     18143
     18149
     18155
     18161
     18167
     18173
     18179
     18185
     18191
     18197
     18203
     18209
     18215
     18221
     18227
     18233
     18239
     18245
     18251
     18257
     18263
     18268
     18274
     18280
     18286
     18292
     18297
     18303
     18309
     18315
     18321
     18327
     18333
     18339
     18345
     18351
     18357
     18363
     18368
     18374
     18380
     18386
     18392
     18398
     18404
     18410
     18416
     18422
     18428
     18434
     18440
     18446
     18452
     18458
     18464
     18470
     18476
     18482
     18488
     18494
     18500
     18506
     18512
     18518
     18524
     18530
     18536
     18542
     18548
     18554
     18560
     18566
     18572
     18578
     18584
     18589
     18595
     18601
     18605
     18609
     18613
     18616
     18619
     18623
     18627
     18631
     18635
     18639
     18643
     18647
     18651
     18655
     18659
     18663
     18668
     18672
     18676
     18680
     18684
     18688
     18692
     18696
     18700
     18703
     18707
     18711
     18714
     18717
     18721
     18726
     18730
     18734
     18738
     18742
     18746
     18750
     18754
     18758
     18762
     18766
     18769
     18774
     18777
     18781
     18785
     18789
     18793
     18798
     18802
     18807
     18812
     18817
     18822
     18827
     18833
     18839
     18845
     18851
     18857
     18863
     18868
     18873
     18878
     18884
     18890
     18895
     18899
     18905
     18911
     18915
     18921
     18927
     18932
     18935
     18941
     18946
     18949
     18953
     18956
     18961
     18966
     18971
     18976
     18980
     18985
     18990
     18995
     19000
     19005
     19010
     19015
     19020
     19025
     19030
     19035
     19040
     19045
     19051
     19057
     19060
     19064
     19070
     19075
     19079
     19084
     19087
     19091
     19094
     19098
     19102
     19106
     19110
     19113
     19116
     19121
     19126
     19131
     19136
     19141
     19146
     19151
     19156
     19161
     19166
     19171
     19176
     19181
     19186
     19191
     19196
     19201
     19206
     19210
     19214
     19218
     19222
     19227
     19232
     19237
     19242
     19247
     19252
     19257
     19262
     19267
     19272
     19277
     19282
     19287
     19292
     19297
     19302
     19307
     19312
     19317
     19322
     19327
     19332
     19337
     19342
     19347
     19352
     19357
     19362
     19367
     19372
     19377
     19382
     19387
     19392
     19397
     19402
     19407
     19412
     19416
     19421
     19426
     19431
     19436
     19440
     19444
     19449
     19455
     19459
     19464
     19470
     19473
     19477
     19482
     19487
     19492
     19497
     19502
     19507
     19512
     19517
     19522
     19527
     19532
     19538
     19543
     19548
     19554
     19559
     19564
     19570
     19575
     19580
     19586
     19591
     19596
     19601
     19606
     19611
     19616
     19619
     19623
     19626
     19632
     19638
     19644
     19650
     19656
     19662
     19668
     19673
     19678
     19682
     19687
     19692
     19696
     19700
     19704
     19707
     19713
     19719
     19725
     19730
     19734
     19739
     19744
     19749
     19754
     19759
     19764
     19767
     19773
     19778
     19783
     19788
     19793
     19798
     19802
     19808
     19814
     19819
     19825
     19830
     19835
     19840
     19843
     19847
     19850
     19856
     19862
     19868
     19874
     19880
     19885
     19890
     19895
     19901
     19906
     19911
     19914
     19919
     19925
     19929
     19935
     19940
     19945
     19951
     19957
     19962
     19967
     19972
     19977
     19983
     19988
     19991
     19996
     20002
     20006
     20012
     20018
     20023
     20028
     20034
     20039
     20044
     20049
     20054
     20060
     20066
     20070
     20075
     20081
     20084
     20090
     20096
     20101
     20106
     20112
     20118
     20122
     20127
     20133
     20139
     20145
     20150
     20155
     20160
     20164
     20169
     20174
     20178
     20181
     20185
     20190
     20194
     20200
     20205
     20210
     20216
     20219
     20224
     20230
     20234
     20239
     20244
     20249
     20254
     20259
     20264
     20269
     20274
     20280
     20285
     20290
     20295
     20299
     20305
     20311
     20316
     20319
     20325
     20330
     20334
     20339
     20343
     20347
     20350
     20354
     20359
     20364
     20369
     20374
     20379
     20384
     20389
     20394
     20399
     20404
     20409
     20414
     20419
     20424
     20429
     20434
     20439
     20444
     20449
     20454
     20459
     20464
     20469
     20474
     20479
     20484
     20489
     20494
     20499
     20505
     20511
     20517
     20523
     20529
     20534
     20539
     20544
     20550
     20555
     20560
     20565
     20571
     20577
     20583
     20588
     20593
     20598
     20604
     20609
     20614
     20619
     20624
     20629
     20635
     20640
     20645
     20650
     20655
     20660
     20666
     20671
     20676
     20681
     20686
     20691
     20697
     20702
     20707
     20712
     20717
     20722
     20728
     20733
     20738
     20743
     20748
     20753
     20758
     20762
     20766
     20770
     20774
     20778
     20783
     20788
     20793
     20798
     20803
     20808
     20813
     20818
     20823
     20828
     20833
     20838
     20843
     20848
     20853
     20858
     20863
     20868
     20872
     20876
     20880
     20885
     20890
     20895
     20899
     20904
     20909
     20914
     20918
     20923
     20928
     20932
     20935
     20940
     20944
     20949
     20953
     20958
     20962
     20967
     20971
     20976
     20980
     20984
     20987
     20990
     20993
     20997
     21001
     21005
     21009
     21013
     21017
     21021
     21025
     21029
     21033
     21038
     21042
     21047
     21052
     21057
     21062
     21067
     21072
     21077
     21082
     21087
     21092
     21097
     21101
     21107
     21112
     21117
     21122
     21127
     21132
     21137
     21143
     21148
     21153
     21158
     21163
     21168
     21173
     21179
     21184
     21189
     21194
     21199
     21204
     21209
     21215
     21220
     21225
     21230
     21235
     21240
     21245
     21251
     21256
     21261
     21265
     21269
     21273
     21277
     21283
     21288
     21292
     21298
     21302
     21305
     21310
     21315
     21320
     21325
     21329
     21335
     21340
     21345
     21351
     21356
     21360
     21365
     21370
     21375
     21380
     21384
     21390
     21395
     21401
     21406
     21412
     21417
     21420
     21425
     21430
     21434
     21438
     21441
     21447
     21453
     21457
     21463
     21467
     21472
     21475
     21481
     21487
     21493
     21496
     21499
     21505
     21509
     21513
     21516
     21520
     21524
     21528
     21532
     21536
     21540
     21545
     21548
     21553
     21557
     21561
     21565
     21569
     21574
     21577
     21581
     21585
     21588
     21594
     21598
     21604
     21610
     21615
     21620
     21625
     21629
     21635
     21641
     21646
     21652
     21658
     21664
     21670
     21676
     21681
     21687
     21692
     21696
     21700
     21704
     21707
     21710
     21716
     21722
     21728
     21732
     21737
     21741
     21746
     21751
     21756
     21761
     21765
     21769
     21772
     21776
     21779
     21784
     21789
     21794
     21799
     21804
     21809
     21814
     21819
     21824
     21829
     21835
     21840
     21845
     21850
     21855
     21859
     21865
     21870
     21875
     21880
     21885
     21890
     21894
     21900
     21906
     21911
     21916
     21921
     21926
     21932
     21937
     21940
     21944
     21950
     21956
     21962
     21968
     21973
     21978
     21983
     21988
     21992
     21998
     22001
     22004
     22010
     22016
     22022
     22028
     22034
     22040
     22046
     22051
     22055
     22059
     22063
     22067
     22072
     22075
     22081
     22086
     22091
     22096
     22101
     22107
     22112
     22117
     22122
     22127
     22133
     22139
     22143
     22147
     22151
     22155
     22161
     22166
     22169
     22173
     22177
     22182
     22186
     22190
     22194
     22197
     22202
     22206
     22210
     22214
     22218
     22222
     22226
     22229
     22233
     22237
     22240
     22245
     22250
     22255
     22260
     22266
     22271
     22276
     22281
     22285
     22291
     22297
     22303
     22308
     22312
     22318
     22323
     22327
     22333
     22339
     22343
     22349
     22353
     22359
     22363
     22369
     22373
     22379
     22383
     22389
     22394
     22399
     22404
     22408
     22414
     22419
     22424
     22429
     22434
     22440
     22445
     22450
     22455
     22460
     22466
     22471
     22476
     22481
     22486
     22492
     22497
     22502
     22507
     22512
     22518
     22523
     22528
     22533
     22539
     22544
     22549
     22554
     22560
     22565
     22570
     22575
     22581
     22586
     22591
     22596
     22602
     22607
     22612
     22617
     22623
     22628
     22633
     22638
     22644
     22649
     22654
     22659
     22664
     22668
     22672
     22676
     22681
     22687
     22691
     22694
     22700
     22705
     22709
     22715
     22720
     22725
     22728
     22733
     22738
     22742
     22747
     22751
     22756
     22760
     22764
     22769
     22772
     22777
     22781
     22786
     22790
     22794
     22797
     22802
     22807
     22812
     22817
     22821
     22825
     22829
     22833
     22838
     22843
     22847
     22852
     22857
     22861
     22866
     22871
     22874
     22879
     22882
     22885
     22889
     22893
     22897
     22901
     22905
     22909
     22914
     22919
     22924
     22929
     22934
     22939
     22944
     22949
     22954
     22959
     22964
     22969
     22974
     22979
     22984
     22989
     22994
     22999
     23004
     23009
     23014
     23019
     23024
     23029
     23034
     23039
     23044
     23049
     23054
     23059
     23064
     23069
     23074
     23079
     23084
     23089
     23094
     23099
     23104
     23109
     23114
     23119
     23124
     23129
     23134
     23139
     23144
     23149
     23154
     23159
     23162
     23167
     23170
     23174
     23178
     23181
     23186
     23190
     23193
     23198
     23202
     23207
     23210
     23216
     23221
     23226
     23231
     23236
     23241
     23246
     23251
     23256
     23261
     23266
     23270
     23273
     23277
     23281
     23286
     23290
     23295
     23299
     23304
     23308
     23313
     23317
     23322
     23326
     23331
     23335
     23340
     23344
     23349
     23353
     23358
     23362
     23367
     23371
     23376
     23381
     23387
     23390
     23396
     23401
     23406
     23411
     23416
     23421
     23426
     23431
     23436
     23441
     23445
     23448
     23454
     23459
     23465
     23469
     23475
     23479
     23485
     23489
     23495
     23498
     23504
     23509
     23514
     23519
     23524
     23529
     23535
     23539
     23545
     23549
     23555
     23559
     23565
     23569
     23575
     23579
     23585
     23591
     23595
     23600
     23606
     23610
     23615
     23621
     23626
     23632
     23636
     23642
     23646
     23652
     23656
     23662
     23666
     23672
     23675
     23680
     23686
     23691
     23697
     23702
     23708
     23714
     23719
     23725
     23730
     23736
     23741
     23747
     23752
     23758
     23764
     23770
     23775
     23780
     23785
     23789
     23795
     23799
     23804
     23809
     23815
     23820
     23826
     23832
     23835
     23839
     23845
     23849
     23852
     23856
     23860
     23864
     23869
     23872
     23876
     23880
     23886
     23891
     23896
     23901
     23906
     23911
     23916
     23920
     23924
     23928
     23932
     23935
     23940
     23944
     23948
     23952
     23958
     23964
     23969
     23974
     23979
     23984
     23989
     23994
     23997
     24003
     24008
     24013
     24018
     24023
     24028
     24033
     24037
     24043
     24049
     24054
     24059
     24064
     24069
     24074
     24077
     24083
     24089
     24094
     24099
     24104
     24109
     24114
     24118
     24123
     24128
     24133
     24138
     24143
     24148
     24153
     24158
     24163
     24168
     24171
     24175
     24179
     24183
     24187
     24191
     24195
     24199
     24203
     24207
     24211
     24215
     24219
     24223
     24227
     24231
     24235
     24240
     24245
     24250
     24255
     24260
     24265
     24270
     24275
     24280
     24285
     24290
     24295
     24300
     24305
     24310
     24315
     24320
     24325
     24330
     24335
     24340
     24345
     24350
     24355
     24360
     24365
     24370
     24375
     24380
     24385
     24390
     24395
     24400
     24405
     24410
     24415
     24420
     24425
     24430
     24435
     24440
     24445
     24450
     24455
     24460
     24465
     24470
     24475
     24480
     24485
     24490
     24495
