         1
         7
        13
        19
        25
        30
        35
        40
        45
        51
        57
        62
        67
        73
        79
        85
        91
        96
       101
       106
       111
       117
       123
       129
       135
       141
       147
       153
       159
       165
       171
       177
       183
       189
       195
       200
       205
       211
       217
       223
       229
       235
       241
       247
       253
       259
       265
       271
       276
       281
       286
       292
       298
       304
       310
       316
       322
       328
       334
       340
       346
       351
       356
       361
       367
       373
       379
       385
       391
       397
       403
       409
       415
       421
       426
       431
       436
       442
       448
       454
       460
       466
       472
       478
       484
       490
       496
       501
       506
       510
       515
       520
       524
       530
       536
       541
       546
       550
       555
       560
       564
       570
       575
       580
       584
       590
       596
       601
       606
       611
       616
       622
       628
       634
       639
       644
       649
       654
       659
       664
       669
       674
       679
       684
       690
       696
       702
       708
       714
       719
       725
       731
       737
       743
       749
       755
       761
       767
       772
       777
       783
       789
       795
       801
       807
       813
       819
       825
       830
       835
       841
       847
       853
       859
       865
       871
       877
       883
       889
       894
       899
       905
       909
       914
       919
       924
       930
       936
       942
       948
       954
       960
       966
       972
       976
       981
       986
       991
       996
      1001
      1006
      1011
      1016
      1022
      1028
      1034
      1040
      1046
      1052
      1058
      1064
      1070
      1076
      1082
      1088
      1094
      1100
      1106
      1112
      1118
      1124
      1129
      1134
      1140
      1146
      1152
      1158
      1163
      1169
      1175
      1181
      1187
      1193
      1198
      1204
      1210
      1216
      1221
      1227
      1233
      1239
      1244
      1249
      1255
      1261
      1267
      1272
      1278
      1284
      1290
      1295
      1300
      1305
      1311
      1317
      1323
      1329
      1335
      1340
      1345
      1350
      1355
      1361
      1367
      1372
      1378
      1384
      1390
      1396
      1402
      1407
      1412
      1417
      1423
      1429
      1435
      1440
      1445
      1451
      1457
      1463
      1469
      1475
      1481
      1487
      1493
      1498
      1504
      1510
      1516
      1522
      1528
      1534
      1540
      1546
      1551
      1556
      1562
      1568
      1574
      1580
      1586
      1592
      1597
      1603
      1609
      1615
      1621
      1627
      1633
      1639
      1644
      1649
      1655
      1661
      1667
      1673
      1679
      1685
      1691
      1696
      1701
      1706
      1711
      1716
      1722
      1728
      1734
      1740
      1746
      1752
      1758
      1764
      1770
      1776
      1782
      1788
      1794
      1800
      1806
      1812
      1818
      1824
      1830
      1836
      1842
      1848
      1854
      1860
      1866
      1872
      1878
      1884
      1890
      1896
      1902
      1908
      1914
      1920
      1926
      1932
      1938
      1944
      1950
      1956
      1962
      1968
      1974
      1980
      1986
      1992
      1998
      2004
      2010
      2016
      2022
      2028
      2034
      2040
      2046
      2052
      2058
      2064
      2070
      2076
      2082
      2088
      2094
      2100
      2106
      2112
      2118
      2124
      2130
      2136
      2142
      2148
      2154
      2160
      2166
      2172
      2178
      2184
      2190
      2196
      2202
      2208
      2214
      2220
      2226
      2232
      2238
      2244
      2250
      2256
      2262
      2268
      2274
      2280
      2286
      2292
      2298
      2304
      2310
      2316
      2322
      2328
      2334
      2340
      2346
      2352
      2358
      2364
      2370
      2376
      2382
      2388
      2394
      2400
      2406
      2412
      2418
      2424
      2430
      2436
      2442
      2448
      2454
      2460
      2466
      2472
      2478
      2484
      2490
      2496
      2502
      2508
      2514
      2520
      2526
      2532
      2538
      2544
      2549
      2555
      2561
      2567
      2573
      2579
      2585
      2590
      2595
      2600
      2606
      2612
      2618
      2624
      2630
      2636
      2642
      2648
      2654
      2660
      2666
      2672
      2678
      2684
      2690
      2696
      2702
      2708
      2714
      2720
      2725
      2731
      2737
      2743
      2749
      2755
      2761
      2767
      2773
      2779
      2785
      2790
      2796
      2802
      2807
      2813
      2819
      2825
      2831
      2837
      2843
      2849
      2855
      2861
      2867
      2873
      2879
      2885
      2890
      2895
      2900
      2905
      2910
      2916
      2922
      2927
      2933
      2938
      2944
      2950
      2956
      2962
      2967
      2972
      2977
      2983
      2988
      2993
      2999
      3004
      3009
      3015
      3020
      3025
      3031
      3037
      3043
      3049
      3055
      3061
      3067
      3073
      3079
      3085
      3090
      3095
      3100
      3106
      3112
      3118
      3124
      3129
      3135
      3141
      3147
      3153
      3158
      3164
      3170
      3176
      3182
      3188
      3194
      3200
      3206
      3212
      3218
      3224
      3230
      3235
      3240
      3246
      3251
      3257
      3262
      3268
      3274
      3280
      3286
      3292
      3298
      3304
      3310
      3316
      3322
      3328
      3334
      3340
      3346
      3352
      3358
      3364
      3370
      3376
      3382
      3387
      3392
      3398
      3403
      3408
      3414
      3419
      3424
      3430
      3436
      3442
      3448
      3453
      3458
      3463
      3469
      3475
      3481
      3487
      3493
      3499
      3505
      3511
      3517
      3523
      3529
      3535
      3541
      3547
      3553
      3559
      3565
      3571
      3577
      3582
      3587
      3592
      3598
      3604
      3609
      3614
      3619
      3625
      3631
      3637
      3643
      3649
      3655
      3661
      3667
      3673
      3679
      3685
      3691
      3697
      3703
      3709
      3715
      3721
      3727
      3733
      3739
      3745
      3751
      3757
      3763
      3769
      3775
      3781
      3786
      3791
      3796
      3801
      3806
      3811
      3816
      3821
      3827
      3833
      3839
      3845
      3851
      3857
      3863
      3869
      3875
      3881
      3887
      3893
      3899
      3905
      3911
      3917
      3923
      3929
      3935
      3941
      3947
      3953
      3959
      3965
      3971
      3977
      3983
      3989
      3995
      4001
      4007
      4013
      4019
      4025
      4031
      4037
      4043
      4049
      4055
      4061
      4067
      4073
      4079
      4085
      4091
      4097
      4103
      4109
      4115
      4121
      4127
      4133
      4139
      4145
      4151
      4157
      4163
      4169
      4175
      4181
      4187
      4193
      4199
      4205
      4211
      4217
      4223
      4229
      4235
      4241
      4247
      4253
      4259
      4265
      4271
      4277
      4283
      4289
      4295
      4301
      4307
      4313
      4319
      4325
      4331
      4337
      4343
      4349
      4355
      4361
      4367
      4373
      4379
      4385
      4391
      4397
      4403
      4409
      4415
      4421
      4427
      4433
      4439
      4445
      4451
      4457
      4463
      4469
      4475
      4481
      4487
      4493
      4499
      4505
      4511
      4517
      4523
      4529
      4535
      4541
      4547
      4553
      4559
      4565
      4571
      4577
      4583
      4589
      4595
      4601
      4607
      4613
      4619
      4625
      4631
      4637
      4643
      4649
      4655
      4661
      4667
      4673
      4679
      4685
      4691
      4697
      4703
      4709
      4715
      4721
      4727
      4733
      4739
      4745
      4751
      4757
      4763
      4769
      4775
      4781
      4787
      4793
      4799
      4805
      4811
      4817
      4823
      4829
      4835
      4841
      4847
      4853
      4859
      4865
      4871
      4877
      4883
      4889
      4895
      4901
      4907
      4913
      4919
      4925
      4931
      4937
      4943
      4949
      4955
      4961
      4967
      4973
      4979
      4985
      4991
      4997
      5003
      5009
      5015
      5021
      5027
      5033
      5039
      5045
      5051
      5057
      5063
      5069
      5075
      5081
      5087
      5093
      5099
      5105
      5111
      5117
      5123
      5129
      5135
      5141
      5147
      5153
      5159
      5165
      5171
      5177
      5183
      5189
      5195
      5201
      5207
      5213
      5219
      5225
      5231
      5237
      5243
      5249
      5255
      5261
      5267
      5273
      5279
      5285
      5291
      5297
      5303
      5309
      5315
      5321
      5327
      5333
      5339
      5345
      5351
      5357
      5363
      5369
      5375
      5381
      5387
      5393
      5399
      5405
      5411
      5417
      5423
      5429
      5435
      5440
      5446
      5452
      5458
      5464
      5470
      5476
      5482
      5488
      5493
      5499
      5505
      5511
      5517
      5523
      5529
      5535
      5541
      5547
      5553
      5559
      5565
      5571
      5577
      5583
      5589
      5594
      5600
      5606
      5612
      5617
      5623
      5629
      5635
      5641
      5647
      5653
      5659
      5664
      5670
      5676
      5682
      5688
      5694
      5700
      5706
      5712
      5718
      5724
      5730
      5736
      5741
      5747
      5752
      5758
      5764
      5770
      5776
      5782
      5788
      5794
      5799
      5804
      5809
      5813
      5817
      5821
      5824
      5830
      5835
      5840
      5845
      5849
      5853
      5857
      5861
      5867
      5873
      5879
      5884
      5889
      5894
      5899
      5904
      5909
      5913
      5917
      5923
      5928
      5933
      5938
      5942
      5948
      5953
      5958
      5963
      5967
      5972
      5977
      5982
      5988
      5994
      6000
      6006
      6011
      6016
      6021
      6026
      6031
      6036
      6041
      6047
      6053
      6059
      6064
      6069
      6075
      6080
      6086
      6092
      6098
      6104
      6110
      6116
      6122
      6128
      6133
      6138
      6144
      6150
      6156
      6162
      6167
      6172
      6177
      6182
      6187
      6191
      6197
      6202
      6206
      6211
      6216
      6221
      6227
      6233
      6239
      6245
      6251
      6256
      6261
      6266
      6271
      6276
      6282
      6288
      6294
      6300
      6306
      6312
      6318
      6324
      6330
      6335
      6339
      6344
      6349
      6354
      6360
      6365
      6370
      6376
      6382
      6388
      6394
      6400
      6406
      6412
      6418
      6423
      6428
      6433
      6439
      6445
      6451
      6457
      6463
      6469
      6475
      6481
      6487
      6493
      6498
      6503
      6508
      6514
      6520
      6526
      6532
      6538
      6544
      6550
      6556
      6562
      6566
      6571
      6576
      6581
      6586
      6591
      6596
      6601
      6606
      6611
      6616
      6621
      6626
      6632
      6638
      6644
      6650
      6656
      6662
      6668
      6674
      6680
      6686
      6692
      6698
      6704
      6710
      6716
      6722
      6728
      6734
      6740
      6746
      6752
      6758
      6764
      6770
      6776
      6782
      6788
      6794
      6800
      6806
      6812
      6818
      6824
      6830
      6836
      6842
      6848
      6853
      6858
      6863
      6868
      6872
      6876
      6882
      6887
      6892
      6896
      6902
      6908
      6914
      6920
      6926
      6932
      6937
      6942
      6947
      6952
      6957
      6962
      6968
      6973
      6978
      6984
      6990
      6995
      7000
      7005
      7010
      7016
      7022
      7028
      7034
      7039
      7044
      7049
      7055
      7061
      7067
      7073
      7079
      7085
      7091
      7097
      7102
      7107
      7112
      7117
      7122
      7127
      7133
      7139
      7145
      7151
      7157
      7163
      7169
      7175
      7181
      7187
      7193
      7199
      7205
      7211
      7217
      7223
      7229
      7235
      7241
      7246
      7251
      7256
      7262
      7268
      7274
      7280
      7285
      7290
      7295
      7301
      7307
      7313
      7319
      7325
      7331
      7337
      7343
      7349
      7355
      7361
      7366
      7371
      7376
      7382
      7388
      7394
      7400
      7406
      7412
      7418
      7424
      7430
      7436
      7442
      7448
      7454
      7460
      7466
      7472
      7478
      7484
      7490
      7496
      7502
      7508
      7514
      7520
      7526
      7532
      7538
      7544
      7550
      7556
      7562
      7568
      7574
      7580
      7586
      7592
      7598
      7604
      7610
      7616
      7622
      7628
      7634
      7640
      7646
      7652
      7658
      7662
      7668
      7674
      7680
      7686
      7692
      7697
      7703
      7708
      7714
      7720
      7726
      7732
      7737
      7742
      7748
      7754
      7760
      7766
      7772
      7778
      7784
      7790
      7796
      7802
      7808
      7814
      7820
      7826
      7831
      7837
      7842
      7848
      7853
      7858
      7864
      7869
      7874
      7880
      7886
      7892
      7897
      7902
      7908
      7914
      7920
      7926
      7932
      7938
      7944
      7949
      7954
      7959
      7964
      7968
      7972
      7978
      7983
      7989
      7994
      7999
      8004
      8009
      8013
      8017
      8023
      8029
      8035
      8041
      8047
      8052
      8057
      8062
      8068
      8074
      8080
      8085
      8090
      8095
      8101
      8106
      8111
      8116
      8120
      8126
      8131
      8137
      8143
      8149
      8155
      8160
      8165
      8170
      8175
      8180
      8185
      8190
      8196
      8202
      8208
      8214
      8220
      8225
      8230
      8235
      8240
      8245
      8251
      8257
      8263
      8269
      8275
      8281
      8287
      8293
      8299
      8305
      8311
      8317
      8323
      8329
      8335
      8341
      8347
      8353
      8359
      8364
      8369
      8374
      8379
      8385
      8391
      8397
      8403
      8409
      8415
      8421
      8427
      8433
      8439
      8445
      8451
      8457
      8463
      8469
      8475
      8481
      8487
      8493
      8499
      8505
      8511
      8517
      8523
      8529
      8534
      8539
      8545
      8551
      8557
      8563
      8569
      8575
      8580
      8585
      8591
      8597
      8603
      8608
      8613
      8618
      8623
      8628
      8633
      8638
      8643
      8648
      8654
      8660
      8666
      8672
      8678
      8684
      8690
      8696
      8702
      8708
      8714
      8720
      8726
      8732
      8738
      8744
      8750
      8756
      8762
      8768
      8774
      8780
      8786
      8792
      8798
      8804
      8810
      8815
      8821
      8827
      8833
      8839
      8845
      8850
      8855
      8860
      8866
      8872
      8878
      8883
      8888
      8893
      8899
      8905
      8911
      8917
      8923
      8929
      8935
      8941
      8947
      8952
      8958
      8964
      8970
      8975
      8981
      8987
      8993
      8999
      9005
      9010
      9015
      9021
      9027
      9033
      9038
      9044
      9050
      9056
      9062
      9068
      9074
      9080
      9085
      9090
      9095
      9100
      9106
      9112
      9118
      9124
      9130
      9136
      9142
      9148
      9154
      9160
      9166
      9172
      9178
      9184
      9190
      9196
      9202
      9208
      9214
      9220
      9226
      9232
      9238
      9244
      9250
      9256
      9262
      9268
      9274
      9280
      9286
      9292
      9298
      9304
      9310
      9316
      9322
      9328
      9334
      9340
      9346
      9352
      9358
      9364
      9370
      9376
      9382
      9388
      9394
      9400
      9406
      9412
      9418
      9424
      9430
      9436
      9442
      9448
      9454
      9460
      9466
      9472
      9478
      9484
      9490
      9496
      9502
      9508
      9514
      9520
      9526
      9532
      9538
      9544
      9550
      9556
      9562
      9567
      9573
      9578
      9584
      9590
      9596
      9602
      9608
      9614
      9620
      9626
      9631
      9637
      9643
      9649
      9655
      9661
      9667
      9673
      9678
      9684
      9690
      9696
      9701
      9707
      9713
      9719
      9725
      9731
      9737
      9743
      9749
      9755
      9761
      9767
      9773
      9779
      9785
      9791
      9797
      9803
      9809
      9815
      9821
      9826
      9831
      9837
      9843
      9849
      9855
      9861
      9867
      9872
      9878
      9882
      9887
      9893
      9898
      9904
      9909
      9915
      9921
      9927
      9932
      9938
      9944
      9950
      9956
      9962
      9968
      9974
      9980
      9985
      9990
      9996
     10002
     10008
     10014
     10020
     10026
     10032
     10038
     10044
     10050
     10056
     10062
     10067
     10073
     10079
     10085
     10090
     10096
     10102
     10107
     10113
     10119
     10125
     10130
     10136
     10141
     10146
     10152
     10157
     10163
     10169
     10175
     10181
     10187
     10193
     10199
     10205
     10210
     10216
     10222
     10228
     10234
     10240
     10245
     10250
     10256
     10262
     10268
     10274
     10278
     10283
     10289
     10295
     10301
     10306
     10312
     10318
     10324
     10330
     10335
     10341
     10347
     10353
     10359
     10365
     10370
     10376
     10382
     10388
     10394
     10400
     10406
     10411
     10417
     10423
     10429
     10435
     10440
     10445
     10450
     10456
     10462
     10468
     10474
     10479
     10484
     10490
     10496
     10502
     10508
     10514
     10520
     10526
     10532
     10538
     10544
     10549
     10555
     10561
     10567
     10572
     10578
     10584
     10590
     10596
     10602
     10608
     10614
     10620
     10626
     10632
     10638
     10644
     10650
     10656
     10662
     10668
     10674
     10679
     10685
     10691
     10697
     10703
     10709
     10715
     10721
     10727
     10732
     10738
     10744
     10749
     10755
     10761
     10767
     10773
     10779
     10785
     10791
     10797
     10803
     10809
     10815
     10821
     10827
     10832
     10837
     10842
     10847
     10851
     10855
     10861
     10867
     10872
     10877
     10883
     10889
     10895
     10901
     10906
     10911
     10916
     10921
     10926
     10931
     10935
     10939
     10944
     10948
     10954
     10960
     10965
     10970
     10976
     10982
     10988
     10994
     10999
     11004
     11009
     11015
     11021
     11026
     11031
     11037
     11043
     11049
     11054
     11060
     11066
     11071
     11077
     11082
     11087
     11093
     11098
     11104
     11110
     11116
     11121
     11127
     11133
     11139
     11144
     11149
     11155
     11161
     11167
     11172
     11176
     11181
     11186
     11192
     11198
     11203
     11208
     11213
     11219
     11225
     11231
     11237
     11243
     11248
     11252
     11257
     11262
     11267
     11273
     11279
     11285
     11291
     11297
     11302
     11307
     11313
     11319
     11325
     11331
     11337
     11343
     11349
     11353
     11358
     11363
     11368
     11373
     11378
     11383
     11388
     11393
     11399
     11405
     11411
     11417
     11423
     11429
     11435
     11441
     11447
     11453
     11459
     11465
     11471
     11477
     11483
     11489
     11495
     11500
     11505
     11510
     11515
     11521
     11527
     11532
     11537
     11543
     11549
     11555
     11561
     11567
     11573
     11579
     11585
     11590
     11595
     11600
     11605
     11611
     11616
     11622
     11628
     11633
     11638
     11644
     11650
     11656
     11662
     11667
     11672
     11678
     11684
     11690
     11696
     11702
     11708
     11714
     11720
     11726
     11732
     11738
     11744
     11750
     11756
     11762
     11768
     11774
     11780
     11786
     11792
     11798
     11804
     11810
     11816
     11822
     11828
     11834
     11840
     11846
     11851
     11856
     11861
     11867
     11873
     11879
     11885
     11891
     11897
     11903
     11909
     11915
     11921
     11927
     11932
     11937
     11942
     11948
     11954
     11960
     11966
     11972
     11978
     11984
     11990
     11996
     12002
     12008
     12014
     12020
     12026
     12032
     12038
     12043
     12048
     12053
     12059
     12065
     12071
     12077
     12083
     12089
     12095
     12101
     12107
     12113
     12119
     12125
     12131
     12137
     12143
     12149
     12155
     12161
     12167
     12173
     12179
     12185
     12191
     12197
     12203
     12208
     12213
     12219
     12225
     12231
     12237
     12243
     12249
     12255
     12261
     12267
     12272
     12278
     12284
     12290
     12295
     12301
     12307
     12313
     12319
     12325
     12331
     12337
     12342
     12348
     12353
     12358
     12364
     12369
     12375
     12381
     12387
     12393
     12399
     12404
     12409
     12415
     12421
     12427
     12433
     12438
     12443
     12449
     12454
     12459
     12465
     12470
     12476
     12482
     12488
     12494
     12500
     12506
     12512
     12517
     12522
     12527
     12533
     12538
     12543
     12548
     12554
     12560
     12566
     12572
     12578
     12584
     12590
     12595
     12601
     12606
     12612
     12618
     12624
     12630
     12635
     12641
     12647
     12653
     12658
     12663
     12669
     12674
     12680
     12686
     12691
     12697
     12703
     12709
     12715
     12720
     12726
     12732
     12737
     12742
     12747
     12753
     12759
     12765
     12771
     12777
     12783
     12789
     12794
     12800
     12805
     12810
     12816
     12822
     12828
     12834
     12839
     12845
     12851
     12857
     12863
     12869
     12874
     12879
     12884
     12890
     12896
     12902
     12908
     12914
     12919
     12924
     12929
     12934
     12939
     12944
     12949
     12954
     12960
     12966
     12972
     12978
     12984
     12990
     12996
     13002
     13008
     13014
     13020
     13026
     13032
     13038
     13044
     13050
     13056
     13062
     13068
     13074
     13080
     13086
     13092
     13098
     13104
     13110
     13116
     13122
     13128
     13134
     13140
     13146
     13152
     13158
     13164
     13170
     13176
     13182
     13188
     13194
     13200
     13206
     13212
     13218
     13224
     13230
     13236
     13242
     13248
     13254
     13260
     13266
     13272
     13278
     13284
     13290
     13296
     13302
     13308
     13314
     13320
     13326
     13332
     13338
     13344
     13350
     13356
     13362
     13368
     13374
     13380
     13386
     13392
     13398
     13404
     13410
     13416
     13422
     13428
     13434
     13440
     13446
     13452
     13458
     13464
     13470
     13476
     13482
     13488
     13494
     13500
     13506
     13512
     13518
     13524
     13530
     13536
     13542
     13548
     13554
     13560
     13566
     13572
     13578
     13584
     13590
     13596
     13602
     13608
     13614
     13620
     13626
     13632
     13638
     13644
     13650
     13656
     13662
     13668
     13674
     13680
     13686
     13692
     13698
     13704
     13710
     13716
     13722
     13728
     13734
     13740
     13746
     13752
     13758
     13764
     13770
     13776
     13782
     13788
     13794
     13800
     13806
     13812
     13818
     13824
     13830
     13836
     13842
     13848
     13854
     13860
     13866
     13872
     13878
     13884
     13890
     13896
     13902
     13908
     13914
     13920
     13926
     13932
     13938
     13944
     13950
     13956
     13962
     13968
     13974
     13980
     13986
     13992
     13998
     14004
     14010
     14016
     14022
     14028
     14034
     14040
     14046
     14052
     14058
     14064
     14069
     14075
     14081
     14087
     14093
     14099
     14105
     14111
     14117
     14122
     14128
     14134
     14140
     14146
     14152
     14157
     14163
     14169
     14175
     14180
     14186
     14191
     14197
     14203
     14208
     14214
     14220
     14226
     14231
     14237
     14243
     14249
     14254
     14260
     14266
     14272
     14278
     14284
     14290
     14296
     14302
     14308
     14314
     14320
     14326
     14332
     14338
     14344
     14350
     14356
     14362
     14368
     14373
     14378
     14383
     14388
     14394
     14400
     14405
     14410
     14416
     14422
     14428
     14434
     14440
     14446
     14452
     14458
     14463
     14468
     14473
     14478
     14484
     14490
     14496
     14502
     14508
     14514
     14520
     14526
     14532
     14538
     14543
     14548
     14554
     14560
     14566
     14572
     14578
     14584
     14590
     14596
     14602
     14608
     14614
     14620
     14626
     14632
     14638
     14644
     14650
     14656
     14662
     14668
     14674
     14680
     14686
     14692
     14698
     14704
     14710
     14716
     14722
     14727
     14732
     14737
     14743
     14749
     14755
     14761
     14766
     14771
     14776
     14782
     14788
     14794
     14800
     14806
     14812
     14818
     14824
     14830
     14836
     14842
     14848
     14854
     14860
     14866
     14872
     14878
     14884
     14890
     14896
     14902
     14908
     14914
     14920
     14926
     14932
     14938
     14944
     14950
     14956
     14962
     14968
     14974
     14980
     14985
     14990
     14995
     15001
     15007
     15013
     15019
     15025
     15031
     15037
     15043
     15049
     15055
     15061
     15067
     15073
     15079
     15085
     15091
     15097
     15103
     15108
     15113
     15118
     15123
     15129
     15135
     15140
     15145
     15151
     15157
     15163
     15169
     15175
     15181
     15187
     15193
     15199
     15204
     15209
     15214
     15219
     15225
     15231
     15237
     15243
     15249
     15255
     15261
     15267
     15273
     15279
     15285
     15291
     15297
     15302
     15307
     15313
     15319
     15325
     15331
     15337
     15343
     15348
     15353
     15358
     15363
     15368
     15373
     15379
     15385
     15391
     15397
     15403
     15409
     15415
     15421
     15427
     15433
     15439
     15445
     15451
     15457
     15463
     15469
     15475
     15481
     15486
     15491
     15496
     15502
     15508
     15514
     15520
     15526
     15532
     15538
     15544
     15550
     15556
     15562
     15568
     15574
     15580
     15586
     15592
     15598
     15604
     15610
     15616
     15622
     15628
     15634
     15640
     15646
     15652
     15658
     15664
     15670
     15676
     15682
     15688
     15694
     15700
     15706
     15712
     15718
     15724
     15730
     15736
     15742
     15748
     15754
     15760
     15766
     15772
     15778
     15784
     15790
     15796
     15802
     15808
     15814
     15820
     15826
     15832
     15838
     15844
     15850
     15856
     15862
     15868
     15874
     15880
     15886
     15892
     15898
     15904
     15910
     15916
     15922
     15928
     15934
     15940
     15945
     15951
     15957
     15963
     15969
     15975
     15981
     15986
     15991
     15997
     16003
     16008
     16014
     16020
     16026
     16032
     16037
     16043
     16049
     16055
     16061
     16067
     16073
     16078
     16084
     16090
     16096
     16102
     16108
     16114
     16120
     16126
     16132
     16138
     16144
     16150
     16155
     16161
     16167
     16173
     16179
     16185
     16191
     16197
     16203
     16209
     16215
     16221
     16227
     16233
     16239
     16245
     16251
     16257
     16263
     16269
     16275
     16281
     16287
     16293
     16299
     16305
     16311
     16317
     16323
     16329
     16335
     16341
     16347
     16353
     16359
     16365
     16371
     16377
     16383
     16389
     16395
     16401
     16407
     16413
     16419
     16425
     16431
     16437
     16443
     16449
     16455
     16461
     16467
     16473
     16479
     16485
     16491
     16497
     16503
     16509
     16515
     16521
     16527
     16533
     16539
     16545
     16551
     16557
     16563
     16569
     16575
     16581
     16587
     16593
     16599
     16605
     16611
     16617
     16623
     16629
     16635
     16641
     16647
     16653
     16659
     16665
     16671
     16677
     16683
     16689
     16695
     16701
     16707
     16713
     16719
     16725
     16731
     16737
     16743
     16749
     16755
     16761
     16767
     16773
     16779
     16785
     16791
     16797
     16803
     16809
     16815
     16821
     16827
     16833
     16839
     16845
     16851
     16857
     16863
     16869
     16875
     16881
     16887
     16893
     16899
     16905
     16911
     16917
     16923
     16929
     16935
     16941
     16947
     16953
     16959
     16965
     16971
     16977
     16983
     16989
     16995
     17001
     17007
     17013
     17019
     17025
     17031
     17037
     17043
     17049
     17055
     17061
     17067
     17073
     17079
     17085
     17091
     17097
     17103
     17109
     17115
     17121
     17127
     17133
     17139
     17145
     17151
     17157
     17163
     17169
     17175
     17181
     17187
     17193
     17199
     17205
     17211
     17217
     17223
     17229
     17235
     17241
     17247
     17253
     17259
     17265
     17271
     17277
     17283
     17289
     17295
     17301
     17307
     17313
     17319
     17325
     17331
     17337
     17343
     17349
     17355
     17361
     17367
     17373
     17379
     17385
     17391
     17397
     17403
     17409
     17415
     17421
     17427
     17433
     17439
     17445
     17451
     17457
     17463
     17469
     17475
     17481
     17487
     17493
     17499
     17505
     17511
     17517
     17523
     17529
     17535
     17541
     17547
     17553
     17559
     17565
     17571
     17577
     17583
     17589
     17595
     17601
     17607
     17613
     17619
     17625
     17631
     17637
     17643
     17649
     17655
     17661
     17667
     17673
     17679
     17685
     17691
     17697
     17703
     17709
     17715
     17721
     17727
     17733
     17739
     17745
     17751
     17757
     17763
     17769
     17775
     17781
     17787
     17793
     17799
     17805
     17811
     17817
     17823
     17829
     17835
     17841
     17847
     17853
     17859
     17865
     17871
     17877
     17883
     17889
     17895
     17901
     17907
     17913
     17919
     17925
     17931
     17937
     17943
     17949
     17955
     17961
     17967
     17973
     17979
     17985
     17991
     17997
     18003
     18009
     18015
     18021
     18027
     18033
     18039
     18045
     18051
     18057
     18063
     18069
     18075
     18081
     18087
     18093
     18099
     18105
     18111
     18117
     18123
     18129
     18135
     18141
     18147
     18153
     18159
     18165
     18171
     18177
     18183
     18189
     18195
     18201
     18207
     18212
     18218
     18224
     18230
     18236
     18241
     18247
     18253
     18259
     18265
     18270
     18276
     18282
     18288
     18294
     18300
     18306
     18312
     18318
     18324
     18330
     18336
     18341
     18347
     18353
     18358
     18363
     18369
     18375
     18381
     18387
     18393
     18398
     18404
     18410
     18416
     18422
     18428
     18434
     18440
     18446
     18452
     18458
     18464
     18470
     18476
     18482
     18488
     18494
     18500
     18506
     18512
     18518
     18524
     18530
     18536
     18542
     18548
     18554
     18560
     18566
     18572
     18578
     18584
     18589
     18595
     18601
     18606
     18611
     18616
     18621
     18626
     18631
     18636
     18641
     18647
     18653
     18658
     18664
     18670
     18676
     18682
     18688
     18694
     18700
     18706
     18712
     18718
     18724
     18730
     18736
     18742
     18748
     18754
     18760
     18766
     18771
     18777
     18783
     18789
     18795
     18801
     18807
     18813
     18819
     18825
     18831
     18836
     18842
     18848
     18854
     18860
     18866
     18872
     18878
     18884
     18890
     18896
     18901
     18907
     18913
     18919
     18925
     18931
     18937
     18942
     18947
     18953
     18959
     18965
     18971
     18977
     18983
     18989
     18995
     19001
     19007
     19013
     19019
     19025
     19030
     19036
     19042
     19048
     19054
     19060
     19066
     19072
     19078
     19084
     19090
     19096
     19102
     19108
     19114
     19120
     19126
     19132
     19138
     19144
     19150
     19156
     19161
     19167
     19173
     19178
     19183
     19189
     19195
     19201
     19207
     19213
     19219
     19225
     19231
     19237
     19243
     19249
     19254
     19260
     19266
     19272
     19278
     19284
     19290
     19295
     19301
     19307
     19313
     19319
     19324
     19329
     19335
     19341
     19347
     19353
     19359
     19365
     19371
     19377
     19383
     19389
     19395
     19401
     19407
     19412
     19418
     19424
     19430
     19436
     19442
     19448
     19454
     19460
     19466
     19472
     19478
     19484
     19490
     19496
     19501
     19507
     19513
     19519
     19524
     19530
     19536
     19542
     19548
     19554
     19560
     19566
     19572
     19578
     19584
     19590
     19596
     19602
     19608
     19614
     19620
     19626
     19632
     19638
     19644
     19650
     19656
     19662
     19668
     19674
     19680
     19686
     19692
     19698
     19704
     19710
     19716
     19720
     19725
     19731
     19737
     19743
     19749
     19755
     19761
     19767
     19773
     19779
     19785
     19791
     19797
     19803
     19807
     19810
     19814
     19819
     19822
     19826
     19830
     19834
     19837
     19841
     19845
     19849
     19853
     19857
     19860
     19864
     19867
     19872
     19876
     19880
     19884
     19888
     19892
     19896
     19900
     19904
     19908
     19913
     19917
     19921
     19925
     19929
     19933
     19937
     19941
     19946
     19951
     19954
     19958
     19962
     19967
     19970
     19974
     19978
     19982
     19986
     19990
     19994
     19997
     20001
     20006
     20012
     20017
     20021
     20026
     20031
     20037
     20043
     20049
     20055
     20059
     20065
     20071
     20074
     20079
     20085
     20091
     20097
     20100
     20105
     20111
     20114
     20119
     20124
     20128
     20131
     20135
     20139
     20143
     20147
     20152
     20156
     20161
     20166
     20171
     20176
     20182
     20186
     20191
     20196
     20201
     20206
     20212
     20215
     20219
     20223
     20228
     20233
     20239
     20242
     20246
     20252
     20258
     20264
     20270
     20273
     20279
     20284
     20290
     20293
     20298
     20303
     20308
     20313
     20318
     20323
     20327
     20332
     20338
     20341
     20346
     20351
     20356
     20361
     20366
     20372
     20378
     20384
     20390
     20396
     20401
     20406
     20411
     20416
     20421
     20426
     20431
     20436
     20441
     20445
     20449
     20453
     20456
     20460
     20464
     20469
     20472
     20478
     20483
     20489
     20492
     20497
     20503
     20509
     20513
     20519
     20525
     20528
     20533
     20539
     20545
     20550
     20555
     20561
     20567
     20571
     20576
     20582
     20586
     20591
     20597
     20603
     20608
     20613
     20618
     20623
     20628
     20634
     20640
     20646
     20652
     20658
     20662
     20667
     20672
     20677
     20682
     20687
     20693
     20699
     20705
     20711
     20715
     20719
     20723
     20727
     20732
     20737
     20742
     20747
     20753
     20756
     20761
     20766
     20771
     20776
     20781
     20786
     20791
     20796
     20801
     20806
     20811
     20816
     20821
     20826
     20831
     20834
     20839
     20844
     20849
     20854
     20857
     20861
     20865
     20869
     20873
     20877
     20881
     20885
     20890
     20895
     20900
     20905
     20910
     20915
     20918
     20922
     20926
     20930
     20934
     20939
     20945
     20951
     20957
     20963
     20969
     20974
     20979
     20983
     20987
     20992
     20997
     21002
     21007
     21012
     21016
     21021
     21026
     21031
     21036
     21041
     21046
     21051
     21056
     21061
     21066
     21071
     21076
     21081
     21086
     21091
     21096
     21101
     21106
     21111
     21116
     21121
     21126
     21131
     21136
     21141
     21146
     21151
     21156
     21161
     21166
     21171
     21176
     21181
     21186
     21191
     21196
     21201
     21206
     21211
     21216
     21221
     21226
     21231
     21236
     21241
     21246
     21251
     21256
     21262
     21268
     21274
     21280
     21286
     21292
     21298
     21304
     21310
     21315
     21321
     21327
     21333
     21339
     21345
     21351
     21357
     21363
     21369
     21375
     21381
     21387
     21393
     21399
     21403
     21407
     21411
     21415
     21419
     21423
     21427
     21432
     21437
     21442
     21447
     21452
     21457
     21462
     21468
     21474
     21480
     21486
     21490
     21494
     21498
     21503
     21508
     21513
     21518
     21523
     21528
     21533
     21539
     21545
     21551
     21557
     21560
     21564
     21568
     21572
     21577
     21582
     21587
     21592
     21597
     21602
     21607
     21612
     21617
     21622
     21627
     21632
     21637
     21642
     21647
     21652
     21657
     21662
     21667
     21672
     21677
     21682
     21687
     21692
     21697
     21702
     21707
     21712
     21717
     21722
     21727
     21732
     21737
     21742
     21747
     21752
     21757
     21762
     21767
     21772
     21777
     21782
     21788
     21794
     21800
     21806
     21810
     21814
     21818
     21822
     21826
     21830
     21834
     21839
     21844
     21849
     21854
     21859
     21864
     21869
     21874
     21879
     21884
     21889
     21894
     21899
     21904
     21909
     21914
     21919
     21923
     21927
     21931
     21935
     21940
     21943
     21946
     21951
     21954
     21958
     21963
     21967
     21971
     21974
     21980
     21986
     21992
     21995
     22001
     22006
     22011
     22016
     22020
     22024
     22028
     22032
     22036
     22039
     22043
     22047
     22051
     22055
     22059
     22063
     22067
     22073
     22079
     22085
     22091
     22097
     22102
     22107
     22112
     22117
     22122
     22128
     22134
     22140
     22146
     22152
     22157
     22162
     22167
     22172
     22177
     22181
     22185
     22188
     22192
     22196
     22200
     22204
     22208
     22214
     22219
     22224
     22229
     22234
     22239
     22244
     22248
     22254
     22258
     22263
     22267
     22270
     22274
     22277
     22282
     22287
     22292
     22297
     22302
     22307
     22312
     22317
     22322
     22327
     22333
     22336
     22341
     22346
     22351
     22356
     22361
     22366
     22371
     22376
     22381
     22386
     22391
     22395
     22400
     22405
     22411
     22416
     22421
     22426
     22431
     22436
     22441
     22446
     22451
     22456
     22460
     22465
     22470
     22476
     22481
     22486
     22491
     22496
     22501
     22506
     22511
     22516
     22521
     22526
     22530
     22535
     22540
     22546
     22551
     22556
     22561
     22566
     22571
     22575
     22580
     22585
     22591
     22596
     22601
     22606
     22610
     22616
     22621
     22625
     22628
     22632
     22636
     22640
     22644
     22648
     22652
     22656
     22660
     22665
     22671
     22675
     22680
     22685
     22690
     22695
     22700
     22705
     22710
     22715
     22720
     22726
     22732
     22738
     22744
     22750
     22756
     22762
     22768
     22772
     22777
     22782
     22787
     22792
     22797
     22802
     22807
     22812
     22817
     22820
     22824
     22828
     22832
     22836
     22840
     22844
     22848
     22852
     22856
     22861
     22866
     22871
     22876
     22881
     22886
     22891
     22896
     22900
     22905
     22910
     22915
     22920
     22925
     22930
     22935
     22940
     22944
     22949
     22954
     22959
     22964
     22969
     22974
     22979
     22984
     22988
     22993
     22998
     23003
     23008
     23013
     23018
     23023
     23028
     23032
     23037
     23042
     23047
     23052
     23057
     23062
     23067
     23072
     23076
     23081
     23086
     23091
     23096
     23101
     23106
     23111
     23116
     23119
     23124
     23129
     23134
     23139
     23144
     23149
     23154
     23159
     23162
     23166
     23171
     23176
     23181
     23186
     23191
     23196
     23199
     23203
     23208
     23213
     23218
     23223
     23226
     23230
     23233
     23237
     23241
     23245
     23249
     23254
     23259
     23264
     23269
     23274
     23279
     23284
     23289
     23294
     23300
     23303
     23307
     23311
     23315
     23319
     23323
     23327
     23331
     23335
     23339
     23343
     23347
     23351
     23355
     23359
     23363
     23367
     23370
     23375
     23379
     23383
     23386
     23390
     23395
     23398
     23403
     23406
     23410
     23414
     23419
     23424
     23429
     23434
     23439
     23444
     23449
     23454
     23459
     23464
     23469
     23474
     23479
     23484
     23489
     23493
     23498
     23503
     23509
     23514
     23519
     23525
     23528
     23533
     23538
     23543
     23548
     23553
     23558
     23563
     23568
     23573
     23577
     23582
     23587
     23593
     23598
     23604
     23607
     23612
     23617
     23622
     23627
     23632
     23637
     23642
     23647
     23652
     23657
     23661
     23666
     23671
     23677
     23681
     23687
     23691
     23696
     23701
     23706
     23711
     23716
     23721
     23726
     23731
     23736
     23741
     23747
     23750
     23755
     23760
     23766
     23770
     23776
     23780
     23785
     23790
     23795
     23800
     23805
     23810
     23815
     23820
     23825
     23830
     23834
     23840
     23844
     23849
     23855
     23859
     23865
     23869
     23874
     23879
     23884
     23889
     23894
     23899
     23904
     23909
     23914
     23919
     23923
     23929
     23933
     23938
     23944
     23948
     23954
     23958
     23963
     23968
     23973
     23978
     23983
     23988
     23993
     23998
     24003
     24008
     24012
     24018
     24022
     24027
     24033
     24037
     24043
     24047
     24052
     24057
     24062
     24067
     24072
     24077
     24082
     24087
     24092
     24097
     24103
     24106
     24112
     24116
     24121
     24127
     24131
     24137
     24141
     24146
     24151
     24156
     24161
     24166
     24171
     24176
     24181
     24186
     24192
     24195
     24201
     24206
     24210
     24215
     24221
     24225
     24231
     24235
     24240
     24245
