         1
         5
        10
        15
        20
        25
        30
        35
        41
        47
        54
        59
        63
        66
        72
        78
        83
        88
        92
        97
       101
       106
       110
       114
       120
       124
       128
       134
       141
       147
       151
       157
       162
       166
       171
       176
       181
       186
       191
       196
       201
       206
       211
       216
       221
       227
       232
       237
       243
       249
       256
       261
       266
       271
       276
       282
       288
       294
       300
       307
       313
       320
       326
       332
       339
       343
       351
       357
       363
       369
       376
       383
       388
       394
       400
       406
       411
       418
       424
       428
       435
       441
       447
       453
       461
       468
       475
       481
       486
       494
       500
       505
       510
       518
       525
       531
       537
       543
       549
       555
       561
       568
       573
       579
       586
       593
       599
       606
       612
       619
       625
       631
       638
       644
       650
       656
       662
       669
       676
       682
       688
       695
       702
       708
       714
       720
       726
       733
       739
       746
       752
       758
       764
       768
       773
       778
       784
       788
       794
       799
       804
       808
       813
       819
       825
       831
       837
       842
       848
       855
       861
       868
       874
       881
       886
       893
       899
       905
       911
       918
       923
       928
       933
       938
       943
       948
       953
       958
       963
       968
       973
       978
       983
       988
       993
       998
      1003
      1008
      1014
      1019
      1025
      1031
      1037
      1042
      1047
      1052
      1058
      1064
      1070
      1076
      1082
      1087
      1093
      1099
      1106
      1112
      1117
      1122
      1127
      1133
      1139
      1146
      1152
      1158
      1164
      1170
      1177
      1183
      1189
      1197
      1204
      1210
      1216
      1222
      1228
      1234
      1240
      1246
      1252
      1259
      1265
      1271
      1277
      1283
      1289
      1296
      1302
      1308
      1314
      1321
      1328
      1334
      1340
      1346
      1354
      1362
      1368
      1375
      1381
      1387
      1394
      1401
      1408
      1414
      1421
      1428
      1434
      1440
      1446
      1452
      1458
      1465
      1470
      1477
      1486
      1492
      1499
      1505
      1512
      1519
      1525
      1532
      1539
      1545
      1552
      1558
      1564
      1570
      1576
      1583
      1590
      1596
      1603
      1609
      1615
      1618
      1622
      1627
      1630
      1634
      1639
      1642
      1645
      1649
      1652
      1658
      1663
      1667
      1672
      1676
      1681
      1686
      1689
      1694
      1698
      1701
      1707
      1710
      1713
      1716
      1720
      1724
      1728
      1731
      1734
      1740
      1746
      1750
      1753
      1757
      1761
      1764
      1767
      1771
      1775
      1780
      1785
      1788
      1791
      1794
      1798
      1802
      1806
      1809
      1814
      1819
      1823
      1827
      1832
      1836
      1841
