         1
         7
        13
        20
        25
        30
        35
        40
        45
        50
        55
        62
        67
        71
        77
        81
        85
        91
        96
       101
       106
       112
       118
       124
       129
       134
       139
       144
       149
       154
       159
       164
       169
       174
       179
       184
       189
       194
       199
       204
       209
       214
       219
       224
       229
       236
       242
       247
       252
       257
       263
       268
       274
       280
       287
       292
       298
       304
       310
       316
       322
       328
       334
       340
       345
       351
       357
       364
       370
       377
       383
       390
       396
       402
       408
       414
       420
       427
       434
       440
       447
       454
       459
       466
       473
       480
       486
       493
       499
       505
       511
       518
       524
       530
       537
       543
       549
       556
       562
       568
       575
       581
       587
       593
       599
       608
       616
       623
       629
       635
       641
       648
       654
       661
       667
       673
       679
       685
       692
       698
       704
       710
       717
       723
       729
       736
       742
       748
       754
       761
       768
       774
       780
       786
       794
       800
       807
       814
       821
       828
       835
       839
       844
       850
       856
       861
       866
       871
       877
       882
       888
       893
       898
       904
       910
       918
       923
       929
       935
       941
       947
       953
       959
       965
       970
       975
       981
       987
       992
       997
      1002
      1007
      1012
      1017
      1022
      1027
      1032
      1037
      1042
      1047
      1052
      1057
      1062
      1067
      1072
      1078
      1084
      1090
      1096
      1102
      1108
      1114
      1119
      1124
      1131
      1138
      1144
      1150
      1156
      1162
      1167
      1172
      1177
      1182
      1189
      1197
      1204
      1210
      1217
      1223
      1229
      1236
      1242
      1249
      1255
      1261
      1267
      1274
      1280
      1286
      1292
      1298
      1304
      1309
      1316
      1323
      1329
      1335
      1342
      1349
      1355
      1363
      1368
      1374
      1381
      1387
      1394
      1401
      1407
      1414
      1421
      1427
      1433
      1439
      1446
      1452
      1460
      1466
      1472
      1478
      1486
      1492
      1499
      1505
      1512
      1519
      1525
      1532
      1538
      1544
      1551
      1558
      1564
      1570
      1575
      1582
      1588
      1595
      1601
      1608
      1614
      1619
      1625
      1631
      1637
      1641
      1645
      1648
      1651
      1654
      1659
      1662
      1666
      1669
      1674
      1678
      1682
      1687
      1692
      1696
      1699
      1702
      1708
      1712
      1715
      1719
      1723
      1726
      1730
      1735
      1739
      1744
      1747
      1752
      1756
      1759
      1761
      1765
      1769
      1775
      1778
      1782
      1787
      1792
      1797
      1802
      1806
      1809
      1812
      1817
      1821
