         2
         3
         4
         5
         6
        86
        91
       291
       292
       293
         1
         3
         4
         5
         6
       291
       454
       858
       861
         1
         2
         4
         5
         6
       310
       864
       868
         1
         2
         3
         5
         6
        92
       251
       310
       311
       312
       313
         1
         2
         3
         4
         6
        91
        92
        93
        94
         1
         2
         3
         4
         5
       453
       525
       861
       864
       865
         8
         9
        10
        11
        12
        95
       225
       337
       338
       339
       340
         7
         9
        10
        11
        12
       337
       867
       882
         7
         8
        10
        11
        12
       882
       884
         7
         8
         9
        11
        12
        63
       265
       451
       883
       884
         7
         8
         9
        10
        12
        64
        96
       127
       395
       449
       451
         7
         8
         9
        10
        11
        95
        96
        97
        98
        14
        15
        16
        17
        18
        19
        99
       255
       313
       343
       349
       350
        13
        15
        16
        17
        18
        19
       312
       350
       868
       879
        13
        14
        16
        17
        18
        19
       863
       879
       880
        13
        14
        15
        17
        18
        19
       863
       877
       878
        13
        14
        15
        16
        18
        19
        99
       100
       101
       102
        13
        14
        15
        16
        17
        19
       100
       138
       267
       421
       424
        13
        14
        15
        16
        17
        18
       268
       424
       877
       881
        21
        22
        23
        24
       103
       179
       279
       305
       306
       307
        20
        22
        23
        24
        33
       277
       305
       308
       309
        20
        21
        23
        24
        25
       103
       104
       105
       106
        20
        21
        22
        24
       104
       518
       856
       859
       860
        20
        21
        22
        23
       308
       859
       892
       893
        26
        27
        28
        29
        22
       103
       104
       105
       106
        25
        27
        28
        29
       105
       475
       519
       573
       847
       856
        25
        26
        28
        29
       110
       176
       345
       351
       352
       353
        25
        26
        27
        29
       106
       175
       306
       315
       345
       346
        25
        26
        27
        28
       351
       477
       802
       847
       848
        31
        32
        33
        34
        58
       229
       230
       231
       232
        30
        32
        33
        34
       229
       889
       890
        30
        31
        33
        34
       309
       889
       892
        30
        31
        32
        34
        21
       277
       305
       308
       309
        30
        31
        32
        33
       178
       230
       277
       278
       279
        36
        37
        38
        39
        48
       206
       354
       436
       437
        35
        37
        38
        39
       107
       205
       211
       379
       436
       439
        35
        36
        38
        39
       107
       108
       109
       110
       111
        35
        36
        37
        39
        49
       437
       567
       761
       850
       851
        35
        36
        37
        38
       108
       566
       803
       850
       855
        41
        42
        43
        44
        89
       242
       273
       317
       318
       319
        40
        42
        43
        44
       220
       273
       274
       275
       276
        40
        41
        43
        44
       317
       505
       714
       845
       846
        40
        41
        42
        44
       114
       390
       717
       845
       857
        40
        41
        42
        43
       115
       261
       274
       388
       390
        46
        47
        48
        49
       299
       554
       760
       851
       852
        45
        47
        48
        49
        76
       282
       299
       300
       301
        45
        46
        48
        49
       202
       285
       300
       354
       355
       356
        45
        46
        47
        49
        35
       206
       354
       436
       437
        45
        46
        47
        48
        38
       437
       567
       761
       850
       851
        51
        52
        53
        54
        73
        81
       237
       362
       445
       446
       447
        50
        52
        53
        54
        82
       112
       260
       287
       362
       363
        50
        51
        53
        54
       445
       563
       840
       854
       862
        50
        51
        52
        54
       113
       564
       716
       857
       862
        50
        51
        52
        53
       112
       113
       114
       115
       116
        56
        57
        58
        59
        60
        61
       119
       226
       298
       391
       392
       393
        55
        57
        58
        59
        60
        61
       120
       280
       296
       298
        55
        56
        58
        59
        60
        61
       391
       885
       886
        55
        56
        57
        59
        60
        61
        30
       229
       230
       231
       232
        55
        56
        57
        58
        60
        61
       177
       231
       278
       280
       281
        55
        56
        57
        58
        59
        61
       885
       887
        55
        56
        57
        58
        59
        60
       232
       887
       890
        63
        64
        65
        66
       137
       265
       266
       267
       268
       269
        62
        64
        65
        66
        10
       265
       451
       883
       884
        62
        63
        65
        66
        11
        96
       127
       395
       449
       451
        62
        63
        64
        66
       126
       139
       266
       358
       381
       382
        62
        63
        64
        65
       124
       129
       381
       395
       396
        68
        69
        70
        78
       172
       208
       347
       380
       403
       404
        67
        69
        70
        77
       142
       222
       234
       271
       394
       401
       403
        67
        68
        70
       233
       234
       235
       236
        67
        68
        69
       173
       233
       316
       322
       346
       347
        72
        73
        74
        75
        76
       446
       548
       839
       853
       854
        71
        73
        74
        75
        76
       301
       549
       556
       809
       852
       853
        71
        72
        74
        75
        76
        50
        81
       237
       362
       445
       446
       447
        71
        72
        73
        75
        76
       237
       238
       239
       240
        71
        72
        73
        74
        76
       238
       282
       283
       284
       285
        71
        72
        73
        74
        75
        46
       282
       299
       300
       301
        78
        79
        80
        68
       142
       222
       234
       271
       394
       401
       403
        77
        79
        80
        67
       172
       208
       347
       380
       403
       404
        77
        78
        80
       207
       270
       324
       404
       405
       406
        77
        78
        79
       143
       270
       271
       272
        82
        83
        84
        50
        73
       237
       362
       445
       446
       447
        81
        83
        84
        51
       112
       260
       287
       362
       363
        81
        82
        84
       239
       246
       286
       416
       447
       448
        81
        82
        83
       286
       287
       288
       289
       290
        86
        87
        88
        89
        90
       292
       455
       511
       526
       849
       858
        85
        87
        88
        89
        90
         1
        91
       291
       292
       293
        85
        86
        88
        89
        90
       318
       508
       513
       815
       846
       849
        85
        86
        87
        89
        90
        94
       241
       252
       293
       294
        85
        86
        87
        88
        90
        40
       242
       273
       317
       318
       319
        85
        86
        87
        88
        89
       241
       242
       243
       244
         5
        92
        93
        94
         1
        86
       291
       292
       293
         5
        91
        93
        94
         4
       251
       310
       311
       312
       313
         5
        91
        92
        94
       251
       252
       253
       254
         5
        91
        92
        93
        88
       241
       252
       293
       294
        12
        96
        97
        98
         7
       225
       337
       338
       339
       340
        12
        95
        97
        98
        11
        64
       127
       395
       449
       451
        12
        95
        96
        98
       156
       338
       367
       402
       408
       412
        12
        95
        96
        97
       128
       148
       365
       412
       449
       450
        17
       100
       101
       102
        13
       255
       313
       343
       349
       350
        17
        99
       101
       102
        18
       138
       267
       421
       424
        17
        99
       100
       102
       140
       256
       357
       421
       422
        17
        99
       100
       101
       255
       256
       257
       258
       259
        22
        25
       104
       105
       106
        20
       179
       279
       305
       306
       307
        22
        25
       103
       105
       106
        23
       518
       856
       859
       860
        22
        25
       103
       104
       106
        26
       475
       519
       573
       847
       856
        22
        25
       103
       104
       105
        28
       175
       306
       315
       345
       346
        37
       108
       109
       110
       111
        36
       205
       211
       379
       436
       439
        37
       107
       109
       110
       111
        39
       566
       803
       850
       855
        37
       107
       108
       110
       111
       174
       209
       352
       379
       380
        37
       107
       108
       109
       111
        27
       176
       345
       351
       352
       353
        37
       107
       108
       109
       110
       353
       804
       848
       855
        54
       113
       114
       115
       116
        51
        82
       260
       287
       362
       363
        54
       112
       114
       115
       116
        53
       564
       716
       857
       862
        54
       112
       113
       115
       116
        43
       390
       717
       845
       857
        54
       112
       113
       114
       116
        44
       261
       274
       388
       390
        54
       112
       113
       114
       115
       260
       261
       262
       263
       264
       118
       119
       120
       121
       235
       295
       314
       321
       322
       117
       119
       120
       121
       228
       236
       321
       392
       394
       117
       118
       120
       121
        55
       226
       298
       391
       392
       393
       117
       118
       119
       121
        56
       280
       296
       298
       117
       118
       119
       120
       181
       281
       295
       296
       297
       123
       124
       125
       126
       133
       163
       373
       419
       430
       432
       122
       124
       125
       126
       162
       361
       382
       419
       420
       122
       123
       125
       126
        66
       129
       381
       395
       396
       122
       123
       124
       126
       131
       136
       396
       430
       431
       122
       123
       124
       125
        65
       139
       266
       358
       381
       382
       128
       129
       130
       131
        11
        64
        96
       395
       449
       451
       127
       129
       130
       131
        98
       148
       365
       412
       449
       450
       127
       128
       130
       131
        66
       124
       381
       395
       396
       127
       128
       129
       131
       134
       147
       327
       431
       443
       450
       127
       128
       129
       130
       125
       136
       396
       430
       431
       133
       134
       135
       136
       194
       328
       375
       432
       433
       132
       134
       135
       136
       122
       163
       373
       419
       430
       432
       132
       133
       135
       136
       130
       147
       327
       431
       443
       450
       132
       133
       134
       136
       327
       328
       329
       330
       331
       132
       133
       134
       135
       125
       131
       396
       430
       431
       138
       139
       140
       141
        62
       265
       266
       267
       268
       269
       137
       139
       140
       141
        18
       100
       267
       421
       424
       137
       138
       140
       141
        65
       126
       266
       358
       381
       382
       137
       138
       139
       141
       101
       256
       357
       421
       422
       137
       138
       139
       140
       357
       358
       359
       360
       361
       143
       144
       145
       146
        68
        77
       222
       234
       271
       394
       401
       403
       142
       144
       145
       146
        80
       270
       271
       272
       142
       143
       145
       146
       272
       323
       324
       325
       326
       142
       143
       144
       146
       155
       323
       400
       407
       408
       142
       143
       144
       145
       223
       340
       400
       401
       402
       148
       149
       150
       151
       130
       134
       327
       431
       443
       450
       147
       149
       150
       151
        98
       128
       365
       412
       449
       450
       147
       148
       150
       151
       153
       364
       365
       366
       367
       147
       148
       149
       151
       183
       364
       399
       425
       427
       147
       148
       149
       150
       182
       329
       427
       443
       444
       153
       154
       155
       156
       213
       366
       397
       398
       399
       152
       154
       155
       156
       149
       364
       365
       366
       367
       152
       153
       155
       156
       215
       326
       397
       407
       409
       152
       153
       154
       156
       145
       323
       400
       407
       408
       152
       153
       154
       155
        97
       338
       367
       402
       408
       412
       158
       159
       160
       161
       218
       334
       344
       376
       378
       157
       159
       160
       161
       217
       304
       320
       341
       344
       157
       158
       160
       161
       170
       258
       333
       348
       376
       377
       157
       158
       159
       161
       253
       303
       311
       341
       342
       343
       157
       158
       159
       160
       259
       342
       348
       349
       163
       164
       165
       166
       123
       361
       382
       419
       420
       162
       164
       165
       166
       122
       133
       373
       419
       430
       432
       162
       163
       165
       166
       200
       372
       387
       413
       414
       162
       163
       164
       166
       167
       359
       385
       413
       420
       423
       162
       163
       164
       165
       196
       372
       373
       374
       375
       168
       169
       170
       171
       165
       359
       385
       413
       420
       423
       167
       169
       170
       171
       199
       332
       385
       386
       387
       167
       168
       170
       171
       332
       333
       334
       335
       336
       167
       168
       169
       171
       159
       258
       333
       348
       376
       377
       167
       168
       169
       170
       257
       360
       377
       422
       423
       173
       174
       175
       176
        67
        78
       208
       347
       380
       403
       404
       172
       174
       175
       176
        70
       233
       316
       322
       346
       347
       172
       173
       175
       176
       109
       209
       352
       379
       380
       172
       173
       174
       176
        28
       106
       306
       315
       345
       346
       172
       173
       174
       175
        27
       110
       345
       351
       352
       353
       178
       179
       180
       181
        59
       231
       278
       280
       281
       177
       179
       180
       181
        34
       230
       277
       278
       279
       177
       178
       180
       181
        20
       103
       279
       305
       306
       307
       177
       178
       179
       181
       297
       307
       314
       315
       316
       177
       178
       179
       180
       121
       281
       295
       296
       297
       183
       184
       185
       186
       151
       329
       427
       443
       444
       182
       184
       185
       186
       150
       364
       399
       425
       427
       182
       183
       185
       186
       247
       330
       368
       435
       442
       444
       182
       183
       184
       186
       187
       368
       369
       370
       371
       182
       183
       184
       185
       212
       369
       398
       425
       426
       188
       189
       190
       191
       185
       368
       369
       370
       371
       187
       189
       190
       191
       214
       370
       410
       426
       428
       429
       187
       188
       190
       191
       203
       355
       428
       438
       440
       187
       188
       189
       191
       284
       356
       418
       434
       438
       187
       188
       189
       190
       248
       371
       417
       434
       435
       193
       194
