         1
         2
         5
        91
       291
         1
         2
         6
       291
       861
         3
         4
         6
       310
       864
         3
         4
         5
        92
       310
         1
         4
         5
        91
        92
         2
         3
         6
       861
       864
         7
         8
        12
        95
       337
         7
         8
         9
       337
       882
         8
         9
        10
       882
       884
         9
        10
        11
       451
       884
        10
        11
        12
        96
       451
         7
        11
        12
        95
        96
        13
        14
        17
        99
       350
        13
        14
        15
       350
       879
        14
        15
        16
       863
       879
        15
        16
        19
       863
       877
        13
        17
        18
        99
       100
        17
        18
        19
       100
       424
        16
        18
        19
       424
       877
        20
        21
        22
       103
       305
        20
        21
        24
       305
       308
        20
        22
        23
       103
       104
        22
        23
        24
       104
       859
        21
        23
        24
       308
       859
        25
        26
        28
       105
       106
        25
        26
        29
       105
       847
        27
        28
        29
       345
       351
        25
        27
        28
       106
       345
        26
        27
        29
       351
       847
        30
        31
        34
       229
       230
        30
        31
        32
       229
       889
        31
        32
        33
       309
       889
        32
        33
        34
       277
       309
        30
        33
        34
       230
       277
        35
        36
        38
       436
       437
        35
        36
        37
       107
       436
        36
        37
        39
       107
       108
        35
        38
        39
       437
       850
        37
        38
        39
       108
       850
        40
        41
        42
       273
       317
        40
        41
        44
       273
       274
        40
        42
        43
       317
       845
        42
        43
        44
       390
       845
        41
        43
        44
       274
       390
        45
        46
        49
       299
       851
        45
        46
        47
       299
       300
        46
        47
        48
       300
       354
        47
        48
        49
       354
       437
        45
        48
        49
       437
       851
        50
        51
        52
       362
       445
        50
        51
        54
       112
       362
        50
        52
        53
       445
       862
        52
        53
        54
       113
       862
        51
        53
        54
       112
       113
        55
        56
        57
       298
       391
        55
        56
        59
       280
       298
        55
        57
        60
       391
       885
        58
        59
        61
       231
       232
        56
        58
        59
       231
       280
        57
        60
        61
       885
       887
        58
        60
        61
       232
       887
        62
        63
        65
       265
       266
        62
        63
        64
       265
       451
        63
        64
        66
       395
       451
        62
        65
        66
       266
       381
        64
        65
        66
       381
       395
        67
        68
        70
       347
       403
        67
        68
        69
       234
       403
        68
        69
        70
       233
       234
        67
        69
        70
       233
       347
        71
        72
        73
       446
       853
        71
        72
        76
       301
       853
        71
        73
        74
       237
       446
        73
        74
        75
       237
       238
        74
        75
        76
       238
       282
        72
        75
        76
       282
       301
        77
        78
        80
       271
       403
        77
        78
        79
       403
       404
        78
        79
        80
       270
       404
        77
        79
        80
       270
       271
        81
        82
        83
       362
       447
        81
        82
        84
       287
       362
        81
        83
        84
       286
       447
        82
        83
        84
       286
       287
        85
        86
        87
       292
       849
        85
        86
        88
       292
       293
        85
        87
        89
       318
       849
        86
        88
        90
       241
       293
        87
        89
        90
       242
       318
        88
        89
        90
       241
       242
         1
         5
        91
        94
       293
         4
         5
        92
        93
       251
        92
        93
        94
       251
       252
        91
        93
        94
       252
       293
         7
        12
        95
        97
       338
        11
        12
        96
        98
       449
        95
        97
        98
       338
       412
        96
        97
        98
       412
       449
        13
        17
        99
       102
       255
        17
        18
       100
       101
       421
       100
       101
       102
       256
       421
        99
       101
       102
       255
       256
        20
        22
       103
       106
       306
        22
        23
       104
       105
       856
        25
        26
       104
       105
       856
        25
        28
       103
       106
       306
        36
        37
       107
       109
       379
        37
        39
       108
       111
       855
       107
       109
       110
       352
       379
       109
       110
       111
       352
       353
       108
       110
       111
       353
       855
        51
        54
       112
       116
       260
        53
        54
       113
       114
       857
       113
       114
       115
       390
       857
       114
       115
       116
       261
       390
       112
       115
       116
       260
       261
       117
       118
       121
       295
       321
       117
       118
       119
       321
       392
       118
       119
       120
       298
       392
       119
       120
       121
       296
       298
       117
       120
       121
       295
       296
       122
       123
       125
       419
       430
       122
       123
       126
       382
       419
       124
       125
       126
       381
       396
       122
       124
       125
       396
       430
       123
       124
       126
       381
       382
       127
       128
       129
       395
       449
       127
       128
       130
       449
       450
       127
       129
       131
       395
       396
       128
       130
       131
       431
       450
       129
       130
       131
       396
       431
       132
       133
       135
       328
       432
       132
       133
       136
       430
       432
       134
       135
       136
       327
       431
       132
       134
       135
       327
       328
       133
       134
       136
       430
       431
       137
       138
       139
       266
       267
       137
       138
       140
       267
       421
       137
       139
       141
       266
       358
       138
       140
       141
       357
       421
       139
       140
       141
       357
       358
       142
       143
       146
       271
       401
       142
       143
       144
       271
       272
       143
       144
       145
       272
       323
       144
       145
       146
       323
       400
       142
       145
       146
       400
       401
       147
       148
       151
       443
       450
       147
       148
       149
       365
       450
       148
       149
       150
       364
       365
       149
       150
       151
       364
       427
       147
       150
       151
       427
       443
       152
       153
       154
       366
       397
       152
       153
       156
       366
       367
       152
       154
       155
       397
       407
       154
       155
       156
       407
       408
       153
       155
       156
       367
       408
       157
       158
       159
       344
       376
       157
       158
       160
       341
       344
       157
       159
       161
       348
       376
       158
       160
       161
       341
       342
       159
       160
       161
       342
       348
       162
       163
       165
       419
       420
       162
       163
       166
       373
       419
       164
       165
       166
       372
       413
       162
       164
       165
       413
       420
       163
       164
       166
       372
       373
       167
       168
       171
       385
       423
       167
       168
       169
       332
       385
       168
       169
       170
       332
       333
       169
       170
       171
       333
       377
       167
       170
       171
       377
       423
       172
       173
       174
       347
       380
       172
       173
       175
       346
       347
       172
       174
       176
       352
       380
       173
       175
       176
       345
       346
       174
       175
       176
       345
       352
       177
       178
       181
       278
       281
       177
       178
       179
       278
       279
       178
       179
       180
       279
       307
       179
       180
       181
       297
       307
       177
       180
       181
       281
       297
       182
       183
       184
       427
       444
       182
       183
       186
       425
       427
       182
       184
       185
       368
       444
       184
       185
       186
       368
       369
       183
       185
       186
       369
       425
       187
       188
       191
       370
       371
       187
       188
       189
       370
       428
       188
       189
       190
       428
       438
       189
       190
       191
       434
       438
       187
       190
       191
       371
       434
       192
       193
       194
       433
       441
       192
       193
       195
       415
       441
       192
       194
       196
       375
       433
       193
       195
       196
       374
       415
       194
       195
       196
       374
       375
       197
       198
       201
       383
       384
       197
       198
       199
       383
       386
       198
       199
       200
       386
       387
       199
       200
       201
       387
       414
       197
       200
       201
       384
       414
       202
       203
       206
       354
       355
       202
       203
       204
       355
       440
       203
       204
       205
       439
       440
       204
       205
       206
       436
       439
       202
       205
       206
       354
       436
       207
       208
       210
       404
       405
       207
       208
       209
       380
       404
       208
       209
       211
       379
       380
       207
       210
       211
       405
       439
       209
       210
       211
       379
       439
       212
       213
       214
       398
       426
       212
       213
       215
       397
       398
       212
       214
       216
       410
       426
       213
       215
       216
       397
       409
       214
       215
       216
       409
       410
       217
       218
       221
       320
       344
       217
       218
       219
       344
       378
       218
       219
       220
       275
       378
       219
       220
       221
       275
       276
       217
       220
       221
       276
       320
       222
       223
       228
       394
       401
       222
       223
       225
       340
       401
       224
       225
       227
       339
       866
       223
       224
       225
       339
       340
       226
       227
       228
       392
       393
       224
       226
       227
       393
       866
       222
       226
       228
       392
       394
        30
        31
       229
       232
       890
        30
        34
       230
       231
       278
        58
        59
       230
       231
       278
        58
        61
       229
       232
       890
        69
        70
       233
       235
       322
        68
        69
       234
       236
       394
       233
       235
       236
       321
       322
       234
       235
       236
       321
       394
        73
        74
       237
       239
       447
        74
        75
       238
       240
       283
       237
       239
       240
       416
       447
       238
       239
       240
       283
       416
        88
        90
       241
       243
       294
        89
        90
       242
       244
       319
       241
       243
       244
       294
       302
       242
       243
       244
       302
       319
       245
       246
       249
       441
       448
       245
       246
       250
       416
       448
       247
       248
       249
       435
       442
       247
       248
       250
       417
       435
       245
       247
       249
       441
       442
       246
       248
       250
       416
       417
        92
        93
       251
       253
       311
        93
        94
       252
       254
       294
       251
       253
       254
       303
       311
       252
       253
       254
       294
       303
        99
       102
       255
       259
       349
       101
       102
       256
       257
       422
       256
       257
       258
       377
       422
       257
       258
       259
       348
       377
       255
       258
       259
       348
       349
       112
       116
       260
       262
       363
       115
       116
       261
       263
       388
       260
       262
       264
       363
       383
       261
       263
       264
       388
       389
       262
       263
       264
       383
       389
        62
        63
       265
       269
       883
        62
        65
       137
       139
       266
       137
       138
       267
       268
       424
       267
       268
       269
       424
       881
       265
       268
       269
       881
       883
        79
        80
       270
       272
       324
        77
        80
       142
       143
       271
       143
       144
       270
       272
       324
        40
        41
       273
       276
       319
        41
        44
       274
       275
       388
       219
       220
       274
       275
       388
       220
       221
       273
       276
       319
        33
        34
       277
       279
       305
       177
       178
       230
       231
       278
       178
       179
       277
       279
       305
        56
        59
       280
       281
       296
       177
       181
       280
       281
       296
        75
        76
       282
       285
       300
       238
       240
       283
       284
       418
       283
       284
       285
       356
       418
       282
       284
       285
       300
       356
        83
        84
       286
       288
       448
        82
        84
       287
       289
       363
       286
       288
       290
       415
       448
       287
       289
       290
       363
       384
       288
       289
       290
       384
       415
         1
         2
       291
       292
       858
        85
        86
       291
       292
       858
        86
        88
        91
        94
       293
       241
       243
       252
       254
       294
       117
       121
       295
       297
       314
       120
       121
       280
       281
       296
       180
       181
       295
       297
       314
        55
        56
       119
       120
       298
        45
        46
       299
       301
       852
        46
        47
       282
       285
       300
        72
        76
       299
       301
       852
       243
       244
       302
       304
       320
       253
       254
       303
       304
       341
       302
       303
       304
       320
       341
        20
        21
       277
       279
       305
       103
       106
       306
       307
       315
       179
       180
       306
       307
       315
        21
        24
       308
       309
       892
        32
        33
       308
       309
       892
         3
         4
       310
       312
       868
       251
       253
       311
       313
       343
       310
       312
       313
       350
       868
       311
       312
       313
       343
       350
       295
       297
       314
       316
       322
       306
       307
       315
       316
       346
       314
       315
       316
       322
       346
        40
        42
       317
       318
       846
        87
        89
       317
       318
       846
       242
       244
       273
       276
       319
       217
       221
       302
       304
       320
       117
       118
       235
       236
       321
       233
       235
       314
       316
       322
       144
       145
       323
       326
       407
       270
       272
       324
       325
       406
       324
       325
       326
       406
       409
       323
       325
       326
       407
       409
       134
       135
       327
       329
       443
       132
       135
       328
       331
       433
       327
       329
       330
       443
       444
       329
       330
       331
       442
       444
       328
       330
       331
       433
       442
       168
       169
       332
       336
       386
       169
       170
       333
       334
       376
       333
       334
       335
       376
       378
       334
       335
       336
       378
       389
       332
       335
       336
       386
       389
         7
         8
       337
       339
       867
        95
        97
       338
       340
       402
       224
       225
       337
       339
       867
       223
       225
       338
       340
       402
       158
       160
       303
       304
       341
       160
       161
       342
       343
       349
       311
       313
       342
       343
       349
       157
       158
       217
       218
       344
        27
        28
       175
       176
       345
       173
       175
       315
       316
       346
        67
        70
       172
       173
       347
       159
       161
       258
       259
       348
       255
       259
       342
       343
       349
        13
        14
       312
       313
       350
        27
        29
       351
       353
       848
       109
       110
       174
       176
       352
       110
       111
       351
       353
       848
        47
        48
       202
       206
       354
       202
       203
       355
       356
       438
       284
       285
       355
       356
       438
       140
       141
       357
       360
       422
       139
       141
       358
       361
       382
       359
       360
       361
       420
       423
       357
       359
       360
       422
       423
       358
       359
       361
       382
       420
        50
        51
        81
        82
       362
       260
       262
       287
       289
       363
       149
       150
       364
       366
       399
       148
       149
       365
       367
       412
       152
       153
       364
       366
       399
       153
       156
       365
       367
       412
       184
       185
       368
       371
       435
       185
       186
       369
       370
       426
       187
       188
       369
       370
       426
       187
       191
       368
       371
       435
       164
       166
       372
       374
       414
       163
       166
       373
       375
       432
       195
       196
       372
       374
       414
       194
       196
       373
       375
       432
       157
       159
       333
       334
       376
       170
       171
       257
       258
       377
       218
       219
       334
       335
       378
       107
       109
       209
       211
       379
       172
       174
       208
       209
       380
        65
        66
       124
       126
       381
       123
       126
       358
       361
       382
       197
       198
       262
       264
       383
       197
       201
       289
       290
       384
       167
       168
       385
       387
       413
       198
       199
       332
       336
       386
       199
       200
       385
       387
       413
       261
       263
       274
       275
       388
       263
       264
       335
       336
       389
        43
        44
       114
       115
       390
        55
        57
       391
       393
       886
       118
       119
       226
       228
       392
       226
       227
       391
       393
       886
       222
       228
       234
       236
       394
        64
        66
       127
       129
       395
       124
       125
       129
       131
       396
       152
       154
       213
       215
       397
       212
       213
       398
       399
       425
       364
       366
       398
       399
       425
       145
       146
       400
       402
       408
       142
       146
       222
       223
       401
       338
       340
       400
       402
       408
        67
        68
        77
        78
       403
        78
        79
       207
       208
       404
       207
       210
       405
       406
       411
       324
       325
       405
       406
       411
       154
       155
       323
       326
       407
       155
       156
       400
       402
       408
       215
       216
       325
       326
       409
       214
       216
       410
       411
       429
       405
       406
       410
       411
       429
        97
        98
       365
       367
       412
       164
       165
       385
       387
       413
       200
       201
       372
       374
       414
       193
       195
       288
       290
       415
       239
       240
       246
       250
       416
       248
       250
       417
       418
       434
       283
       284
       417
       418
       434
       122
       123
       162
       163
       419
       162
       165
       359
       361
       420
       100
       101
       138
       140
       421
       256
       257
       357
       360
       422
       167
       171
       359
       360
       423
        18
        19
       267
       268
       424
       183
       186
       398
       399
       425
       212
       214
       369
       370
       426
       150
       151
       182
       183
       427
       188
       189
       428
       429
       440
       410
       411
       428
       429
       440
       122
       125
       133
       136
       430
       130
       131
       134
       136
       431
       132
       133
       373
       375
       432
       192
       194
       328
       331
       433
       190
       191
       417
       418
       434
       247
       248
       368
       371
       435
        35
        36
       205
       206
       436
        35
        38
        48
        49
       437
       189
       190
       355
       356
       438
       204
       205
       210
       211
       439
       203
       204
       428
       429
       440
       192
       193
       245
       249
       441
       247
       249
       330
       331
       442
       147
       151
       327
       329
       443
       182
       184
       329
       330
       444
        50
        52
       445
       446
       854
        71
        73
       445
       446
       854
        81
        83
       237
       239
       447
       245
       246
       286
       288
       448
        96
        98
       127
       128
       449
       128
       130
       147
       148
       450
        10
        11
        63
        64
       451
       452
       453
       455
       525
       526
       452
       453
       454
       525
       861
       453
       454
       455
       858
       861
       452
       454
       455
       526
       858
       456
       457
       458
       725
       897
       456
       457
       460
       896
       897
       456
       458
       459
       515
       725
       458
       459
       460
       515
       516
       457
       459
       460
       516
       896
       461
       462
       464
       888
       891
       461
       462
       465
       589
       888
       463
       464
       466
       772
       894
       461
       463
       464
       891
       894
       462
       465
       466
       589
       590
       463
       465
       466
       590
       772
       467
       468
       470
       870
       871
       467
       468
       471
       769
       870
       469
       470
       472
       584
       876
       467
       469
       470
       871
       876
       468
       471
       472
       585
       769
       469
       471
       472
       584
       585
       473
       474
       475
       572
       573
       473
       474
       476
       572
       702
       473
       475
       477
       573
       847
       474
       476
       477
       702
       802
       475
       476
       477
       802
       847
       478
       479
       481
       763
       796
       478
       479
       482
       591
       763
       480
       481
       482
       589
       910
       478
       480
       481
       796
       910
       479
       480
       482
       589
       591
       483
       484
       485
       520
       901
       483
       484
       487
       520
       521
       483
       485
       486
       832
       901
       485
       486
       487
       696
       832
       484
       486
       487
       521
       696
       488
       489
       493
       769
       873
       488
       489
       490
       593
       769
       489
       490
       492
       593
       594
       491
       492
       493
       718
       872
       490
       491
       492
       594
       718
       488
       491
       493
       872
       873
       494
       495
       498
       753
       899
       494
       495
       496
       597
       899
       495
       496
       497
       597
       598
       496
       497
       498
       598
       752
       494
       497
       498
       752
       753
       499
       500
       502
       903
       904
       499
       500
       501
       793
       903
       500
       501
       504
       777
       793
       499
       502
       503
       597
       904
       502
       503
       504
       597
       599
       501
       503
       504
       599
       777
       505
       506
       508
       714
       846
       505
       506
       509
       714
       715
       507
       508
       509
       758
       815
       505
       507
       508
       815
       846
       506
       507
       509
       715
       758
       510
       511
       512
       526
       527
       510
       511
       513
       526
       849
       510
       512
       514
       527
       699
       511
       513
       514
       815
       849
       512
       513
       514
       699
       815
       458
       459
       515
       517
       574
       459
       460
       516
       518
       860
       515
       517
       519
       573
       574
       516
       518
       519
       856
       860
       517
       518
       519
       573
       856
       483
       484
       520
       522
       909
       484
       487
       521
       524
       577
       520
       522
       523
       907
       909
       522
       523
       524
       576
       907
       521
       523
       524
       576
       577
       452
       453
       525
       530
       865
       452
       455
       510
       511
       526
       510
       512
       527
       529
       581
       528
       529
       530
       580
       869
       527
       528
       529
       580
       581
       525
       528
       530
       865
       869
       531
       532
       535
       765
       797
       531
       532
       533
       797
       798
       532
       533
       534
       798
       832
       533
       534
       535
       766
       832
       531
       534
       535
       765
       766
       536
       537
       538
       773
       774
       536
       537
       541
       756
       773
       536
       538
       539
       774
       898
       538
       539
       540
       725
       898
       539
       540
       541
       725
       726
       537
       540
       541
       726
       756
       542
       543
       545
       842
       905
       542
       543
       544
       660
       842
       543
       544
       547
       660
       661
       542
       545
       546
       793
       905
       545
       546
       547
       791
       793
       544
       546
       547
       661
       791
       548
       549
       551
       839
       853
       548
       549
       550
       809
       853
       549
       550
       553
       785
       809
       548
       551
       552
       664
       839
       551
       552
       553
       664
       665
       550
       552
       553
       665
       785
       554
       555
       556
       760
       852
       554
       555
       558
       747
       760
       554
       556
       557
       809
       852
       556
       557
       559
       809
       810
       555
       558
       559
       747
       748
       557
       558
       559
       748
       810
       560
       561
       562
       668
       731
       560
       561
       563
       731
       840
       560
       562
       565
       668
       669
       561
       563
       564
       840
       862
       563
       564
       565
       716
       862
       562
       564
       565
       669
       716
       566
       567
       570
       803
       850
       566
       567
       568
       761
       850
       567
       568
       569
       761
       762
       568
       569
       571
       762
       799
       566
       570
       571
       801
       803
       569
       570
       571
       799
       801
       473
       474
       572
       575
       703
       473
       475
       517
       519
       573
       515
       517
       574
       575
       726
       572
       574
       575
       703
       726
       523
       524
       576
       578
       754
       521
       524
       577
       579
       697
       576
       578
       579
       722
       754
       577
       578
       579
       697
       722
       528
       529
       580
       582
       719
       527
       529
       581
       583
       700
       580
       582
       583
       719
       720
       581
       582
       583
       700
       720
       469
       472
       584
       588
       843
       471
       472
       585
       587
       707
       586
       587
       588
       706
       727
       585
       586
       587
       706
       707
       584
       586
       588
       727
       843
       462
       465
       480
       482
       589
       465
       466
       590
       592
       710
       479
       482
       591
       592
       711
       590
       591
       592
       710
       711
       489
       490
       593
       596
       770
       490
       492
       594
       595
       720
       594
       595
       596
       720
       750
       593
       595
       596
       750
       770
       495
       496
       502
       503
       597
       496
       497
       598
       599
       778
       503
       504
       598
       599
       778
       600
       601
       604
       799
       800
       600
       601
       602
       735
       799
       601
       602
       603
       735
       736
       602
       603
       604
       736
       794
       600
       603
       604
       794
       800
       605
       606
       607
       756
       757
       605
       606
       609
       757
       788
       605
       607
       608
       756
       775
       607
       608
       609
       775
       776
       606
       608
       609
       776
       788
       610
       611
       612
       794
       795
       610
       611
       614
       765
       795
       610
       612
       613
       794
       805
       612
       613
       614
       767
       805
       611
       613
       614
       765
       767
       615
       616
       618
       740
       833
       615
       616
       619
       833
       834
       617
       618
       619
       739
       820
       615
       617
       618
       739
       740
       616
       617
       619
       820
       834
       620
       621
       623
       750
       771
       620
       621
       622
       750
       751
       621
       622
       624
       751
       813
       620
       623
       624
       771
       818
       622
       623
       624
       813
       818
       625
       626
       627
       752
       780
       625
       626
       629
       780
       828
       625
       627
       628
       722
       752
       627
       628
       629
       722
       723
       626
       628
       629
       723
       828
       630
       631
       634
       828
       829
       630
       631
       632
       829
       835
       631
       632
       633
       781
       835
       632
       633
       634
       781
       782
       630
       633
       634
       782
       828
       635
       636
       639
       825
       826
       635
       636
       637
       743
       825
       636
       637
       638
       743
       744
       637
       638
       639
       744
       836
       635
       638
       639
       826
       836
       640
       641
       644
       812
       822
       640
       641
       642
       808
       812
       641
       642
       643
       805
       808
       642
       643
       644
       805
       806
       640
       643
       644
       806
       822
       645
       646
       647
       824
       836
       645
       646
       649
       822
       824
       645
       647
       648
       781
       836
       647
       648
       649
       781
       783
       646
       648
       649
       783
       822
       650
       651
       652
       758
       814
       650
       651
       653
       758
       759
       650
       652
       654
       813
       814
       651
       653
       654
       759
       816
       652
       653
       654
       813
       816
       655
       656
       657
       747
       762
       655
       656
       658
       762
       800
       655
       657
       659
       747
       749
       656
       658
       659
       800
       808
       657
       658
       659
       749
       808
       543
       544
       660
       662
       844
       544
       547
       661
       663
       792
       660
       662
       663
       834
       844
       661
       662
       663
       792
       834
       551
       552
       664
       666
       841
       552
       553
       665
       667
       786
       664
       666
       667
       837
       841
       665
       666
       667
       786
       837
       560
       562
       668
       670
       732
       562
       565
       669
       671
       715
       668
       670
       671
       732
       759
       669
       670
       671
       715
       759
       672
       673
       674
       795
       797
       672
       673
       676
       790
       795
       672
       674
       675
       763
       797
       674
       675
       677
       763
       764
       673
       676
       677
       776
       790
       675
       676
       677
       764
       776
       678
       679
       680
       780
       829
       678
       679
       682
       778
       780
       678
       680
       681
       829
       833
       680
       681
       683
       792
       833
       679
       682
       683
       778
       779
       681
       682
       683
       779
       792
       684
       685
       686
       812
       824
       684
       685
       688
       824
       838
       684
       686
       687
       811
       812
       686
       687
       689
       787
       811
       685
       688
       689
       786
       838
       687
       688
       689
       786
       787
       690
       691
       694
       816
       818
       690
       691
       692
       816
       817
       691
       692
       693
       817
       825
       692
       693
       695
       821
       825
       690
       694
       695
       818
       819
       693
       694
       695
       819
       821
       486
       487
       696
       698
       830
       577
       579
       697
       698
       724
       696
       697
       698
       724
       830
       512
       514
       699
       701
       814
       581
       583
       700
       701
       751
       699
       700
       701
       751
       814
       474
       476
       702
       705
       801
       572
       575
       703
       704
       757
       703
       704
       705
       757
       789
       702
       704
       705
       789
       801
       586
       587
       706
       709
       728
       585
       587
       707
       708
       770
       707
       708
       709
       770
       771
       706
       708
       709
       728
       771
       590
       592
       710
       712
       773
       591
       592
       711
       713
       764
       710
       712
       713
       773
       775
       711
       712
       713
       764
       775
       505
       506
       714
       717
       845
       506
       509
       669
       671
       715
       564
       565
       716
       717
       857
       714
       716
       717
       845
       857
       491
       492
       718
       721
       875
       580
       582
       719
       721
       874
       582
       583
       594
       595
       720
       718
       719
       721
       874
       875
       578
       579
       627
       628
       722
       628
       629
       723
       724
       831
       697
       698
       723
       724
       831
       456
       458
       539
       540
       725
       540
       541
       574
       575
       726
       586
       588
       727
       730
       844
       706
       709
       728
       729
       819
       728
       729
       730
       819
       820
       727
       729
       730
       820
       844
       560
       561
       731
       733
       841
       668
       670
       732
       734
       817
       731
       733
       734
       827
       841
       732
       733
       734
       817
       827
       601
       602
       735
       738
       789
       602
       603
       736
       737
       790
       736
       737
       738
       788
       790
       735
       737
       738
       788
       789
       617
       618
       739
       741
       821
       615
       618
       740
       742
       835
       739
       741
       742
       821
       826
       740
       741
       742
       826
       835
       636
       637
       743
       746
       827
       637
       638
       744
       745
       838
       744
       745
       746
       837
       838
       743
       745
       746
       827
       837
       555
       558
       655
       657
       747
       558
       559
       748
       749
       811
       657
       659
       748
       749
       811
       595
       596
       620
       621
       750
       621
       622
       700
       701
       751
       497
       498
       625
       627
       752
       494
       498
       753
       755
       900
       576
       578
       754
       755
       908
       753
       754
       755
       900
       908
       537
       541
       605
       607
       756
       605
       606
       703
       704
       757
       507
       509
       650
       651
       758
       651
       653
       670
       671
       759
       554
       555
       760
       761
       851
       567
       568
       760
       761
       851
       568
       569
       655
       656
       762
       478
       479
       674
       675
       763
       675
       677
       711
       713
       764
       531
       535
       611
       614
       765
       534
       535
       766
       768
       830
       613
       614
       767
       768
       807
       766
       767
       768
       807
       830
       468
       471
       488
       489
       769
       593
       596
       707
       708
       770
       620
       623
       708
       709
       771
       463
       466
       772
       774
       895
       536
       537
       710
       712
       773
       536
       538
       772
       774
       895
       607
       608
       712
       713
       775
       608
       609
       676
       677
       776
       501
       504
       777
       779
       791
       598
       599
       679
       682
       778
       682
       683
       777
       779
       791
       625
       626
       678
       679
       780
       632
       633
       647
       648
       781
       633
       634
       782
       784
       831
       648
       649
       783
       784
       823
       782
       783
       784
       823
       831
       550
       553
       785
       787
       810
       665
       667
       688
       689
       786
       687
       689
       785
       787
       810
       606
       609
       737
       738
       788
       704
       705
       735
       738
       789
       673
       676
       736
       737
       790
       546
       547
       777
       779
       791
       661
       663
       681
       683
       792
       500
       501
       545
       546
       793
       603
       604
       610
       612
       794
       610
       611
       672
       673
       795
       478
       481
       796
       798
       902
       531
       532
       672
       674
       797
       532
       533
       796
       798
       902
       569
       571
       600
       601
       799
       600
       604
       656
       658
       800
       570
       571
       702
       705
       801
       476
       477
       802
       804
       848
       566
       570
       803
       804
       855
       802
       803
       804
       848
       855
       612
       613
       642
       643
       805
       643
       644
       806
       807
       823
       767
       768
       806
       807
       823
       641
       642
       658
       659
       808
       549
       550
       556
       557
       809
       557
       559
       785
       787
       810
       686
       687
       748
       749
       811
       640
       641
       684
       686
       812
       622
       624
       652
       654
       813
       650
       652
       699
       701
       814
       507
       508
       513
       514
       815
       653
       654
       690
       691
       816
       691
       692
       732
       734
       817
       623
       624
       690
       694
       818
       694
       695
       728
       729
       819
       617
       619
       729
       730
       820
       693
       695
       739
       741
       821
       640
       644
       646
       649
       822
       783
       784
       806
       807
       823
       645
       646
       684
       685
       824
       635
       636
       692
       693
       825
       635
       639
       741
       742
       826
       733
       734
       743
       746
       827
       626
       629
       630
       634
       828
       630
       631
       678
       680
       829
       696
       698
       766
       768
       830
       723
       724
       782
       784
       831
       485
       486
       533
       534
       832
       615
       616
       680
       681
       833
       616
       619
       662
       663
       834
       631
       632
       740
       742
       835
       638
       639
       645
       647
       836
       666
       667
       745
       746
       837
       685
       688
       744
       745
       838
       548
       551
       839
       840
       854
       561
       563
       839
       840
       854
       664
       666
       731
       733
       841
       542
       543
       842
       843
       906
       584
       588
       842
       843
       906
       660
       662
       727
       730
       844
        42
        43
       714
       717
       845
       317
       318
       505
       508
       846
        26
        29
       475
       477
       847
       351
       353
       802
       804
       848
        85
        87
       511
       513
       849
        38
        39
       566
       567
       850
        45
        49
       760
       761
       851
       299
       301
       554
       556
       852
        71
        72
       548
       549
       853
       445
       446
       839
       840
       854
       108
       111
       803
       804
       855
       104
       105
       518
       519
       856
       113
       114
       716
       717
       857
       291
       292
       454
       455
       858
        23
        24
       859
       860
       893
       516
       518
       859
       860
       893
         2
         6
       453
       454
       861
        52
        53
       563
       564
       862
        15
        16
       863
       878
       880
         3
         6
       864
       525
       530
       865
       224
       227
       866
       337
       339
       867
       310
       312
       868
       528
       530
       869
       467
       468
       870
       467
       470
       871
       491
       493
       872
       488
       493
       873
       719
       721
       874
       718
       721
       875
       469
       470
       876
        16
        19
       877
       863
       878
       880
        14
        15
       879
       863
       878
       880
       268
       269
       881
         8
         9
       882
       265
       269
       883
         9
        10
       884
        57
        60
       885
       391
       393
       886
        60
        61
       887
       461
       462
       888
        31
        32
       889
       229
       232
       890
       461
       464
       891
       308
       309
       892
       859
       860
       893
       463
       464
       894
       772
       774
       895
       457
       460
       896
       456
       457
       897
       538
       539
       898
       494
       495
       899
       753
       755
       900
       483
       485
       901
       796
       798
       902
       499
       500
       903
       499
       502
       904
       542
       545
       905
       842
       843
       906
       522
       523
       907
       754
       755
       908
       520
       522
       909
       480
       481
       910
