         2
         3
         4
        36
       269
       423
       525
       863
       864
         1
         3
         4
        28
        35
       219
       269
       270
       271
         1
         2
         4
       424
       863
       901
       908
         1
         2
         3
        26
       270
       897
       908
         6
         7
         8
         9
        71
        72
        73
        74
        75
         5
         7
         8
         9
        33
        71
       125
       126
       127
       128
         5
         6
         8
         9
       125
       501
       705
       860
       865
         5
         6
         7
         9
       500
       865
       912
       920
         5
         6
         7
         8
        72
       912
       913
        11
        12
        13
        14
        67
       893
       914
        10
        12
        13
        14
       887
       893
        10
        11
        13
        14
        48
       122
       887
       888
        10
        11
        12
        14
        47
        66
       122
       123
       124
        10
        11
        12
        13
        66
        67
        68
        69
        70
        16
        17
        18
        19
        76
       275
       881
       882
        15
        17
        18
        19
       881
       890
        15
        16
        18
        19
       129
       394
       413
       884
       890
        15
        16
        17
        19
        77
       129
       130
       131
       132
        15
        16
        17
        18
        76
        77
        78
        79
        21
        22
        23
        24
        30
       398
       450
       549
       859
       862
        20
        22
        23
        24
        32
       169
       350
       398
       399
        20
        21
        23
        24
        80
       168
       180
       306
       350
       351
       352
        20
        21
        22
        24
        81
       429
       553
       814
       861
       862
        20
        21
        22
        23
        80
        81
        82
        83
        26
        27
        28
        29
        84
       897
        25
        27
        28
        29
         4
       270
       897
       908
        25
        26
        28
        29
        84
        85
        86
        25
        26
        27
        29
         2
        35
       219
       269
       270
       271
        25
        26
        27
        28
        85
       133
       219
       220
       221
        31
        32
        33
        34
        20
       398
       450
       549
       859
       862
        30
        32
        33
        34
       127
       449
       704
       859
       860
        30
        31
        33
        34
        21
       169
       350
       398
       399
        30
        31
        32
        34
         6
        71
       125
       126
       127
       128
        30
        31
        32
        33
       126
       170
       300
       381
       396
       399
        36
        37
        38
        39
        40
         2
        28
       219
       269
       270
       271
        35
        37
        38
        39
        40
         1
       269
       423
       525
       863
       864
        35
        36
        38
        39
        40
       278
       457
       555
       855
       856
        35
        36
        37
        39
        40
       455
       527
       741
       856
       864
        35
        36
        37
        38
        40
       221
       235
       271
       277
       280
        35
        36
        37
        38
        39
        98
       234
       277
       278
       279
        42
        43
        44
        45
        46
       136
       137
       138
       139
       140
        41
        43
        44
        45
        46
       136
       431
       485
       857
       858
        41
        42
        44
        45
        46
       488
       556
       746
       854
       857
        41
        42
        43
        45
        46
        97
       279
       347
       557
       854
       855
        41
        42
        43
        44
        46
       137
       301
       302
       303
       304
       305
        41
        42
        43
        44
        45
        96
       283
       301
       347
       348
        48
        49
        50
        51
        52
        53
        13
        66
       122
       123
       124
        47
        49
        50
        51
        52
        53
        12
       122
       887
       888
        47
        48
        50
        51
        52
        53
        87
       123
       215
       227
       325
       336
       339
        47
        48
        49
        51
        52
        53
        87
        88
        89
        90
        47
        48
        49
        50
        52
        53
       885
       886
        47
        48
        49
        50
        51
        53
        88
       885
       889
        47
        48
        49
        50
        51
        52
       886
       888
        55
        56
        57
        58
        69
       124
       142
       226
       227
       228
        54
        56
        57
        58
        70
       226
       915
       917
        54
        55
        57
        58
       290
       917
       918
        54
        55
        56
        58
       112
       141
       290
       291
       292
        54
        55
        56
        57
       141
       142
       143
       144
        60
        61
        62
        79
       222
       272
       274
       275
       276
        59
        61
        62
       145
       224
       230
       272
       273
        59
        60
        62
       274
       866
        59
        60
        61
       145
       146
       147
        64
        65
       152
       187
       315
       316
       317
        63
        65
       146
       184
       229
       315
       365
        63
        64
       114
       148
       237
       316
       385
        14
        67
        68
        69
        70
        13
        47
       122
       123
       124
        14
        66
        68
        69
        70
        10
       893
       914
        14
        66
        67
        69
        70
       914
       915
        14
        66
        67
        68
        70
        54
       124
       142
       226
       227
       228
        14
        66
        67
        68
        69
        55
       226
       915
       917
         5
        72
        73
        74
        75
         6
        33
       125
       126
       127
       128
         5
        71
        73
        74
        75
         9
       912
       913
         5
        71
        72
        74
        75
       110
       374
       913
       916
         5
        71
        72
        73
        75
       111
       297
       373
       374
         5
        71
        72
        73
        74
       100
       128
       297
       298
       299
       300
        19
        77
        78
        79
        15
       275
       881
       882
        19
        76
        78
        79
        18
       129
       130
       131
       132
        19
        76
        77
        79
       130
       222
       223
       224
       225
        19
        76
        77
        78
        59
       222
       272
       274
       275
       276
        24
        81
        82
        83
        22
       168
       180
       306
       350
       351
       352
        24
        80
        82
        83
        23
       429
       553
       814
       861
       862
        24
        80
        81
        83
       139
       181
       351
       414
       417
        24
        80
        81
        82
       140
       417
       430
       858
       861
        27
        85
        86
        25
       897
        27
        84
        86
        29
       133
       219
       220
       221
        27
        84
        85
       133
       134
       135
        50
        88
        89
        90
        49
       123
       215
       227
       325
       336
       339
        50
        87
        89
        90
        52
       885
       889
        50
        87
        88
        90
       208
       324
       336
       337
       338
        50
        87
        88
        89
       337
       883
       889
        92
        93
        94
       240
       246
       294
       368
       377
       378
        91
        93
        94
       173
       245
       355
       377
       383
       386
        91
        92
        94
       150
       175
       333
       375
       383
       384
        91
        92
        93
       149
       239
       378
       384
       385
        96
        97
        98
        99
       165
       233
       243
       282
       283
       284
       285
        95
        97
        98
        99
        46
       283
       301
       347
       348
        95
        96
        98
        99
        44
       279
       347
       557
       854
       855
        95
        96
        97
        99
        40
       234
       277
       278
       279
        95
        96
        97
        98
       233
       234
       235
       236
       101
       102
       103
        75
       128
       297
       298
       299
       300
       100
       102
       103
       108
       298
       328
       343
       370
       373
       100
       101
       103
       201
       342
       370
       371
       372
       100
       101
       102
       263
       299
       371
       379
       380
       381
       105
       106
       107
       210
       288
       326
       344
       345
       346
       104
       106
       107
       225
       232
       273
       287
       326
       327
       104
       105
       107
       186
       211
       334
       344
       363
       364
       104
       105
       106
       183
       231
       327
       363
       365
       109
       110
       111
       112
       113
       101
       298
       328
       343
       370
       373
       108
       110
       111
       112
       113
       144
       291
       328
       329
       330
       108
       109
       111
       112
       113
        73
       374
       913
       916
       108
       109
       110
       112
       113
        74
       297
       373
       374
       108
       109
       110
       111
       113
        57
       141
       290
       291
       292
       108
       109
       110
       111
       112
       292
       916
       918
       115
       116
       117
        65
       148
       237
       316
       385
       114
       116
       117
       237
       238
       239
       240
       114
       115
       117
       118
       293
       331
       114
       115
       116
       238
       293
       294
       295
       296
       119
       120
       121
       116
       293
       331
       118
       120
       121
       167
       242
       285
       295
       331
       332
       118
       119
       121
       135
       241
       281
       118
       119
       120
       241
       242
       243
       244
        13
        47
        66
       123
       124
        12
        48
       887
       888
        13
        47
        66
       122
       124
        49
        87
       215
       227
       325
       336
       339
        13
        47
        66
       122
       123
        54
        69
       142
       226
       227
       228
         6
        33
        71
       126
       127
       128
         7
       501
       705
       860
       865
         6
        33
        71
       125
       127
       128
        34
       170
       300
       381
       396
       399
         6
        33
        71
       125
       126
       128
        31
       449
       704
       859
       860
         6
        33
        71
       125
       126
       127
        75
       100
       297
       298
       299
       300
        18
        77
       130
       131
       132
        17
       394
       413
       884
       890
        18
        77
       129
       131
       132
        78
       222
       223
       224
       225
        18
        77
       129
       130
       132
       197
       286
       392
       394
       395
        18
        77
       129
       130
       131
       223
       286
       287
       288
       289
        86
       134
       135
        29
        85
       219
       220
       221
        86
       133
       135
       220
       236
       244
       280
       281
       282
        86
       133
       134
       120
       241
       281
        41
       137
       138
       139
       140
        42
       431
       485
       857
       858
        41
       136
       138
       139
       140
        45
       301
       302
       303
       304
       305
        41
       136
       137
       139
       140
       158
       178
       302
       369
       414
       415
        41
       136
       137
       138
       140
        82
       181
       351
       414
       417
        41
       136
       137
       138
       139
        83
       417
       430
       858
       861
        58
       142
       143
       144
        57
       112
       290
       291
       292
        58
       141
       143
       144
        54
        69
       124
       226
       227
       228
        58
       141
       142
       144
       214
       228
       329
       339
       340
        58
       141
       142
       143
       109
       291
       328
       329
       330
        62
       146
       147
        60
       224
       230
       272
       273
        62
       145
       147
        64
       184
       229
       315
       365
        62
       145
       146
       229
       230
       231
       232
       149
       150
       151
       152
        65
       114
       237
       316
       385
       148
       150
       151
       152
        94
       239
       378
       384
       385
       148
       149
       151
       152
        93
       175
       333
       375
       383
       384
       148
       149
       150
       152
       185
       317
       333
       334
       335
       148
       149
       150
       151
        63
       187
       315
       316
       317
       154
       155
       156
       157
       191
       260
       387
       407
       408
       153
       155
       156
       157
       262
       311
       387
       388
       389
       153
       154
       156
       157
       310
       311
       312
       313
       314
       153
       154
       155
       157
       268
       309
       310
       397
       405
       406
       153
       154
       155
       156
       192
       265
       391
       405
       407
       159
       160
       161
       162
       138
       178
       302
       369
       414
       415
       158
       160
       161
       162
       179
       314
       403
       415
       416
       158
       159
       161
       162
       312
       353
       389
       403
       404
       158
       159
       160
       162
       248
       353
       354
       355
       356
       158
       159
       160
       161
       247
       303
       354
       367
       369
       164
       165
       166
       167
       249
       296
       332
       366
       368
       163
       165
       166
       167
       250
       304
       349
       366
       367
       163
       164
       166
       167
        95
       233
       243
       282
       283
       284
       285
       163
       164
       165
       167
       284
       305
       348
       349
       163
       164
       165
       166
       119
       242
       285
       295
       331
       332
       169
       170
       171
       172
        22
        80
       180
       306
       350
       351
       352
       168
       170
       171
       172
        21
        32
       350
       398
       399
       168
       169
       171
       172
        34
       126
       300
       381
       396
       399
       168
       169
       170
       172
       306
       307
       308
       309
       168
       169
       170
       171
       267
       307
       380
       396
       397
       174
       175
       176
       177
        92
       245
       355
       377
       383
       386
       173
       175
       176
       177
       261
       356
       386
       388
       402
       404
       173
       174
       176
       177
        93
       150
       333
       375
       383
       384
       173
       174
       175
       177
       212
       257
       376
       400
       402
       173
       174
       175
       176
       213
       335
       364
       375
       376
       179
       180
       181
       182
       138
       158
       302
       369
       414
       415
       178
       180
       181
       182
       159
       314
       403
       415
       416
       178
       179
       181
       182
        22
        80
       168
       306
       350
       351
       352
       178
       179
       180
       182
        82
       139
       351
       414
       417
       178
       179
       180
       181
       308
       313
       352
       406
       416
       184
       185
       186
       187
       107
       231
       327
       363
       365
       183
       185
       186
       187
        64
       146
       229
       315
       365
       183
       184
       186
       187
       151
       317
       333
       334
       335
       183
       184
       185
       187
       106
       211
       334
       344
       363
       364
       183
       184
       185
       186
        63
       152
       315
       316
       317
       189
       190
       191
       192
       254
       266
       359
       382
       390
       391
       188
       190
       191
       192
       253
       321
       390
       409
       410
       188
       189
       191
       192
       259
       322
       401
       408
       409
       188
       189
       190
       192
       153
       260
       387
       407
       408
       188
       189
       190
       191
       157
       265
       391
       405
       407
       194
       195
       196
       197
       256
       319
       362
       410
       411
       193
       195
       196
       197
       206
       361
       395
       411
       412
       413
       193
       194
       196
       197
       289
       318
       346
       392
       393
       193
       194
       195
       197
       318
       319
       320
       321
       322
       193
       194
       195
       196
       131
       286
       392
       394
       395
       199
       200
       201
       202
       217
       330
       340
       341
       342
       343
       198
       200
       201
       202
       203
       218
       252
       323
       341
       357
       360
       198
       199
       201
       202
       264
       358
       372
       379
       382
       198
       199
       200
       202
       102
       342
       370
       371
       372
       198
       199
       200
       201
       251
       357
       358
       359
       204
       205
       206
       207
       208
       199
       218
       252
       323
       341
       357
       360
       203
