         1
        11
        20
        28
        39
        48
        58
        69
        77
        84
        94
       105
       114
       126
       136
       145
       154
       164
       175
       185
       195
       204
       213
       222
       230
       239
       249
       259
       269
       278
       287
       294
       301
       310
       319
       328
       338
       347
       357
       366
       376
       385
       394
       403
       412
       421
       430
       440
       449
       459
       470
       480
       489
       498
       507
       519
       529
       538
       549
       560
       568
       577
       587
       596
       606
       616
       625
       635
       646
       653
       662
       672
       683
       695
       704
       714
       724
       735
       745
       754
       761
       771
       780
       789
       797
       808
       818
       829
       839
       850
       859
       868
       878
       886
       895
       905
       915
       925
       935
       945
       954
       963
       972
       983
       993
      1004
      1015
      1026
      1036
      1046
      1057
      1066
      1077
      1087
      1097
      1107
      1117
      1126
      1135
      1145
      1153
      1162
      1172
      1181
      1190
      1199
      1209
      1219
      1229
      1238
      1248
      1257
      1266
      1276
      1286
      1295
      1304
      1314
      1323
      1333
      1342
      1351
      1363
      1371
      1380
      1389
      1398
      1408
      1418
      1427
      1436
      1445
      1454
      1463
      1472
      1481
      1491
      1500
      1509
      1519
      1529
      1537
      1546
      1556
      1565
      1575
      1584
      1594
      1603
      1612
      1622
      1631
      1642
      1652
      1661
      1671
      1681
      1690
      1699
      1709
      1718
      1727
      1736
      1745
      1755
      1764
      1773
      1782
      1792
      1801
      1810
      1819
      1828
      1837
      1846
      1856
      1865
      1874
      1883
      1892
      1901
      1911
      1921
      1930
      1940
      1950
      1959
      1969
      1980
      1989
      1999
      2009
      2018
      2027
      2037
      2046
      2055
      2064
      2073
      2083
      2092
      2101
      2115
      2126
      2135
      2147
      2159
      2168
      2179
      2187
      2197
      2207
      2215
      2225
      2237
      2246
      2255
      2266
      2275
      2285
      2294
      2303
      2313
      2322
      2331
      2341
      2352
      2363
      2373
      2383
      2393
      2403
      2412
      2422
      2431
      2442
      2452
      2462
      2473
      2482
      2493
      2503
      2513
      2524
      2534
      2545
      2557
      2568
      2578
      2586
      2596
      2608
      2617
      2628
      2638
      2649
      2659
      2669
      2679
      2690
      2699
      2709
      2719
      2729
      2739
      2750
      2761
      2772
      2782
      2792
      2803
      2812
      2823
      2833
      2843
      2853
      2862
      2872
      2882
      2892
      2903
      2914
      2924
      2935
      2945
      2956
      2968
      2979
      2988
      2996
      3005
      3017
      3027
      3039
      3049
      3060
      3071
      3082
      3094
      3105
      3115
      3125
      3136
      3146
      3157
      3167
      3177
      3188
      3198
      3208
      3219
      3229
      3239
      3250
      3260
      3271
      3281
      3290
      3302
      3311
      3322
      3333
      3343
      3355
      3365
      3377
      3389
      3402
      3412
      3422
      3432
      3443
      3454
      3464
      3475
      3486
      3497
      3507
      3518
      3529
      3539
      3549
      3562
      3573
      3583
      3594
      3604
      3615
      3626
      3636
      3647
      3657
      3667
      3678
      3689
      3699
      3710
      3721
      3732
      3743
      3755
      3766
      3777
      3787
      3798
      3809
      3819
      3829
      3840
      3851
      3861
      3870
      3881
      3890
      3903
      3914
      3924
      3934
      3944
      3954
      3964
      3977
      3988
      4003
      4016
      4028
      4039
      4049
      4060
      4070
      4081
      4092
      4104
      4115
      4126
      4137
      4148
      4158
      4168
      4179
      4190
      4200
      4210
      4221
      4230
      4240
      4251
      4261
      4272
      4284
      4295
      4306
      4317
      4327
      4337
      4348
      4359
      4370
      4380
      4392
      4403
      4413
      4424
      4435
      4446
      4458
      4470
      4483
      4494
      4506
      4518
      4529
      4539
      4547
      4554
      4563
      4571
      4577
      4586
      4595
      4603
      4610
      4619
      4627
      4634
      4644
      4655
      4662
      4671
      4680
      4687
      4698
      4708
      4717
      4726
      4736
      4746
      4755
      4765
      4774
      4782
      4789
      4798
      4805
      4814
      4823
      4832
      4841
      4850
      4861
      4870
      4878
      4889
      4896
      4903
      4911
      4919
      4929
      4940
      4947
      4956
      4965
      4974
      4983
      4993
      5002
      5012
      5022
      5032
      5041
      5052
      5062
      5071
      5081
      5091
      5101
      5110
      5120
      5130
      5141
      5149
      5159
      5166
      5175
      5184
      5196
      5209
      5221
      5232
      5243
      5252
      5261
      5271
      5280
      5289
      5298
      5309
      5319
      5327
      5336
      5346
      5357
      5365
      5376
      5385
      5394
      5403
      5413
      5423
      5434
      5443
      5454
      5463
      5473
      5483
      5494
      5505
      5514
      5523
      5533
      5543
      5554
      5563
      5573
      5583
      5594
      5604
      5615
      5626
      5636
      5647
      5658
      5668
      5679
      5689
      5700
      5708
      5717
      5728
      5737
      5745
      5754
      5764
      5774
      5783
      5794
      5804
      5813
      5824
      5833
      5844
      5854
      5863
      5873
      5883
      5893
      5902
      5910
      5920
      5929
      5938
      5948
      5956
      5966
      5977
      5987
      5996
      6005
      6014
      6023
      6033
      6042
      6053
      6062
      6071
      6081
      6090
      6100
      6108
      6117
      6126
      6136
      6145
      6155
      6164
      6174
      6183
      6194
      6203
      6212
      6221
      6231
      6242
      6251
      6260
      6269
      6279
      6287
      6297
      6308
      6317
      6327
      6338
      6347
      6356
      6366
      6375
      6386
      6395
      6404
      6414
      6423
      6432
      6442
      6451
      6461
      6470
      6478
      6489
      6499
      6509
      6518
      6527
      6536
      6546
      6555
      6564
      6573
      6582
      6592
      6602
      6611
      6621
      6632
      6643
      6653
      6663
      6673
      6683
      6694
      6705
      6715
      6725
      6735
      6745
      6756
      6767
      6777
      6787
      6797
      6807
      6818
      6829
      6839
      6850
      6861
      6871
      6881
      6893
      6904
      6915
      6925
      6936
      6947
      6957
      6968
      6977
      6987
      6996
      7006
      7016
      7025
      7034
      7043
      7054
      7065
      7076
      7087
      7096
      7106
      7118
      7126
      7138
      7148
      7160
      7169
      7180
      7191
      7202
      7213
      7223
      7234
      7245
      7255
      7266
      7276
      7286
      7295
      7304
      7314
      7324
      7333
      7344
      7354
      7364
      7373
      7382
      7392
      7401
      7411
      7422
      7433
      7446
      7456
      7467
      7476
      7487
      7498
      7509
      7520
      7531
      7543
      7554
      7565
      7575
      7585
      7595
      7605
      7617
      7627
      7638
      7649
      7658
      7669
      7678
      7688
      7698
      7707
      7718
      7728
      7739
      7751
      7761
      7771
      7783
      7792
      7802
      7812
      7822
      7833
      7844
      7853
      7863
      7871
      7884
      7895
      7904
      7915
      7926
      7937
      7949
      7961
      7972
      7983
      7993
      8005
      8015
      8027
      8040
      8050
      8059
      8070
      8081
      8091
      8102
      8114
      8125
      8137
      8148
      8160
      8171
      8182
      8192
      8204
      8215
      8226
      8238
      8249
      8259
      8270
      8282
      8294
      8304
      8315
      8325
      8338
      8351
      8361
      8372
      8383
      8394
      8405
      8414
      8424
      8435
      8445
      8456
      8467
      8476
      8488
      8499
      8510
      8521
      8532
      8542
      8551
      8562
      8572
      8582
      8591
      8600
      8609
      8619
      8625
      8633
      8640
      8646
      8652
      8659
      8665
      8671
      8675
      8680
      8686
      8692
      8697
      8703
      8710
      8714
      8721
      8725
      8731
      8736
      8743
      8750
      8755
      8761
      8766
      8772
      8778
      8784
      8788
      8795
      8803
      8808
      8814
      8820
      8826
      8833
      8840
      8845
      8853
      8861
      8867
      8873
      8880
      8887
      8893
      8899
      8904
      8911
