         2
         3
         4
         5
         6
        86
        91
       291
       292
       293
         1
         3
         4
         5
         6
       291
       454
       858
       861
         1
         2
         4
         5
         6
       310
       864
       868
         1
         2
         3
         5
         6
        92
       251
       310
       311
       312
       313
         1
         2
         3
         4
         6
        91
        92
        93
        94
         1
         2
         3
         4
         5
       453
       525
       861
       864
       865
         8
         9
        10
        11
        12
        95
       225
       337
       338
       339
       340
         7
         9
        10
        11
        12
       337
       867
       882
         7
         8
        10
        11
        12
       882
       884
         7
         8
         9
        11
        12
        63
       265
       451
       883
       884
         7
         8
         9
        10
        12
        64
        96
       127
       395
       449
       451
         7
         8
         9
        10
        11
        95
        96
        97
        98
        14
        15
        16
        17
        18
        19
        99
       255
       313
       343
       349
       350
        13
        15
        16
        17
        18
        19
       312
       350
       868
       879
        13
        14
        16
        17
        18
        19
       863
       879
       880
        13
        14
        15
        17
        18
        19
       863
       877
       878
        13
        14
        15
        16
        18
        19
        99
       100
       101
       102
        13
        14
        15
        16
        17
        19
       100
       138
       267
       421
       424
        13
        14
        15
        16
        17
        18
       268
       424
       877
       881
        21
        22
        23
        24
       103
       179
       279
       305
       306
       307
        20
        22
        23
        24
        33
       277
       305
       308
       309
        20
        21
        23
        24
        25
       103
       104
       105
       106
        20
        21
        22
        24
       104
       518
       856
       859
       860
        20
        21
        22
        23
       308
       859
       892
       893
        26
        27
        28
        29
        22
       103
       104
       105
       106
        25
        27
        28
        29
       105
       475
       519
       573
       847
       856
        25
        26
        28
        29
       110
       176
       345
       351
       352
       353
        25
        26
        27
        29
       106
       175
       306
       315
       345
       346
        25
        26
        27
        28
       351
       477
       802
       847
       848
        31
        32
        33
        34
        58
       229
       230
       231
       232
        30
        32
        33
        34
       229
       889
       890
        30
        31
        33
        34
       309
       889
       892
        30
        31
        32
        34
        21
       277
       305
       308
       309
        30
        31
        32
        33
       178
       230
       277
       278
       279
        36
        37
        38
        39
        48
       206
       354
       436
       437
        35
        37
        38
        39
       107
       205
       211
       379
       436
       439
        35
        36
        38
        39
       107
       108
       109
       110
       111
        35
        36
        37
        39
        49
       437
       567
       761
       850
       851
        35
        36
        37
        38
       108
       566
       803
       850
       855
        41
        42
        43
        44
        89
       242
       273
       317
       318
       319
        40
        42
        43
        44
       220
       273
       274
       275
       276
        40
        41
        43
        44
       317
       505
       714
       845
       846
        40
        41
        42
        44
       114
       390
       717
       845
       857
        40
        41
        42
        43
       115
       261
       274
       388
       390
        46
        47
        48
        49
       299
       554
       760
       851
       852
        45
        47
        48
        49
        76
       282
       299
       300
       301
        45
        46
        48
        49
       202
       285
       300
       354
       355
       356
        45
        46
        47
        49
        35
       206
       354
       436
       437
        45
        46
        47
        48
        38
       437
       567
       761
       850
       851
        51
        52
        53
        54
        73
        81
       237
       362
       445
       446
       447
        50
        52
        53
        54
        82
       112
       260
       287
       362
       363
        50
        51
        53
        54
       445
       563
       840
       854
       862
        50
        51
        52
        54
       113
       564
       716
       857
       862
        50
        51
        52
        53
       112
       113
       114
       115
       116
        56
        57
        58
        59
        60
        61
       119
       226
       298
       391
       392
       393
        55
        57
        58
        59
        60
        61
       120
       280
       296
       298
        55
        56
        58
        59
        60
        61
       391
       885
       886
        55
        56
        57
        59
        60
        61
        30
       229
       230
       231
       232
        55
        56
        57
        58
        60
        61
       177
       231
       278
       280
       281
        55
        56
        57
        58
        59
        61
       885
       887
        55
        56
        57
        58
        59
        60
       232
       887
       890
        63
        64
        65
        66
       137
       265
       266
       267
       268
       269
        62
        64
        65
        66
        10
       265
       451
       883
       884
        62
        63
        65
        66
        11
        96
       127
       395
       449
       451
        62
        63
        64
        66
       126
       139
       266
       358
       381
       382
        62
        63
        64
        65
       124
       129
       381
       395
       396
        68
        69
        70
        78
       172
       208
       347
       380
       403
       404
        67
        69
        70
        77
       142
       222
       234
       271
       394
       401
       403
        67
        68
        70
       233
       234
       235
       236
        67
        68
        69
       173
       233
       316
       322
       346
       347
        72
        73
        74
        75
        76
       446
       548
       839
       853
       854
        71
        73
        74
        75
        76
       301
       549
       556
       809
       852
       853
        71
        72
        74
        75
        76
        50
        81
       237
       362
       445
       446
       447
        71
        72
        73
        75
        76
       237
       238
       239
       240
        71
        72
        73
        74
        76
       238
       282
       283
       284
       285
        71
        72
        73
        74
        75
        46
       282
       299
       300
       301
        78
        79
        80
        68
       142
       222
       234
       271
       394
       401
       403
        77
        79
        80
        67
       172
       208
       347
       380
       403
       404
        77
        78
        80
       207
       270
       324
       404
       405
       406
        77
        78
        79
       143
       270
       271
       272
        82
        83
        84
        50
        73
       237
       362
       445
       446
       447
        81
        83
        84
        51
       112
       260
       287
       362
       363
        81
        82
        84
       239
       246
       286
       416
       447
       448
        81
        82
        83
       286
       287
       288
       289
       290
        86
        87
        88
        89
        90
       292
       455
       511
       526
       849
       858
        85
        87
        88
        89
        90
         1
        91
       291
       292
       293
        85
        86
        88
        89
        90
       318
       508
       513
       815
       846
       849
        85
        86
        87
        89
        90
        94
       241
       252
       293
       294
        85
        86
        87
        88
        90
        40
       242
       273
       317
       318
       319
        85
        86
        87
        88
        89
       241
       242
       243
       244
         5
        92
        93
        94
         1
        86
       291
       292
       293
         5
        91
        93
        94
         4
       251
       310
       311
       312
       313
         5
        91
        92
        94
       251
       252
       253
       254
         5
        91
        92
        93
        88
       241
       252
       293
       294
        12
        96
        97
        98
         7
       225
       337
       338
       339
       340
        12
        95
        97
        98
        11
        64
       127
       395
       449
       451
        12
        95
        96
        98
       156
       338
       367
       402
       408
       412
        12
        95
        96
        97
       128
       148
       365
       412
       449
       450
        17
       100
       101
       102
        13
       255
       313
       343
       349
       350
        17
        99
       101
       102
        18
       138
       267
       421
       424
        17
        99
       100
       102
       140
       256
       357
       421
       422
        17
        99
       100
       101
       255
       256
       257
       258
       259
        22
        25
       104
       105
       106
        20
       179
       279
       305
       306
       307
        22
        25
       103
       105
       106
        23
       518
       856
       859
       860
        22
        25
       103
       104
       106
        26
       475
       519
       573
       847
       856
        22
        25
       103
       104
       105
        28
       175
       306
       315
       345
       346
        37
       108
       109
       110
       111
        36
       205
       211
       379
       436
       439
        37
       107
       109
       110
       111
        39
       566
       803
       850
       855
        37
       107
       108
       110
       111
       174
       209
       352
       379
       380
        37
       107
       108
       109
       111
        27
       176
       345
       351
       352
       353
        37
       107
       108
       109
       110
       353
       804
       848
       855
        54
       113
       114
       115
       116
        51
        82
       260
       287
       362
       363
        54
       112
       114
       115
       116
        53
       564
       716
       857
       862
        54
       112
       113
       115
       116
        43
       390
       717
       845
       857
        54
       112
       113
       114
       116
        44
       261
       274
       388
       390
        54
       112
       113
       114
       115
       260
       261
       262
       263
       264
       118
       119
       120
       121
       235
       295
       314
       321
       322
       117
       119
       120
       121
       228
       236
       321
       392
       394
       117
       118
       120
       121
        55
       226
       298
       391
       392
       393
       117
       118
       119
       121
        56
       280
       296
       298
       117
       118
       119
       120
       181
       281
       295
       296
       297
       123
       124
       125
       126
       133
       163
       373
       419
       430
       432
       122
       124
       125
       126
       162
       361
       382
       419
       420
       122
       123
       125
       126
        66
       129
       381
       395
       396
       122
       123
       124
       126
       131
       136
       396
       430
       431
       122
       123
       124
       125
        65
       139
       266
       358
       381
       382
       128
       129
       130
       131
        11
        64
        96
       395
       449
       451
       127
       129
       130
       131
        98
       148
       365
       412
       449
       450
       127
       128
       130
       131
        66
       124
       381
       395
       396
       127
       128
       129
       131
       134
       147
       327
       431
       443
       450
       127
       128
       129
       130
       125
       136
       396
       430
       431
       133
       134
       135
       136
       194
       328
       375
       432
       433
       132
       134
       135
       136
       122
       163
       373
       419
       430
       432
       132
       133
       135
       136
       130
       147
       327
       431
       443
       450
       132
       133
       134
       136
       327
       328
       329
       330
       331
       132
       133
       134
       135
       125
       131
       396
       430
       431
       138
       139
       140
       141
        62
       265
       266
       267
       268
       269
       137
       139
       140
       141
        18
       100
       267
       421
       424
       137
       138
       140
       141
        65
       126
       266
       358
       381
       382
       137
       138
       139
       141
       101
       256
       357
       421
       422
       137
       138
       139
       140
       357
       358
       359
       360
       361
       143
       144
       145
       146
        68
        77
       222
       234
       271
       394
       401
       403
       142
       144
       145
       146
        80
       270
       271
       272
       142
       143
       145
       146
       272
       323
       324
       325
       326
       142
       143
       144
       146
       155
       323
       400
       407
       408
       142
       143
       144
       145
       223
       340
       400
       401
       402
       148
       149
       150
       151
       130
       134
       327
       431
       443
       450
       147
       149
       150
       151
        98
       128
       365
       412
       449
       450
       147
       148
       150
       151
       153
       364
       365
       366
       367
       147
       148
       149
       151
       183
       364
       399
       425
       427
       147
       148
       149
       150
       182
       329
       427
       443
       444
       153
       154
       155
       156
       213
       366
       397
       398
       399
       152
       154
       155
       156
       149
       364
       365
       366
       367
       152
       153
       155
       156
       215
       326
       397
       407
       409
       152
       153
       154
       156
       145
       323
       400
       407
       408
       152
       153
       154
       155
        97
       338
       367
       402
       408
       412
       158
       159
       160
       161
       218
       334
       344
       376
       378
       157
       159
       160
       161
       217
       304
       320
       341
       344
       157
       158
       160
       161
       170
       258
       333
       348
       376
       377
       157
       158
       159
       161
       253
       303
       311
       341
       342
       343
       157
       158
       159
       160
       259
       342
       348
       349
       163
       164
       165
       166
       123
       361
       382
       419
       420
       162
       164
       165
       166
       122
       133
       373
       419
       430
       432
       162
       163
       165
       166
       200
       372
       387
       413
       414
       162
       163
       164
       166
       167
       359
       385
       413
       420
       423
       162
       163
       164
       165
       196
       372
       373
       374
       375
       168
       169
       170
       171
       165
       359
       385
       413
       420
       423
       167
       169
       170
       171
       199
       332
       385
       386
       387
       167
       168
       170
       171
       332
       333
       334
       335
       336
       167
       168
       169
       171
       159
       258
       333
       348
       376
       377
       167
       168
       169
       170
       257
       360
       377
       422
       423
       173
       174
       175
       176
        67
        78
       208
       347
       380
       403
       404
       172
       174
       175
       176
        70
       233
       316
       322
       346
       347
       172
       173
       175
       176
       109
       209
       352
       379
       380
       172
       173
       174
       176
        28
       106
       306
       315
       345
       346
       172
       173
       174
       175
        27
       110
       345
       351
       352
       353
       178
       179
       180
       181
        59
       231
       278
       280
       281
       177
       179
       180
       181
        34
       230
       277
       278
       279
       177
       178
       180
       181
        20
       103
       279
       305
       306
       307
       177
       178
       179
       181
       297
       307
       314
       315
       316
       177
       178
       179
       180
       121
       281
       295
       296
       297
       183
       184
       185
       186
       151
       329
       427
       443
       444
       182
       184
       185
       186
       150
       364
       399
       425
       427
       182
       183
       185
       186
       247
       330
       368
       435
       442
       444
       182
       183
       184
       186
       187
       368
       369
       370
       371
       182
       183
       184
       185
       212
       369
       398
       425
       426
       188
       189
       190
       191
       185
       368
       369
       370
       371
       187
       189
       190
       191
       214
       370
       410
       426
       428
       429
       187
       188
       190
       191
       203
       355
       428
       438
       440
       187
       188
       189
       191
       284
       356
       418
       434
       438
       187
       188
       189
       190
       248
       371
       417
       434
       435
       193
       194
       195
       196
       249
       331
       433
       441
       442
       192
       194
       195
       196
       245
       288
       415
       441
       448
       192
       193
       195
       196
       132
       328
       375
       432
       433
       192
       193
       194
       196
       201
       290
       374
       384
       414
       415
       192
       193
       194
       195
       166
       372
       373
       374
       375
       198
       199
       200
       201
       262
       289
       363
       383
       384
       197
       199
       200
       201
       264
       336
       383
       386
       389
       197
       198
       200
       201
       168
       332
       385
       386
       387
       197
       198
       199
       201
       164
       372
       387
       413
       414
       197
       198
       199
       200
       195
       290
       374
       384
       414
       415
       203
       204
       205
       206
        47
       285
       300
       354
       355
       356
       202
       204
       205
       206
       189
       355
       428
       438
       440
       202
       203
       205
       206
       210
       405
       411
       429
       439
       440
       202
       203
       204
       206
        36
       107
       211
       379
       436
       439
       202
       203
       204
       205
        35
        48
       354
       436
       437
       208
       209
       210
       211
        79
       270
       324
       404
       405
       406
       207
       209
       210
       211
        67
        78
       172
       347
       380
       403
       404
       207
       208
       210
       211
       109
       174
       352
       379
       380
       207
       208
       209
       211
       204
       405
       411
       429
       439
       440
       207
       208
       209
       210
        36
       107
       205
       379
       436
       439
       213
       214
       215
       216
       186
       369
       398
       425
       426
       212
       214
       215
       216
       152
       366
       397
       398
       399
       212
       213
       215
       216
       188
       370
       410
       426
       428
       429
       212
       213
       214
       216
       154
       326
       397
       407
       409
       212
       213
       214
       215
       325
       406
       409
       410
       411
       218
       219
       220
       221
       158
       304
       320
       341
       344
       217
       219
       220
       221
       157
       334
       344
       376
       378
       217
       218
       220
       221
       263
       275
       335
       378
       388
       389
       217
       218
       219
       221
        41
       273
       274
       275
       276
       217
       218
       219
       220
       244
       276
       302
       319
       320
       223
       224
       225
       226
       227
       228
        68
        77
       142
       234
       271
       394
       401
       403
       222
       224
       225
       226
       227
       228
       146
       340
       400
       401
       402
       222
       223
       225
       226
       227
       228
       339
       866
       867
       222
       223
       224
       226
       227
       228
         7
        95
       337
       338
       339
       340
       222
       223
       224
       225
       227
       228
        55
       119
       298
       391
       392
       393
       222
       223
       224
       225
       226
       228
       393
       866
       886
       222
       223
       224
       225
       226
       227
       118
       236
       321
       392
       394
        30
        58
       230
       231
       232
        31
       889
       890
        30
        58
       229
       231
       232
        34
       178
       277
       278
       279
        30
        58
       229
       230
       232
        59
       177
       278
       280
       281
        30
        58
       229
       230
       231
        61
       887
       890
        69
       234
       235
       236
        70
       173
       316
       322
       346
       347
        69
       233
       235
       236
        68
        77
       142
       222
       271
       394
       401
       403
        69
       233
       234
       236
       117
       295
       314
       321
       322
        69
       233
       234
       235
       118
       228
       321
       392
       394
        74
       238
       239
       240
        50
        73
        81
       362
       445
       446
       447
        74
       237
       239
       240
        75
       282
       283
       284
       285
        74
       237
       238
       240
        83
       246
       286
       416
       447
       448
        74
       237
       238
       239
       250
       283
       416
       417
       418
        90
       242
       243
       244
        88
        94
       252
       293
       294
        90
       241
       243
       244
        40
        89
       273
       317
       318
       319
        90
       241
       242
       244
       254
       294
       302
       303
       304
        90
       241
       242
       243
       221
       276
       302
       319
       320
       246
       247
       248
       249
       250
       193
       288
       415
       441
       448
       245
       247
       248
       249
       250
        83
       239
       286
       416
       447
       448
       245
       246
       248
       249
       250
       184
       330
       368
       435
       442
       444
       245
       246
       247
       249
       250
       191
       371
       417
       434
       435
       245
       246
       247
       248
       250
       192
       331
       433
       441
       442
       245
       246
       247
       248
       249
       240
       283
       416
       417
       418
        93
       252
       253
       254
         4
        92
       310
       311
       312
       313
        93
       251
       253
       254
        88
        94
       241
       293
       294
        93
       251
       252
       254
       160
       303
       311
       341
       342
       343
        93
       251
       252
       253
       243
       294
       302
       303
       304
       102
       256
       257
       258
       259
        13
        99
       313
       343
       349
       350
       102
       255
       257
       258
       259
       101
       140
       357
       421
       422
       102
       255
       256
       258
       259
       171
       360
       377
       422
       423
       102
       255
       256
       257
       259
       159
       170
       333
       348
       376
       377
       102
       255
       256
       257
       258
       161
       342
       348
       349
       116
       261
       262
       263
       264
        51
        82
       112
       287
       362
       363
       116
       260
       262
       263
       264
        44
       115
       274
       388
       390
       116
       260
       261
       263
       264
       197
       289
       363
       383
       384
       116
       260
       261
       262
       264
       219
       275
       335
       378
       388
       389
       116
       260
       261
       262
       263
       198
       336
       383
       386
       389
        62
       137
       266
       267
       268
       269
        10
        63
       451
       883
       884
        62
       137
       265
       267
       268
       269
        65
       126
       139
       358
       381
       382
        62
       137
       265
       266
       268
       269
        18
       100
       138
       421
       424
        62
       137
       265
       266
       267
       269
        19
       424
       877
       881
        62
       137
       265
       266
       267
       268
       881
       883
        80
       143
       271
       272
        79
       207
       324
       404
       405
       406
        80
       143
       270
       272
        68
        77
       142
       222
       234
       394
       401
       403
        80
       143
       270
       271
       144
       323
       324
       325
       326
        41
       220
       274
       275
       276
        40
        89
       242
       317
       318
       319
        41
       220
       273
       275
       276
        44
       115
       261
       388
       390
        41
       220
       273
       274
       276
       219
       263
       335
       378
       388
       389
        41
       220
       273
       274
       275
       221
       244
       302
       319
       320
        34
       178
       230
       278
       279
        21
        33
       305
       308
       309
        34
       178
       230
       277
       279
        59
       177
       231
       280
       281
        34
       178
       230
       277
       278
        20
       103
       179
       305
       306
       307
        59
       177
       231
       278
       281
        56
       120
       296
       298
        59
       177
       231
       278
       280
       121
       181
       295
       296
       297
        75
       238
       283
       284
       285
        46
        76
       299
       300
       301
        75
       238
       282
       284
       285
       240
       250
       416
       417
       418
        75
       238
       282
       283
       285
       190
       356
       418
       434
       438
        75
       238
       282
       283
       284
        47
       202
       300
       354
       355
       356
        84
       287
       288
       289
       290
        83
       239
       246
       416
       447
       448
        84
       286
       288
       289
       290
        51
        82
       112
       260
       362
       363
        84
       286
       287
       289
       290
       193
       245
       415
       441
       448
        84
       286
       287
       288
       290
       197
       262
       363
       383
       384
        84
       286
       287
       288
       289
       195
       201
       374
       384
       414
       415
         1
        86
        91
       292
       293
         2
       454
       858
       861
         1
        86
        91
       291
       293
        85
       455
       511
       526
       849
       858
         1
        86
        91
       291
       292
        88
        94
       241
       252
       294
        88
        94
       241
       252
       293
       243
       254
       302
       303
       304
       121
       181
       281
       296
       297
       117
       235
       314
       321
       322
       121
       181
       281
       295
       297
        56
       120
       280
       298
       121
       181
       281
       295
       296
       180
       307
       314
       315
       316
        56
       120
       280
       296
        55
       119
       226
       391
       392
       393
        46
        76
       282
       300
       301
        45
       554
       760
       851
       852
        46
        76
       282
       299
       301
        47
       202
       285
       354
       355
       356
        46
        76
       282
       299
       300
        72
       549
       556
       809
       852
       853
       243
       254
       294
       303
       304
       221
       244
       276
       319
       320
       243
       254
       294
       302
       304
       160
       253
       311
       341
       342
       343
       243
       254
       294
       302
       303
       158
       217
       320
       341
       344
        20
       103
       179
       279
       306
       307
        21
        33
       277
       308
       309
        20
       103
       179
       279
       305
       307
        28
       106
       175
       315
       345
       346
        20
       103
       179
       279
       305
       306
       180
       297
       314
       315
       316
        21
        33
       277
       305
       309
        24
       859
       892
       893
        21
        33
       277
       305
       308
        32
       889
       892
         4
        92
       251
       311
       312
       313
         3
       864
       868
         4
        92
       251
       310
       312
       313
       160
       253
       303
       341
       342
       343
         4
        92
       251
       310
       311
       313
        14
       350
       868
       879
         4
        92
       251
       310
       311
       312
        13
        99
       255
       343
       349
       350
       180
       297
       307
       315
       316
       117
       235
       295
       321
       322
       180
       297
       307
       314
       316
        28
       106
       175
       306
       345
       346
       180
       297
       307
       314
       315
        70
       173
       233
       322
       346
       347
        40
        89
       242
       273
       318
       319
        42
       505
       714
       845
       846
        40
        89
       242
       273
       317
       319
        87
       508
       513
       815
       846
       849
        40
        89
       242
       273
       317
       318
       221
       244
       276
       302
       320
       221
       244
       276
       302
       319
       158
       217
       304
       341
       344
       117
       235
       295
       314
       322
       118
       228
       236
       392
       394
       117
       235
       295
       314
       321
        70
       173
       233
       316
       346
       347
       144
       272
       324
       325
       326
       145
       155
       400
       407
       408
       144
       272
       323
       325
       326
        79
       207
       270
       404
       405
       406
       144
       272
       323
       324
       326
       216
       406
       409
       410
       411
       144
       272
       323
       324
       325
       154
       215
       397
       407
       409
       135
       328
       329
       330
       331
       130
       134
       147
       431
       443
       450
       135
       327
       329
       330
       331
       132
       194
       375
       432
       433
       135
       327
       328
       330
       331
       151
       182
       427
       443
       444
       135
       327
       328
       329
       331
       184
       247
       368
       435
       442
       444
       135
       327
       328
       329
       330
       192
       249
       433
       441
       442
       169
       333
       334
       335
       336
       168
       199
       385
       386
       387
       169
       332
       334
       335
       336
       159
       170
       258
       348
       376
       377
       169
       332
       333
       335
       336
       157
       218
       344
       376
       378
       169
       332
       333
       334
       336
       219
       263
       275
       378
       388
       389
       169
       332
       333
       334
       335
       198
       264
       383
       386
       389
         7
        95
       225
       338
       339
       340
         8
       867
       882
         7
        95
       225
       337
       339
       340
        97
       156
       367
       402
       408
       412
         7
        95
       225
       337
       338
       340
       224
       866
       867
         7
        95
       225
       337
       338
       339
       146
       223
       400
       401
       402
       160
       253
       303
       311
       342
       343
       158
       217
       304
       320
       344
       160
       253
       303
       311
       341
       343
       161
       259
       348
       349
       160
       253
       303
       311
       341
       342
        13
        99
       255
       313
       349
       350
       158
       217
       304
       320
       341
       157
       218
       334
       376
       378
        28
       106
       175
       306
       315
       346
        27
       110
       176
       351
       352
       353
        28
       106
       175
       306
       315
       345
        70
       173
       233
       316
       322
       347
        70
       173
       233
       316
       322
       346
        67
        78
       172
       208
       380
       403
       404
       161
       259
       342
       349
       159
       170
       258
       333
       376
       377
       161
       259
       342
       348
        13
        99
       255
       313
       343
       350
        13
        99
       255
       313
       343
       349
        14
       312
       868
       879
        27
       110
       176
       345
       352
       353
        29
       477
       802
       847
       848
        27
       110
       176
       345
       351
       353
       109
       174
       209
       379
       380
        27
       110
       176
       345
       351
       352
       111
       804
       848
       855
        47
       202
       285
       300
       355
       356
        35
        48
       206
       436
       437
        47
       202
       285
       300
       354
       356
       189
       203
       428
       438
       440
        47
       202
       285
       300
       354
       355
       190
       284
       418
       434
       438
       141
       358
       359
       360
       361
       101
       140
       256
       421
       422
       141
       357
       359
       360
       361
        65
       126
       139
       266
       381
       382
       141
       357
       358
       360
       361
       165
       167
       385
       413
       420
       423
       141
       357
       358
       359
       361
       171
       257
       377
       422
       423
       141
       357
       358
       359
       360
       123
       162
       382
       419
       420
        51
        82
       112
       260
       287
       363
        50
        73
        81
       237
       445
       446
       447
        51
        82
       112
       260
       287
       362
       197
       262
       289
       383
       384
       149
       153
       365
       366
       367
       150
       183
       399
       425
       427
       149
       153
       364
       366
       367
        98
       128
       148
       412
       449
       450
       149
       153
       364
       365
       367
       152
       213
       397
       398
       399
       149
       153
       364
       365
       366
        97
       156
       338
       402
       408
       412
       185
       187
       369
       370
       371
       184
       247
       330
       435
       442
       444
       185
       187
       368
       370
       371
       186
       212
       398
       425
       426
       185
       187
       368
       369
       371
       188
       214
       410
       426
       428
       429
       185
       187
       368
       369
       370
       191
       248
       417
       434
       435
       166
       196
       373
       374
       375
       164
       200
       387
       413
       414
       166
       196
       372
       374
       375
       122
       133
       163
       419
       430
       432
       166
       196
       372
       373
       375
       195
       201
       290
       384
       414
       415
       166
       196
       372
       373
       374
       132
       194
       328
       432
       433
       159
       170
       258
       333
       348
       377
       157
       218
       334
       344
       378
       159
       170
       258
       333
       348
       376
       171
       257
       360
       422
       423
       157
       218
       334
       344
       376
       219
       263
       275
       335
       388
       389
       109
       174
       209
       352
       380
        36
       107
       205
       211
       436
       439
       109
       174
       209
       352
       379
        67
        78
       172
       208
       347
       403
       404
        65
       126
       139
       266
       358
       382
        66
       124
       129
       395
       396
        65
       126
       139
       266
       358
       381
       123
       162
       361
       419
       420
       197
       262
       289
       363
       384
       198
       264
       336
       386
       389
       197
       262
       289
       363
       383
       195
       201
       290
       374
       414
       415
       168
       199
       332
       386
       387
       165
       167
       359
       413
       420
       423
       168
       199
       332
       385
       387
       198
       264
       336
       383
       389
       168
       199
       332
       385
       386
       164
       200
       372
       413
       414
       219
       263
       275
       335
       378
       389
        44
       115
       261
       274
       390
       219
       263
       275
       335
       378
       388
       198
       264
       336
       383
       386
        44
       115
       261
       274
       388
        43
       114
       717
       845
       857
        55
       119
       226
       298
       392
       393
        57
       885
       886
        55
       119
       226
       298
       391
       393
       118
       228
       236
       321
       394
        55
       119
       226
       298
       391
       392
       227
       866
       886
       118
       228
       236
       321
       392
        68
        77
       142
       222
       234
       271
       401
       403
        66
       124
       129
       381
       396
        11
        64
        96
       127
       449
       451
        66
       124
       129
       381
       395
       125
       131
       136
       430
       431
       152
       213
       366
       398
       399
       154
       215
       326
       407
       409
       152
       213
       366
       397
       399
       186
       212
       369
       425
       426
       152
       213
       366
       397
       398
       150
       183
       364
       425
       427
       146
       223
       340
       401
       402
       145
       155
       323
       407
       408
       146
       223
       340
       400
       402
        68
        77
       142
       222
       234
       271
       394
       403
       146
       223
       340
       400
       401
        97
       156
       338
       367
       408
       412
        68
        77
       142
       222
       234
       271
       394
       401
        67
        78
       172
       208
       347
       380
       404
        67
        78
       172
       208
       347
       380
       403
        79
       207
       270
       324
       405
       406
        79
       207
       270
       324
       404
       406
       204
       210
       411
       429
       439
       440
        79
       207
       270
       324
       404
       405
       216
       325
       409
       410
       411
       145
       155
       323
       400
       408
       154
       215
       326
       397
       409
       145
       155
       323
       400
       407
        97
       156
       338
       367
       402
       412
       154
       215
       326
       397
       407
       216
       325
       406
       410
       411
       216
       325
       406
       409
       411
       188
       214
       370
       426
       428
       429
       216
       325
       406
       409
       410
       204
       210
       405
       429
       439
       440
        97
       156
       338
       367
       402
       408
        98
       128
       148
       365
       449
       450
       164
       200
       372
       387
       414
       165
       167
       359
       385
       420
       423
       164
       200
       372
       387
       413
       195
       201
       290
       374
       384
       415
       195
       201
       290
       374
       384
       414
       193
       245
       288
       441
       448
       240
       250
       283
       417
       418
        83
       239
       246
       286
       447
       448
       240
       250
       283
       416
       418
       191
       248
       371
       434
       435
       240
       250
       283
       416
       417
       190
       284
       356
       434
       438
       123
       162
       361
       382
       420
       122
       133
       163
       373
       430
       432
       123
       162
       361
       382
       419
       165
       167
       359
       385
       413
       423
       101
       140
       256
       357
       422
        18
       100
       138
       267
       424
       101
       140
       256
       357
       421
       171
       257
       360
       377
       423
       171
       257
       360
       377
       422
       165
       167
       359
       385
       413
       420
        18
       100
       138
       267
       421
        19
       268
       877
       881
       186
       212
       369
       398
       426
       150
       183
       364
       399
       427
       186
       212
       369
       398
       425
       188
       214
       370
       410
       428
       429
       150
       183
       364
       399
       425
       151
       182
       329
       443
       444
       188
       214
       370
       410
       426
       429
       189
       203
       355
       438
       440
       188
       214
       370
       410
       426
       428
       204
       210
       405
       411
       439
       440
       125
       131
       136
       396
       431
       122
       133
       163
       373
       419
       432
       125
       131
       136
       396
       430
       130
       134
       147
       327
       443
       450
       132
       194
       328
       375
       433
       122
       133
       163
       373
       419
       430
       132
       194
       328
       375
       432
       192
       249
       331
       441
       442
       191
       248
       371
       417
       435
       190
       284
       356
       418
       438
       191
       248
       371
       417
       434
       184
       247
       330
       368
       442
       444
        35
        48
       206
       354
       437
        36
       107
       205
       211
       379
       439
        35
        48
       206
       354
       436
        38
        49
       567
       761
       850
       851
       190
       284
       356
       418
       434
       189
       203
       355
       428
       440
        36
       107
       205
       211
       379
       436
       204
       210
       405
       411
       429
       440
       204
       210
       405
       411
       429
       439
       189
       203
       355
       428
       438
       192
       249
       331
       433
       442
       193
       245
       288
       415
       448
       192
       249
       331
       433
       441
       184
       247
       330
       368
       435
       444
       151
       182
       329
       427
       444
       130
       134
       147
       327
       431
       450
       151
       182
       329
       427
       443
       184
       247
       330
       368
       435
       442
        50
        73
        81
       237
       362
       446
       447
        52
       563
       840
       854
       862
        50
        73
        81
       237
       362
       445
       447
        71
       548
       839
       853
       854
        50
        73
        81
       237
       362
       445
       446
        83
       239
       246
       286
       416
       448
       193
       245
       288
       415
       441
        83
       239
       246
       286
       416
       447
        98
       128
       148
       365
       412
       450
        11
        64
        96
       127
       395
       451
        98
       128
       148
       365
       412
       449
       130
       134
       147
       327
       431
       443
        11
        64
        96
       127
       395
       449
        10
        63
       265
       883
       884
       453
       454
       455
       510
       525
       526
       527
       528
       529
       530
       452
       454
       455
         6
       525
       861
       864
       865
       452
       453
       455
         2
       291
       858
       861
       452
       453
       454
        85
       292
       511
       526
       849
       858
       457
       458
       459
       460
       539
       725
       897
       898
       456
       458
       459
       460
       896
       897
       456
       457
       459
       460
       515
       540
       574
       725
       726
       456
       457
       458
       460
       515
       516
       517
       518
       519
       456
       457
       458
       459
       516
       860
       893
       896
       462
       463
       464
       465
       466
       888
       891
       461
       463
       464
       465
       466
       480
       589
       888
       910
       461
       462
       464
       465
       466
       772
       894
       895
       461
       462
       463
       465
       466
       891
       894
       461
       462
       463
       464
       466
       482
       589
       590
       591
       592
       461
       462
       463
       464
       465
       536
       590
       710
       772
       773
       774
       468
       469
       470
       471
       472
       870
       871
       467
       469
       470
       471
       472
       488
       769
       870
       873
       467
       468
       470
       471
       472
       584
       843
       876
       906
       467
       468
       469
       471
       472
       871
       876
       467
       468
       469
       470
       472
       489
       585
       593
       707
       769
       770
       467
       468
       469
       470
       471
       584
       585
       586
       587
       588
       474
       475
       476
       477
       517
       572
       573
       574
       575
       473
       475
       476
       477
       572
       702
       703
       704
       705
       473
       474
       476
       477
        26
       105
       519
       573
       847
       856
       473
       474
       475
       477
       570
       702
       801
       802
       803
       804
       473
       474
       475
       476
        29
       351
       802
       847
       848
       479
       480
       481
       482
       532
       674
       763
       796
       797
       798
       478
       480
       481
       482
       591
       675
       711
       763
       764
       478
       479
       481
       482
       462
       589
       888
       910
       478
       479
       480
       482
       796
       902
       910
       478
       479
       480
       481
       465
       589
       590
       591
       592
       484
       485
       486
       487
       520
       901
       909
       483
       485
       486
       487
       520
       521
       522
       523
       524
       483
       484
       486
       487
       533
       798
       832
       901
       902
       483
       484
       485
       487
       534
       696
       766
       830
       832
       483
       484
       485
       486
       521
       577
       696
       697
       698
       489
       490
       491
       492
       493
       468
       769
       870
       873
       488
       490
       491
       492
       493
       471
       585
       593
       707
       769
       770
       488
       489
       491
       492
       493
       593
       594
       595
       596
       488
       489
       490
       492
       493
       718
       872
       875
       488
       489
       490
       491
       493
       582
       594
       718
       719
       720
       721
       488
       489
       490
       491
       492
       872
       873
       495
       496
       497
       498
       753
       899
       900
       494
       496
       497
       498
       502
       597
       899
       904
       494
       495
       497
       498
       503
       597
       598
       599
       494
       495
       496
       498
       598
       625
       679
       752
       778
       780
       494
       495
       496
       497
       578
       627
       722
       752
       753
       754
       755
       500
       501
       502
       503
       504
       903
       904
       499
       501
       502
       503
       504
       545
       793
       903
       905
       499
       500
       502
       503
       504
       546
       777
       791
       793
       499
       500
       501
       503
       504
       495
       597
       899
       904
       499
       500
       501
       502
       504
       496
       597
       598
       599
       499
       500
       501
       502
       503
       599
       682
       777
       778
       779
       506
       507
       508
       509
        42
       317
       714
       845
       846
       505
       507
       508
       509
       565
       669
       714
       715
       716
       717
       505
       506
       508
       509
       514
       650
       699
       758
       814
       815
       505
       506
       507
       509
        87
       318
       513
       815
       846
       849
       505
       506
       507
       508
       651
       671
       715
       758
       759
       511
       512
       513
       514
       452
       525
       526
       527
       528
       529
       530
       510
       512
       513
       514
        85
       292
       455
       526
       849
       858
       510
       511
       513
       514
       527
       581
       699
       700
       701
       510
       511
       512
       514
        87
       318
       508
       815
       846
       849
       510
       511
       512
       513
       507
       650
       699
       758
       814
       815
       459
       516
       517
       518
       519
       458
       540
       574
       725
       726
       459
       515
       517
       518
       519
       460
       860
       893
       896
       459
       515
       516
       518
       519
       473
       572
       573
       574
       575
       459
       515
       516
       517
       519
        23
       104
       856
       859
       860
       459
       515
       516
       517
       518
        26
       105
       475
       573
       847
       856
       484
       521
       522
       523
       524
       483
       901
       909
       484
       520
       522
       523
       524
       487
       577
       696
       697
       698
       484
       520
       521
       523
       524
       907
       909
       484
       520
       521
       522
       524
       576
       754
       907
       908
       484
       520
       521
       522
       523
       576
       577
       578
       579
       452
       510
       526
       527
       528
       529
       530
         6
       453
       861
       864
       865
       452
       510
       525
       527
       528
       529
       530
        85
       292
       455
       511
       849
       858
       452
       510
       525
       526
       528
       529
       530
       512
       581
       699
       700
       701
       452
       510
       525
       526
       527
       529
       530
       580
       719
       869
       874
       452
       510
       525
       526
       527
       528
       530
       580
       581
       582
       583
       452
       510
       525
       526
       527
       528
       529
       865
       869
       532
       533
       534
       535
       611
       672
       765
       795
       797
       531
       533
       534
       535
       478
       674
       763
       796
       797
       798
       531
       532
       534
       535
       485
       798
       832
       901
       902
       531
       532
       533
       535
       486
       696
       766
       830
       832
       531
       532
       533
       534
       614
       765
       766
       767
       768
       537
       538
       539
       540
       541
       466
       590
       710
       772
       773
       774
       536
       538
       539
       540
       541
       607
       712
       756
       773
       775
       536
       537
       539
       540
       541
       774
       895
       898
       536
       537
       538
       540
       541
       456
       725
       897
       898
       536
       537
       538
       539
       541
       458
       515
       574
       725
       726
       536
       537
       538
       539
       540
       575
       605
       703
       726
       756
       757
       543
       544
       545
       546
       547
       842
       905
       906
       542
       544
       545
       546
       547
       588
       660
       727
       842
       843
       844
       542
       543
       545
       546
       547
       660
       661
       662
       663
       542
       543
       544
       546
       547
       500
       793
       903
       905
       542
       543
       544
       545
       547
       501
       777
       791
       793
       542
       543
       544
       545
       546
       661
       683
       779
       791
       792
       549
       550
       551
       552
       553
        71
       446
       839
       853
       854
       548
       550
       551
       552
       553
        72
       301
       556
       809
       852
       853
       548
       549
       551
       552
       553
       557
       785
       809
       810
       548
       549
       550
       552
       553
       561
       664
       731
       839
       840
       841
       548
       549
       550
       551
       553
       664
       665
       666
       667
       548
       549
       550
       551
       552
       665
       689
       785
       786
       787
       555
       556
       557
       558
       559
        45
       299
       760
       851
       852
       554
       556
       557
       558
       559
       568
       655
       747
       760
       761
       762
       554
       555
       557
       558
       559
        72
       301
       549
       809
       852
       853
       554
       555
       556
       558
       559
       550
       785
       809
       810
       554
       555
       556
       557
       559
       657
       747
       748
       749
       554
       555
       556
       557
       558
       687
       748
       787
       810
       811
       561
       562
       563
       564
       565
       668
       731
       732
       733
       734
       560
       562
       563
       564
       565
       551
       664
       731
       839
       840
       841
       560
       561
       563
       564
       565
       668
       669
       670
       671
       560
       561
       562
       564
       565
        52
       445
       840
       854
       862
       560
       561
       562
       563
       565
        53
       113
       716
       857
       862
       560
       561
       562
       563
       564
       506
       669
       714
       715
       716
       717
       567
       568
       569
       570
       571
        39
       108
       803
       850
       855
       566
       568
       569
       570
       571
        38
        49
       437
       761
       850
       851
       566
       567
       569
       570
       571
       555
       655
       747
       760
       761
       762
       566
       567
       568
       570
       571
       600
       656
       762
       799
       800
       566
       567
       568
       569
       571
       476
       702
       801
       802
       803
       804
       566
       567
       568
       569
       570
       601
       705
       735
       789
       799
       801
       473
       517
       573
       574
       575
       474
       702
       703
       704
       705
       473
       517
       572
       574
       575
        26
       105
       475
       519
       847
       856
       473
       517
       572
       573
       575
       458
       515
       540
       725
       726
       473
       517
       572
       573
       574
       541
       605
       703
       726
       756
       757
       524
       577
       578
       579
       523
       754
       907
       908
       524
       576
       578
       579
       487
       521
       696
       697
       698
       524
       576
       577
       579
       498
       627
       722
       752
       753
       754
       755
       524
       576
       577
       578
       628
       697
       722
       723
       724
       529
       581
       582
       583
       528
       719
       869
       874
       529
       580
       582
       583
       512
       527
       699
       700
       701
       529
       580
       581
       583
       492
       594
       718
       719
       720
       721
       529
       580
       581
       582
       595
       621
       700
       720
       750
       751
       472
       585
       586
       587
       588
       469
       843
       876
       906
       472
       584
       586
       587
       588
       471
       489
       593
       707
       769
       770
       472
       584
       585
       587
       588
       706
       727
       728
       729
       730
       472
       584
       585
       586
       588
       706
       707
       708
       709
       472
       584
       585
       586
       587
       543
       660
       727
       842
       843
       844
       465
       482
       590
       591
       592
       462
       480
       888
       910
       465
       482
       589
       591
       592
       466
       536
       710
       772
       773
       774
       465
       482
       589
       590
       592
       479
       675
       711
       763
       764
       465
       482
       589
       590
       591
       710
       711
       712
       713
       490
       594
       595
       596
       471
       489
       585
       707
       769
       770
       490
       593
       595
       596
       492
       582
       718
       719
       720
       721
       490
       593
       594
       596
       583
       621
       700
       720
       750
       751
       490
       593
       594
       595
       620
       708
       750
       770
       771
       496
       503
       598
       599
       495
       502
       899
       904
       496
       503
       597
       599
       497
       625
       679
       752
       778
       780
       496
       503
       597
       598
       504
       682
       777
       778
       779
       601
       602
       603
       604
       569
       656
       762
       799
       800
       600
       602
       603
       604
       571
       705
       735
       789
       799
       801
       600
       601
       603
       604
       735
       736
       737
       738
       600
       601
       602
       604
       610
       673
       736
       790
       794
       795
       600
       601
       602
       603
       612
       642
       658
       794
       800
       805
       808
       606
       607
       608
       609
       541
       575
       703
       726
       756
       757
       605
       607
       608
       609
       704
       738
       757
       788
       789
       605
       606
       608
       609
       537
       712
       756
       773
       775
       605
       606
       607
       609
       677
       713
       764
       775
       776
       605
       606
       607
       608
       676
       737
       776
       788
       790
       611
       612
       613
       614
       603
       673
       736
       790
       794
       795
       610
       612
       613
       614
       531
       672
       765
       795
       797
       610
       611
       613
       614
       604
       642
       658
       794
       800
       805
       808
       610
       611
       612
       614
       643
       767
       805
       806
       807
       610
       611
       612
       613
       535
       765
       766
       767
       768
       616
       617
       618
       619
       631
       680
       740
       829
       833
       835
       615
       617
       618
       619
       663
       681
       792
       833
       834
       615
       616
       618
       619
       695
       729
       739
       819
       820
       821
       615
       616
       617
       619
       739
       740
       741
       742
       615
       616
       617
       618
       662
       730
       820
       834
       844
       621
       622
       623
       624
       596
       708
       750
       770
       771
       620
       622
       623
       624
       583
       595
       700
       720
       750
       751
       620
       621
       623
       624
       652
       701
       751
       813
       814
       620
       621
       622
       624
       694
       709
       728
       771
       818
       819
       620
       621
       622
       623
       654
       690
       813
       816
       818
       626
       627
       628
       629
       497
       598
       679
       752
       778
       780
       625
       627
       628
       629
       630
       678
       780
       828
       829
       625
       626
       628
       629
       498
       578
       722
       752
       753
       754
       755
       625
       626
       627
       629
       579
       697
       722
       723
       724
       625
       626
       627
       628
       634
       723
       782
       828
       831
       631
       632
       633
       634
       626
       678
       780
       828
       829
       630
       632
       633
       634
       615
       680
       740
       829
       833
       835
       630
       631
       633
       634
       639
       647
       742
       781
       826
       835
       836
       630
       631
       632
       634
       648
       781
       782
       783
       784
       630
       631
       632
       633
       629
       723
       782
       828
       831
       636
       637
       638
       639
       693
       741
       821
       825
       826
       635
       637
       638
       639
       692
       734
       743
       817
       825
       827
       635
       636
       638
       639
       743
       744
       745
       746
       635
       636
       637
       639
       645
       685
       744
       824
       836
       838
       635
       636
       637
       638
       632
       647
       742
       781
       826
       835
       836
       641
       642
       643
       644
       646
       684
       812
       822
       824
       640
       642
       643
       644
       659
       686
       749
       808
       811
       812
       640
       641
       643
       644
       604
       612
       658
       794
       800
       805
       808
       640
       641
       642
       644
       613
       767
       805
       806
       807
       640
       641
       642
       643
       649
       783
       806
       822
       823
       646
       647
       648
       649
       638
       685
       744
       824
       836
       838
       645
       647
       648
       649
       640
       684
       812
       822
       824
       645
       646
       648
       649
       632
       639
       742
       781
       826
       835
       836
       645
       646
       647
       649
       633
       781
       782
       783
       784
       645
       646
       647
       648
       644
       783
       806
       822
       823
       651
       652
       653
       654
       507
       514
       699
       758
       814
       815
       650
       652
       653
       654
       509
       671
       715
       758
       759
       650
       651
       653
       654
       622
       701
       751
       813
       814
       650
       651
       652
       654
       670
       691
       732
       759
       816
       817
       650
       651
       652
       653
       624
       690
       813
       816
       818
       656
       657
       658
       659
       555
       568
       747
       760
       761
       762
       655
       657
       658
       659
       569
       600
       762
       799
       800
       655
       656
       658
       659
       558
       747
       748
       749
       655
       656
       657
       659
       604
       612
       642
       794
       800
       805
       808
       655
       656
       657
       658
       641
       686
       749
       808
       811
       812
       544
       661
       662
       663
       543
       588
       727
       842
       843
       844
       544
       660
       662
       663
       547
       683
       779
       791
       792
       544
       660
       661
       663
       619
       730
       820
       834
       844
       544
       660
       661
       662
       616
       681
       792
       833
       834
       552
       665
       666
       667
       551
       561
       731
       839
       840
       841
       552
       664
       666
       667
       553
       689
       785
       786
       787
       552
       664
       665
       667
       733
       746
       827
       837
       841
       552
       664
       665
       666
       688
       745
       786
       837
       838
       562
       669
       670
       671
       560
       731
       732
       733
       734
       562
       668
       670
       671
       506
       565
       714
       715
       716
       717
       562
       668
       669
       671
       653
       691
       732
       759
       816
       817
       562
       668
       669
       670
       509
       651
       715
       758
       759
       673
       674
       675
       676
       677
       531
       611
       765
       795
       797
       672
       674
       675
       676
       677
       603
       610
       736
       790
       794
       795
       672
       673
       675
       676
       677
       478
       532
       763
       796
       797
       798
       672
       673
       674
       676
       677
       479
       591
       711
       763
       764
       672
       673
       674
       675
       677
       609
       737
       776
       788
       790
       672
       673
       674
       675
       676
       608
       713
       764
       775
       776
       679
       680
       681
       682
       683
       626
       630
       780
       828
       829
       678
       680
       681
       682
       683
       497
       598
       625
       752
       778
       780
       678
       679
       681
       682
       683
       615
       631
       740
       829
       833
       835
       678
       679
       680
       682
       683
       616
       663
       792
       833
       834
       678
       679
       680
       681
       683
       504
       599
       777
       778
       779
       678
       679
       680
       681
       682
       547
       661
       779
       791
       792
       685
       686
       687
       688
       689
       640
       646
       812
       822
       824
       684
       686
       687
       688
       689
       638
       645
       744
       824
       836
       838
       684
       685
       687
       688
       689
       641
       659
       749
       808
       811
       812
       684
       685
       686
       688
       689
       559
       748
       787
       810
       811
       684
       685
       686
       687
       689
       667
       745
       786
       837
       838
       684
       685
       686
       687
       688
       553
       665
       785
       786
       787
       691
       692
       693
       694
       695
       624
       654
       813
       816
       818
       690
       692
       693
       694
       695
       653
       670
       732
       759
       816
       817
       690
       691
       693
       694
       695
       636
       734
       743
       817
       825
       827
       690
       691
       692
       694
       695
       635
       741
       821
       825
       826
       690
       691
       692
       693
       695
       623
       709
       728
       771
       818
       819
       690
       691
       692
       693
       694
       617
       729
       739
       819
       820
       821
       487
       521
       577
       697
       698
       486
       534
       766
       830
       832
       487
       521
       577
       696
       698
       579
       628
       722
       723
       724
       487
       521
       577
       696
       697
       724
       768
       784
       807
       823
       830
       831
       512
       527
       581
       700
       701
       507
       514
       650
       758
       814
       815
       512
       527
       581
       699
       701
       583
       595
       621
       720
       750
       751
       512
       527
       581
       699
       700
       622
       652
       751
       813
       814
       474
       572
       703
       704
       705
       476
       570
       801
       802
       803
       804
       474
       572
       702
       704
       705
       541
       575
       605
       726
       756
       757
       474
       572
       702
       703
       705
       606
       738
       757
       788
       789
       474
       572
       702
       703
       704
       571
       601
       735
       789
       799
       801
       587
       707
       708
       709
       586
       727
       728
       729
       730
       587
       706
       708
       709
       471
       489
       585
       593
       769
       770
       587
       706
       707
       709
       596
       620
       750
       770
       771
       587
       706
       707
       708
       623
       694
       728
       771
       818
       819
       592
       711
       712
       713
       466
       536
       590
       772
       773
       774
       592
       710
       712
       713
       479
       591
       675
       763
       764
       592
       710
       711
       713
       537
       607
       756
       773
       775
       592
       710
       711
       712
       608
       677
       764
       775
       776
       506
       565
       669
       715
       716
       717
        42
       317
       505
       845
       846
       506
       565
       669
       714
       716
       717
       509
       651
       671
       758
       759
       506
       565
       669
       714
       715
       717
        53
       113
       564
       857
       862
       506
       565
       669
       714
       715
       716
        43
       114
       390
       845
       857
       492
       582
       594
       719
       720
       721
       491
       872
       875
       492
       582
       594
       718
       720
       721
       528
       580
       869
       874
       492
       582
       594
       718
       719
       721
       583
       595
       621
       700
       750
       751
       492
       582
       594
       718
       719
       720
       874
       875
       579
       628
       697
       723
       724
       498
       578
       627
       752
       753
       754
       755
       579
       628
       697
       722
       724
       629
       634
       782
       828
       831
       579
       628
       697
       722
       723
       698
       768
       784
       807
       823
       830
       831
       458
       515
       540
       574
       726
       456
       539
       897
       898
       458
       515
       540
       574
       725
       541
       575
       605
       703
       756
       757
       586
       706
       728
       729
       730
       543
       588
       660
       842
       843
       844
       586
       706
       727
       729
       730
       623
       694
       709
       771
       818
       819
       586
       706
       727
       728
       730
       617
       695
       739
       819
       820
       821
       586
       706
       727
       728
       729
       619
       662
       820
       834
       844
       560
       668
       732
       733
       734
       551
       561
       664
       839
       840
       841
       560
       668
       731
       733
       734
       653
       670
       691
       759
       816
       817
       560
       668
       731
       732
       734
       666
       746
       827
       837
       841
       560
       668
       731
       732
       733
       636
       692
       743
       817
       825
       827
       602
       736
       737
       738
       571
       601
       705
       789
       799
       801
       602
       735
       737
       738
       603
       610
       673
       790
       794
       795
       602
       735
       736
       738
       609
       676
       776
       788
       790
       602
       735
       736
       737
       606
       704
       757
       788
       789
       618
       740
       741
       742
       617
       695
       729
       819
       820
       821
       618
       739
       741
       742
       615
       631
       680
       829
       833
       835
       618
       739
       740
       742
       635
       693
       821
       825
       826
       618
       739
       740
       741
       632
       639
       647
       781
       826
       835
       836
       637
       744
       745
       746
       636
       692
       734
       817
       825
       827
       637
       743
       745
       746
       638
       645
       685
       824
       836
       838
       637
       743
       744
       746
       667
       688
       786
       837
       838
       637
       743
       744
       745
       666
       733
       827
       837
       841
       558
       657
       748
       749
       555
       568
       655
       760
       761
       762
       558
       657
       747
       749
       559
       687
       787
       810
       811
       558
       657
       747
       748
       641
       659
       686
       808
       811
       812
       583
       595
       621
       700
       720
       751
       596
       620
       708
       770
       771
       583
       595
       621
       700
       720
       750
       622
       652
       701
       813
       814
       498
       578
       627
       722
       753
       754
       755
       497
       598
       625
       679
       778
       780
       498
       578
       627
       722
       752
       754
       755
       494
       899
       900
       498
       578
       627
       722
       752
       753
       755
       523
       576
       907
       908
       498
       578
       627
       722
       752
       753
       754
       900
       908
       541
       575
       605
       703
       726
       757
       537
       607
       712
       773
       775
       541
       575
       605
       703
       726
       756
       606
       704
       738
       788
       789
       509
       651
       671
       715
       759
       507
       514
       650
       699
       814
       815
       509
       651
       671
       715
       758
       653
       670
       691
       732
       816
       817
       555
       568
       655
       747
       761
       762
        45
       299
       554
       851
       852
       555
       568
       655
       747
       760
       762
        38
        49
       437
       567
       850
       851
       555
       568
       655
       747
       760
       761
       569
       600
       656
       799
       800
       479
       591
       675
       711
       764
       478
       532
       674
       796
       797
       798
       479
       591
       675
       711
       763
       608
       677
       713
       775
       776
       535
       614
       766
       767
       768
       531
       611
       672
       795
       797
       535
       614
       765
       767
       768
       486
       534
       696
       830
       832
       535
       614
       765
       766
       768
       613
       643
       805
       806
       807
       535
       614
       765
       766
       767
       698
       724
       784
       807
       823
       830
       831
       471
       489
       585
       593
       707
       770
       468
       488
       870
       873
       471
       489
       585
       593
       707
       769
       596
       620
       708
       750
       771
       596
       620
       708
       750
       770
       623
       694
       709
       728
       818
       819
       466
       536
       590
       710
       773
       774
       463
       894
       895
       466
       536
       590
       710
       772
       774
       537
       607
       712
       756
       775
       466
       536
       590
       710
       772
       773
       538
       895
       898
       537
       607
       712
       756
       773
       608
       677
       713
       764
       776
       608
       677
       713
       764
       775
       609
       676
       737
       788
       790
       504
       599
       682
       778
       779
       501
       546
       791
       793
       504
       599
       682
       777
       779
       497
       598
       625
       679
       752
       780
       504
       599
       682
       777
       778
       547
       661
       683
       791
       792
       497
       598
       625
       679
       752
       778
       626
       630
       678
       828
       829
       633
       648
       782
       783
       784
       632
       639
       647
       742
       826
       835
       836
       633
       648
       781
       783
       784
       629
       634
       723
       828
       831
       633
       648
       781
       782
       784
       644
       649
       806
       822
       823
       633
       648
       781
       782
       783
       698
       724
       768
       807
       823
       830
       831
       553
       665
       689
       786
       787
       550
       557
       809
       810
       553
       665
       689
       785
       787
       667
       688
       745
       837
       838
       553
       665
       689
       785
       786
       559
       687
       748
       810
       811
       606
       704
       738
       757
       789
       609
       676
       737
       776
       790
       606
       704
       738
       757
       788
       571
       601
       705
       735
       799
       801
       609
       676
       737
       776
       788
       603
       610
       673
       736
       794
       795
       547
       661
       683
       779
       792
       501
       546
       777
       793
       547
       661
       683
       779
       791
       616
       663
       681
       833
       834
       501
       546
       777
       791
       500
       545
       903
       905
       603
       610
       673
       736
       790
       795
       604
       612
       642
       658
       800
       805
       808
       603
       610
       673
       736
       790
       794
       531
       611
       672
       765
       797
       478
       532
       674
       763
       797
       798
       481
       902
       910
       478
       532
       674
       763
       796
       798
       531
       611
       672
       765
       795
       478
       532
       674
       763
       796
       797
       485
       533
       832
       901
       902
       569
       600
       656
       762
       800
       571
       601
       705
       735
       789
       801
       569
       600
       656
       762
       799
       604
       612
       642
       658
       794
       805
       808
       571
       601
       705
       735
       789
       799
       476
       570
       702
       802
       803
       804
       476
       570
       702
       801
       803
       804
        29
       351
       477
       847
       848
       476
       570
       702
       801
       802
       804
        39
       108
       566
       850
       855
       476
       570
       702
       801
       802
       803
       111
       353
       848
       855
       613
       643
       767
       806
       807
       604
       612
       642
       658
       794
       800
       808
       613
       643
       767
       805
       807
       644
       649
       783
       822
       823
       613
       643
       767
       805
       806
       698
       724
       768
       784
       823
       830
       831
       604
       612
       642
       658
       794
       800
       805
       641
       659
       686
       749
       811
       812
       550
       557
       785
       810
        72
       301
       549
       556
       852
       853
       550
       557
       785
       809
       559
       687
       748
       787
       811
       559
       687
       748
       787
       810
       641
       659
       686
       749
       808
       812
       641
       659
       686
       749
       808
       811
       640
       646
       684
       822
       824
       622
       652
       701
       751
       814
       624
       654
       690
       816
       818
       622
       652
       701
       751
       813
       507
       514
       650
       699
       758
       815
       507
       514
       650
       699
       758
       814
        87
       318
       508
       513
       846
       849
       653
       670
       691
       732
       759
       817
       624
       654
       690
       813
       818
       653
       670
       691
       732
       759
       816
       636
       692
       734
       743
       825
       827
       624
       654
       690
       813
       816
       623
       694
       709
       728
       771
       819
       623
       694
       709
       728
       771
       818
       617
       695
       729
       739
       820
       821
       617
       695
       729
       739
       819
       821
       619
       662
       730
       834
       844
       617
       695
       729
       739
       819
       820
       635
       693
       741
       825
       826
       644
       649
       783
       806
       823
       640
       646
       684
       812
       824
       644
       649
       783
       806
       822
       698
       724
       768
       784
       807
       830
       831
       640
       646
       684
       812
       822
       638
       645
       685
       744
       836
       838
       635
       693
       741
       821
       826
       636
       692
       734
       743
       817
       827
       635
       693
       741
       821
       825
       632
       639
       647
       742
       781
       835
       836
       636
       692
       734
       743
       817
       825
       666
       733
       746
       837
       841
       626
       630
       678
       780
       829
       629
       634
       723
       782
       831
       626
       630
       678
       780
       828
       615
       631
       680
       740
       833
       835
       698
       724
       768
       784
       807
       823
       831
       486
       534
       696
       766
       832
       698
       724
       768
       784
       807
       823
       830
       629
       634
       723
       782
       828
       486
       534
       696
       766
       830
       485
       533
       798
       901
       902
       616
       663
       681
       792
       834
       615
       631
       680
       740
       829
       835
       616
       663
       681
       792
       833
       619
       662
       730
       820
       844
       632
       639
       647
       742
       781
       826
       836
       615
       631
       680
       740
       829
       833
       632
       639
       647
       742
       781
       826
       835
       638
       645
       685
       744
       824
       838
       667
       688
       745
       786
       838
       666
       733
       746
       827
       841
       667
       688
       745
       786
       837
       638
       645
       685
       744
       824
       836
       551
       561
       664
       731
       840
       841
        71
       446
       548
       853
       854
       551
       561
       664
       731
       839
       841
        52
       445
       563
       854
       862
       551
       561
       664
       731
       839
       840
       666
       733
       746
       827
       837
       543
       588
       660
       727
       843
       844
       542
       905
       906
       543
       588
       660
       727
       842
       844
       469
       584
       876
       906
       543
       588
       660
       727
       842
       843
       619
       662
       730
       820
       834
        42
       317
       505
       714
       846
        43
       114
       390
       717
       857
        42
       317
       505
       714
       845
        87
       318
       508
       513
       815
       849
        29
       351
       477
       802
       848
        26
       105
       475
       519
       573
       856
        29
       351
       477
       802
       847
       111
       353
       804
       855
        87
       318
       508
       513
       815
       846
        85
       292
       455
       511
       526
       858
        38
        49
       437
       567
       761
       851
        39
       108
       566
       803
       855
        38
        49
       437
       567
       761
       850
        45
       299
       554
       760
       852
        45
       299
       554
       760
       851
        72
       301
       549
       556
       809
       853
        71
       446
       548
       839
       854
        72
       301
       549
       556
       809
       852
        71
       446
       548
       839
       853
        52
       445
       563
       840
       862
       111
       353
       804
       848
        39
       108
       566
       803
       850
        26
       105
       475
       519
       573
       847
        23
       104
       518
       859
       860
        43
       114
       390
       717
       845
        53
       113
       564
       716
       862
        85
       292
       455
       511
       526
       849
         2
       291
       454
       861
        23
       104
       518
       856
       860
        24
       308
       892
       893
        23
       104
       518
       856
       859
       460
       516
       893
       896
         2
       291
       454
       858
         6
       453
       525
       864
       865
        52
       445
       563
       840
       854
        53
       113
       564
       716
       857
        16
       877
       878
        15
       879
       880
         6
       453
       525
       861
       865
         3
       310
       868
         6
       453
       525
       861
       864
       530
       869
       224
       339
       867
       227
       393
       886
       224
       339
       866
         8
       337
       882
         3
       310
       864
        14
       312
       350
       879
       530
       865
       528
       580
       719
       874
       467
       871
       468
       488
       769
       873
       467
       870
       470
       876
       493
       873
       491
       718
       875
       493
       872
       468
       488
       769
       870
       721
       875
       528
       580
       719
       869
       721
       874
       491
       718
       872
       470
       871
       469
       584
       843
       906
        16
       863
       878
        19
       268
       424
       881
        16
       863
       877
       880
        15
       863
       880
        14
       312
       350
       868
        15
       863
       879
       878
        19
       268
       424
       877
       269
       883
         8
       337
       867
         9
       884
       269
       881
        10
        63
       265
       451
       884
         9
       882
        10
        63
       265
       451
       883
        57
       391
       886
        60
       887
        57
       391
       885
       227
       393
       866
        60
       885
        61
       232
       890
       461
       891
       462
       480
       589
       910
        31
       229
       890
        32
       309
       892
        31
       229
       889
        61
       232
       887
       461
       888
       464
       894
        32
       309
       889
        24
       308
       859
       893
        24
       308
       859
       892
       460
       516
       860
       896
       463
       772
       895
       464
       891
       463
       772
       894
       538
       774
       898
       460
       516
       860
       893
       457
       897
       457
       896
       456
       539
       725
       898
       456
       539
       725
       897
       538
       774
       895
       494
       753
       900
       495
       502
       597
       904
       494
       753
       899
       755
       908
       485
       533
       798
       832
       902
       483
       520
       909
       485
       533
       798
       832
       901
       481
       796
       910
       499
       904
       500
       545
       793
       905
       499
       903
       495
       502
       597
       899
       542
       842
       906
       500
       545
       793
       903
       542
       842
       905
       469
       584
       843
       876
       523
       576
       754
       908
       522
       909
       523
       576
       754
       907
       755
       900
       483
       520
       901
       522
       907
       462
       480
       589
       888
       481
       796
       902
