         1
         7
        14
        23
        30
        39
        48
        59
        68
        78
        85
        92
       102
       112
       122
       130
       137
       144
       152
       161
       171
       180
       187
       194
       201
       206
       213
       220
       227
       238
       246
       254
       264
       274
       285
       295
       305
       313
       322
       332
       342
       349
       359
       367
       376
       385
       393
       404
       413
       421
       429
       437
       447
       456
       467
       477
       485
       495
       505
       515
       524
       533
       542
       552
       563
       570
       579
       588
       598
       607
       618
       627
       636
       643
       652
       661
       671
       682
       691
       699
       709
       717
       728
       737
       747
       756
       765
       774
       784
       792
       801
       811
       819
       829
       839
       849
       858
       867
       876
       885
       894
       902
       911
       920
       929
       937
       946
       955
       963
       972
       983
       993
      1003
      1013
      1023
      1032
      1040
      1047
      1053
      1061
      1067
      1076
      1082
      1089
      1098
      1106
      1112
      1118
      1127
      1136
      1146
      1155
      1163
      1173
      1182
      1192
      1201
      1210
      1220
      1229
      1238
      1249
      1260
      1271
      1283
      1293
      1303
      1311
      1320
      1329
      1339
      1348
      1357
      1366
      1375
      1384
      1391
      1401
      1410
      1419
      1429
      1438
      1448
      1458
      1468
      1479
      1488
      1497
      1505
      1515
      1524
      1535
      1545
      1553
      1563
      1572
      1581
      1590
      1599
      1608
      1617
      1625
      1636
      1646
      1655
      1666
      1674
      1684
      1695
      1705
      1715
      1725
      1734
      1743
      1752
      1761
      1772
      1780
      1790
      1800
      1809
      1820
      1829
      1838
      1849
      1858
      1868
      1877
      1886
      1896
      1905
      1916
      1925
      1934
      1943
      1952
      1961
      1971
      1980
      1991
      2000
      2010
      2018
      2027
      2035
      2045
      2054
      2062
      2071
      2082
      2091
      2101
      2110
      2119
      2129
      2140
      2151
      2161
      2170
      2179
      2188
      2197
      2207
      2216
      2226
      2235
      2244
      2256
      2267
      2276
      2287
      2298
      2310
      2321
      2332
      2342
      2352
      2361
      2370
      2379
      2388
      2398
      2405
      2415
      2426
      2436
      2445
      2453
      2464
      2473
      2482
      2492
      2501
      2511
      2521
      2531
      2540
      2549
      2559
      2569
      2578
      2590
      2599
      2609
      2620
      2631
      2642
      2653
      2663
      2673
      2683
      2693
      2704
      2715
      2725
      2735
      2745
      2755
      2765
      2775
      2786
      2797
      2807
      2817
      2827
      2837
      2848
      2859
      2869
      2879
      2889
      2900
      2910
      2920
      2931
      2941
      2952
      2962
      2972
      2983
      2993
      3004
      3014
      3025
      3033
      3044
      3055
      3065
      3077
      3087
      3096
      3107
      3116
      3127
      3139
      3149
      3160
      3170
      3180
      3191
      3202
      3214
      3225
      3235
      3243
      3254
      3265
      3276
      3287
      3296
      3305
      3315
      3326
      3337
      3346
      3355
      3367
      3376
      3387
      3397
      3408
      3418
      3429
      3441
      3452
      3463
      3473
      3484
      3495
      3507
      3519
      3531
      3541
      3552
      3563
      3573
      3583
      3594
      3604
      3614
      3624
      3635
      3646
      3656
      3665
      3674
      3686
      3697
      3709
      3720
      3732
      3743
      3756
      3767
      3776
      3786
      3797
      3808
      3818
      3830
      3842
      3851
      3860
      3871
      3883
      3895
      3906
      3916
      3928
      3940
      3951
      3962
      3973
      3986
      3997
      4008
      4018
      4029
      4039
      4049
      4059
      4070
      4081
      4092
      4103
      4115
      4125
      4135
      4146
      4155
      4165
      4174
      4187
      4197
      4207
      4217
      4227
      4238
      4246
      4256
      4266
      4276
      4285
      4296
      4307
      4318
      4329
      4340
      4352
      4363
      4373
      4384
      4395
      4404
      4415
      4425
      4436
      4447
      4458
      4470
      4481
      4492
      4504
      4514
      4526
      4539
      4549
      4559
      4570
      4582
      4594
      4605
      4616
      4627
      4639
      4650
      4661
      4672
      4682
      4693
      4704
      4717
      4727
      4736
      4745
      4754
      4762
      4769
      4776
      4784
      4793
      4800
      4806
      4815
      4822
      4832
      4842
      4850
      4857
      4864
      4875
      4884
      4890
      4899
      4903
      4909
      4920
      4929
      4938
      4948
      4958
      4968
      4978
      4988
      4999
      5009
      5020
      5029
      5037
      5045
      5055
      5064
      5072
      5080
      5087
      5093
      5101
      5108
      5115
      5122
      5133
      5144
      5154
      5163
      5172
      5180
      5191
      5199
      5211
      5220
      5228
      5239
      5250
      5260
      5268
      5277
      5285
      5291
      5300
      5309
      5318
      5326
      5336
      5348
      5359
      5370
      5383
      5394
      5406
      5417
      5427
      5435
      5445
      5455
      5466
      5479
      5489
      5498
      5507
      5516
      5524
      5530
      5539
      5545
      5552
      5561
      5569
      5575
      5581
      5590
      5599
      5609
      5620
      5630
      5638
      5647
      5658
      5666
      5674
      5686
      5695
      5703
      5711
      5718
      5728
      5738
      5748
      5759
      5770
      5780
      5790
      5801
      5812
      5822
      5830
      5839
      5848
      5858
      5868
      5877
      5886
      5895
      5904
      5913
      5922
      5931
      5941
      5950
      5959
      5968
      5975
      5985
      5994
      6003
      6012
      6023
      6031
      6041
      6050
      6060
      6069
      6078
      6087
      6096
      6105
      6113
      6124
      6134
      6144
      6154
      6164
      6173
      6182
      6193
      6202
      6212
      6220
      6229
      6239
      6248
      6259
      6268
      6277
      6286
      6295
      6304
      6314
      6323
      6332
      6341
      6351
      6360
      6369
      6379
      6388
      6397
      6406
      6415
      6425
      6435
      6445
      6454
      6463
      6471
      6482
      6493
      6503
      6512
      6523
      6533
      6545
      6556
      6566
      6575
      6584
      6593
      6602
      6611
      6621
      6630
      6640
      6650
      6660
      6671
      6681
      6691
      6701
      6709
      6718
      6729
      6738
      6747
      6758
      6767
      6777
      6784
      6794
      6805
      6815
      6824
      6836
      6845
      6855
      6866
      6877
      6888
      6899
      6909
      6919
      6929
      6939
      6949
      6960
      6970
      6980
      6991
      7001
      7012
      7022
      7032
      7043
      7053
      7064
      7076
      7087
      7098
      7107
      7116
      7126
      7137
      7148
      7158
      7167
      7177
      7187
      7197
      7208
      7217
      7226
      7237
      7247
      7256
      7267
      7276
      7286
      7297
      7307
      7318
      7327
      7340
      7350
      7361
      7372
      7382
      7393
      7404
      7414
      7424
      7435
      7446
      7458
      7469
      7480
      7491
      7501
      7511
      7521
      7531
      7542
      7552
      7562
      7572
      7582
      7592
      7602
      7612
      7624
      7635
      7646
      7657
      7667
      7678
      7688
      7699
      7710
      7720
      7732
      7743
      7754
      7763
      7773
      7786
      7797
      7808
      7816
      7827
      7837
      7845
      7857
      7869
      7880
      7890
      7901
      7911
      7922
      7933
      7944
      7954
      7964
      7975
      7986
      7996
      8007
      8017
      8027
      8037
      8048
      8058
      8068
      8078
      8089
      8099
      8110
      8121
      8129
      8140
      8152
      8164
      8175
      8187
      8198
      8208
      8220
      8230
      8241
      8252
      8263
      8273
      8283
      8295
      8306
      8317
      8327
      8338
      8348
      8359
      8369
      8380
      8391
      8401
      8412
      8423
      8434
      8446
      8456
      8468
      8479
      8488
      8499
      8507
      8518
      8526
      8535
      8547
      8557
      8567
      8578
      8587
      8597
      8602
      8610
      8617
      8624
      8628
      8634
      8640
      8646
      8653
      8659
      8666
      8672
      8678
      8684
      8691
      8698
      8705
      8710
      8718
      8724
      8729
      8734
      8740
      8744
      8752
      8759
      8764
      8768
      8774
      8780
      8785
      8791
      8797
      8803
      8808
      8812
      8818
      8824
      8830
      8837
      8844
      8848
      8857
      8863
