         1
         2
         4
        48
       855
         1
         2
         3
       368
       855
         2
         3
         4
        47
       368
         1
         3
         4
        47
        48
         5
         6
         8
       268
       269
         5
         6
         7
       268
       882
         6
         7
         9
       450
       882
         5
         8
         9
       269
       350
         7
         8
         9
       350
       450
        10
        11
        14
       286
       435
        10
        11
        12
       435
       879
        11
        12
        13
        97
       879
        12
        13
        14
        97
        98
        10
        13
        14
        98
       286
        15
        16
        18
       857
       865
        15
        16
        20
       218
       857
        17
        18
        19
       293
       395
        15
        17
        18
       395
       865
        17
        19
        20
       217
       293
        16
        19
        20
       217
       218
        21
        22
        24
       305
       368
        21
        22
        23
       368
       850
        22
        23
        25
       289
       850
        21
        24
        25
       290
       305
        23
        24
        25
       289
       290
        26
        27
        30
        51
        52
        26
        27
        28
        51
       220
        27
        28
        29
       220
       275
        28
        29
        30
       275
       863
        26
        29
        30
        52
       863
        31
        32
        34
       291
       430
        31
        32
        33
       291
       292
        32
        33
        35
       292
       856
        31
        34
        35
       430
       431
        33
        34
        35
       431
       856
        36
        37
        39
       243
       871
        36
        37
        40
       240
       243
        38
        39
        40
       101
       102
        36
        38
        39
       101
       871
        37
        38
        40
       102
       240
        41
        42
        45
       233
       889
        41
        42
        44
       233
       234
        43
        44
        46
       309
       310
        42
        43
        44
       234
       309
        41
        45
        46
       889
       891
        43
        45
        46
       310
       891
         3
         4
        47
        49
       264
         1
         4
        48
        50
       218
        47
        49
        50
       219
       264
        48
        49
        50
       218
       219
        26
        27
        51
        53
       221
        26
        30
        52
        55
       864
        51
        53
        54
       221
       388
        53
        54
        55
       388
       875
        52
        54
        55
       864
       875
        56
        57
        58
       320
       450
        56
        57
        59
       320
       321
        56
        58
        60
       450
       451
        57
        59
        60
       321
       419
        58
        59
        60
       419
       451
        61
        62
        64
       270
       877
        61
        62
        65
       225
       270
        63
        64
        66
       411
       412
        61
        63
        64
       411
       877
        62
        65
        66
       225
       226
        63
        65
        66
       226
       412
        67
        68
        69
       411
       878
        67
        68
        70
       878
       880
        67
        69
        73
       277
       411
        68
        70
        71
       376
       880
        70
        71
        72
       303
       376
        71
        72
        73
       276
       303
        69
        72
        73
       276
       277
        74
        75
        79
       449
       873
        74
        75
        76
       275
       873
        75
        76
        77
       272
       275
        76
        77
        78
       229
       272
        77
        78
        79
       229
       230
        74
        78
        79
       230
       449
        80
        81
        82
       453
       455
        80
        81
        83
       282
       455
        80
        82
        83
       281
       453
        81
        82
        83
       281
       282
        84
        85
        90
       436
       859
        84
        85
        86
       436
       437
        85
        86
        87
       365
       437
        86
        87
        89
       235
       365
        88
        89
        90
       233
       874
        87
        88
        89
       233
       235
        84
        88
        90
       859
       874
        91
        92
        95
       389
       390
        91
        92
        93
       236
       389
        92
        93
        94
       236
       237
        93
        94
        96
       237
       311
        91
        95
        96
       390
       890
        94
        95
        96
       311
       890
        12
        13
        97
        99
       376
        13
        14
        98
       100
       287
        97
        99
       100
       295
       376
        98
        99
       100
       287
       295
        38
        39
       101
       105
       861
        38
        40
       102
       106
       241
       103
       104
       106
       312
       432
       103
       104
       105
       432
       852
       101
       104
       105
       852
       861
       102
       103
       106
       241
       312
       107
       108
       110
       420
       452
       107
       108
       111
       351
       420
       109
       110
       111
       350
       451
       107
       109
       110
       451
       452
       108
       109
       111
       350
       351
       112
       113
       115
       316
       371
       112
       113
       116
       371
       452
       114
       115
       116
       315
       419
       112
       114
       115
       315
       316
       113
       114
       116
       419
       452
       117
       118
       119
       345
       362
       117
       118
       121
       362
       393
       117
       119
       120
       294
       345
       119
       120
       121
       293
       294
       118
       120
       121
       293
       393
       122
       123
       125
       420
       421
       122
       123
       126
       420
       443
       124
       125
       126
       358
       359
       122
       124
       125
       358
       421
       123
       124
       126
       359
       443
       127
       128
       129
       378
       399
       127
       128
       130
       377
       378
       127
       129
       131
       304
       399
       128
       130
       131
       303
       377
       129
       130
       131
       303
       304
       132
       133
       136
       321
       417
       132
       133
       134
       321
       322
       133
       134
       135
       322
       394
       134
       135
       136
       394
       408
       132
       135
       136
       408
       417
       137
       138
       141
       413
       422
       137
       138
       139
       325
       422
       138
       139
       140
       325
       326
       139
       140
       141
       326
       400
       137
       140
       141
       400
       413
       142
       143
       146
       312
       313
       142
       143
       144
       313
       354
       143
       144
       145
       354
       433
       144
       145
       146
       430
       433
       142
       145
       146
       312
       430
       147
       148
       151
       347
       378
       147
       148
       149
       378
       401
       148
       149
       150
       401
       441
       149
       150
       151
       348
       441
       147
       150
       151
       347
       348
       152
       153
       154
       330
       331
       152
       153
       155
       330
       374
       152
       154
       156
       331
       392
       153
       155
       156
       374
       391
       154
       155
       156
       391
       392
       157
       158
       159
       424
       442
       157
       158
       161
       381
       442
       157
       159
       160
       335
       424
       159
       160
       161
       335
       336
       158
       160
       161
       336
       381
       162
       163
       166
       384
       385
       162
       163
       164
       384
       409
       163
       164
       165
       340
       409
       164
       165
       166
       340
       341
       162
       165
       166
       341
       385
       167
       168
       171
       287
       296
       167
       168
       169
       296
       349
       168
       169
       170
       349
       440
       169
       170
       171
       288
       440
       167
       170
       171
       287
       288
       172
       173
       174
       408
       418
       172
       173
       176
       406
       408
       172
       174
       175
       386
       418
       174
       175
       176
       386
       387
       173
       175
       176
       387
       406
       177
       178
       179
       363
       407
       177
       178
       180
       345
       363
       177
       179
       181
       370
       407
       178
       180
       181
       345
       346
       179
       180
       181
       346
       370
       182
       183
       185
       366
       425
       182
       183
       186
       392
       425
       184
       185
       186
       352
       353
       182
       184
       185
       352
       366
       183
       184
       186
       353
       392
       187
       188
       191
       438
       457
       187
       188
       189
       423
       438
       188
       189
       190
       361
       423
       189
       190
       191
       360
       361
       187
       190
       191
       360
       457
       192
       193
       196
       410
       433
       192
       193
       194
       306
       410
       193
       194
       195
       290
       306
       194
       195
       196
       290
       291
       192
       195
       196
       291
       433
       197
       198
       199
       372
       397
       197
       198
       200
       397
       458
       197
       199
       201
       372
       373
       198
       200
       201
       444
       458
       199
       200
       201
       373
       444
       202
       203
       204
       448
       455
       202
       203
       206
       404
       455
       202
       204
       205
       427
       448
       204
       205
       206
       405
       427
       203
       205
       206
       404
       405
       207
       208
       209
       402
       453
       207
       208
       211
       428
       453
       207
       209
       210
       402
       403
       209
       210
       211
       403
       429
       208
       210
       211
       428
       429
       212
       213
       214
       242
       379
       212
       213
       215
       379
       447
       212
       214
       216
       240
       242
       213
       215
       216
       244
       447
       214
       215
       216
       240
       244
        19
        20
       217
       219
       265
        16
        20
        48
        50
       218
        49
        50
       217
       219
       265
        27
        28
       220
       224
       272
        51
        53
       221
       222
       389
       221
       222
       223
       374
       389
       222
       223
       224
       273
       374
       220
       223
       224
       272
       273
        62
        65
       225
       227
       269
        65
        66
       226
       228
       298
       225
       227
       228
       269
       299
       226
       227
       228
       298
       299
        77
        78
       229
       231
       274
        78
        79
       230
       232
       447
       229
       231
       232
       274
       445
       230
       231
       232
       445
       447
        41
        42
        88
        89
       233
        42
        44
       234
       235
       352
        87
        89
       234
       235
       352
        92
        93
       236
       239
       391
        93
        94
       237
       238
       309
       237
       238
       239
       309
       353
       236
       238
       239
       353
       391
        37
        40
       214
       216
       240
       102
       106
       241
       242
       314
       212
       214
       241
       242
       314
        36
        37
       243
       245
       872
       215
       216
       244
       245
       449
       243
       244
       245
       449
       872
       246
       247
       250
       397
       454
       246
       247
       251
       428
       454
       248
       249
       250
       398
       415
       248
       249
       251
       415
       416
       246
       248
       250
       397
       398
       247
       249
       251
       416
       428
       252
       253
       256
       438
       456
       252
       253
       257
       404
       456
       254
       255
       256
       382
       439
       254
       255
       257
       382
       383
       252
       254
       256
       438
       439
       253
       255
       257
       383
       404
       258
       259
       260
       379
       380
       258
       259
       263
       379
       445
       258
       260
       261
       380
       402
       260
       261
       262
       402
       448
       261
       262
       263
       446
       448
       259
       262
       263
       445
       446
        47
        49
       264
       266
       369
       217
       219
       265
       267
       294
       264
       266
       267
       346
       369
       265
       266
       267
       294
       346
         5
         6
       268
       271
       884
         5
         8
       225
       227
       269
        61
        62
       270
       271
       881
       268
       270
       271
       881
       884
        76
        77
       220
       224
       272
       223
       224
       273
       274
       375
       229
       231
       273
       274
       375
        28
        29
        75
        76
       275
        72
        73
       276
       279
       304
        69
        73
       277
       280
       412
       278
       279
       280
       400
       414
       276
       278
       279
       304
       400
       277
       278
       280
       412
       414
        82
        83
       281
       283
       454
        81
        83
       282
       284
       456
       281
       283
       285
       454
       458
       282
       284
       285
       456
       457
       283
       284
       285
       457
       458
        10
        14
       286
       288
       437
        98
       100
       167
       171
       287
       170
       171
       286
       288
       437
        23
        25
       289
       292
       851
        24
        25
       194
       195
       290
        31
        32
       195
       196
       291
        32
        33
       289
       292
       851
        17
        19
       120
       121
       293
       119
       120
       265
       267
       294
        99
       100
       295
       297
       377
       167
       168
       296
       297
       347
       295
       296
       297
       347
       377
       226
       228
       298
       301
       414
       227
       228
       299
       302
       351
       300
       301
       302
       413
       421
       298
       300
       301
       413
       414
       299
       300
       302
       351
       421
        71
        72
       130
       131
       303
       129
       131
       276
       279
       304
        21
        24
       305
       307
       369
       193
       194
       306
       308
       409
       305
       307
       308
       369
       370
       306
       307
       308
       370
       409
        43
        44
       237
       238
       309
        43
        46
       310
       311
       892
        94
        96
       310
       311
       892
       103
       106
       142
       146
       312
       142
       143
       313
       314
       355
       241
       242
       313
       314
       355
       114
       115
       315
       317
       417
       112
       115
       316
       319
       372
       315
       317
       318
       417
       418
       317
       318
       319
       398
       418
       316
       318
       319
       372
       398
        56
        57
       320
       324
       883
        57
        59
       132
       133
       321
       133
       134
       322
       323
       393
       322
       323
       324
       393
       396
       320
       323
       324
       396
       883
       138
       139
       325
       329
       423
       139
       140
       326
       327
       399
       326
       327
       328
       399
       401
       327
       328
       329
       401
       439
       325
       328
       329
       423
       439
       152
       153
       330
       332
       375
       152
       154
       331
       334
       426
       330
       332
       333
       375
       446
       332
       333
       334
       427
       446
       331
       333
       334
       426
       427
       159
       160
       335
       337
       425
       160
       161
       336
       338
       383
       335
       337
       339
       425
       426
       336
       338
       339
       383
       405
       337
       338
       339
       405
       426
       164
       165
       340
       342
       410
       165
       166
       341
       343
       416
       340
       342
       344
       410
       434
       341
       343
       344
       416
       429
       342
       343
       344
       429
       434
       117
       119
       178
       180
       345
       180
       181
       266
       267
       346
       147
       151
       296
       297
       347
       150
       151
       348
       349
       442
       168
       169
       348
       349
       442
         8
         9
       109
       111
       350
       108
       111
       299
       302
       351
       184
       185
       234
       235
       352
       184
       186
       238
       239
       353
       143
       144
       354
       357
       434
       313
       314
       355
       356
       380
       355
       356
       357
       380
       403
       354
       356
       357
       403
       434
       124
       125
       358
       361
       422
       124
       126
       359
       360
       444
       190
       191
       359
       360
       444
       189
       190
       358
       361
       422
       117
       118
       362
       364
       394
       177
       178
       363
       364
       406
       362
       363
       364
       394
       406
        86
        87
       365
       367
       440
       182
       185
       366
       367
       424
       365
       366
       367
       424
       440
         2
         3
        21
        22
       368
       264
       266
       305
       307
       369
       179
       181
       307
       308
       370
       112
       113
       371
       373
       443
       197
       199
       316
       319
       372
       199
       201
       371
       373
       443
       153
       155
       222
       223
       374
       273
       274
       330
       332
       375
        70
        71
        97
        99
       376
       128
       130
       295
       297
       377
       127
       128
       147
       148
       378
       212
       213
       258
       259
       379
       258
       260
       355
       356
       380
       158
       161
       381
       382
       441
       254
       255
       381
       382
       441
       255
       257
       336
       338
       383
       162
       163
       384
       387
       407
       162
       166
       385
       386
       415
       174
       175
       385
       386
       415
       175
       176
       384
       387
       407
        53
        54
       388
       390
       888
        91
        92
       221
       222
       389
        91
        95
       388
       390
       888
       155
       156
       236
       239
       391
       154
       156
       183
       186
       392
       118
       121
       322
       323
       393
       134
       135
       362
       364
       394
        17
        18
       395
       396
       885
       323
       324
       395
       396
       885
       197
       198
       246
       250
       397
       248
       250
       318
       319
       398
       127
       129
       326
       327
       399
       140
       141
       278
       279
       400
       148
       149
       327
       328
       401
       207
       209
       260
       261
       402
       209
       210
       356
       357
       403
       203
       206
       253
       257
       404
       205
       206
       338
       339
       405
       173
       176
       363
       364
       406
       177
       179
       384
       387
       407
       135
       136
       172
       173
       408
       163
       164
       306
       308
       409
       192
       193
       340
       342
       410
        63
        64
        67
        69
       411
        63
        66
       277
       280
       412
       137
       141
       300
       301
       413
       278
       280
       298
       301
       414
       248
       249
       385
       386
       415
       249
       251
       341
       343
       416
       132
       136
       315
       317
       417
       172
       174
       317
       318
       418
        59
        60
       114
       116
       419
       107
       108
       122
       123
       420
       122
       125
       300
       302
       421
       137
       138
       358
       361
       422
       188
       189
       325
       329
       423
       157
       159
       366
       367
       424
       182
       183
       335
       337
       425
       331
       334
       337
       339
       426
       204
       205
       333
       334
       427
       208
       211
       247
       251
       428
       210
       211
       343
       344
       429
        31
        34
       145
       146
       430
        34
        35
       431
       432
       853
       103
       104
       431
       432
       853
       144
       145
       192
       196
       433
       342
       344
       354
       357
       434
        10
        11
       435
       436
       860
        84
        85
       435
       436
       860
        85
        86
       286
       288
       437
       187
       188
       252
       256
       438
       254
       256
       328
       329
       439
       169
       170
       365
       367
       440
       149
       150
       381
       382
       441
       157
       158
       348
       349
       442
       123
       126
       371
       373
       443
       200
       201
       359
       360
       444
       231
       232
       259
       263
       445
       262
       263
       332
       333
       446
       213
       215
       230
       232
       447
       202
       204
       261
       262
       448
        74
        79
       244
       245
       449
         7
         9
        56
        58
       450
        58
        60
       109
       110
       451
       107
       110
       113
       116
       452
        80
        82
       207
       208
       453
       246
       247
       281
       283
       454
        80
        81
       202
       203
       455
       252
       253
       282
       284
       456
       187
       191
       284
       285
       457
       198
       200
       283
       285
       458
       459
       460
       463
       898
       899
       459
       460
       461
       707
       898
       460
       461
       462
       510
       707
       461
       462
       463
       510
       511
       459
       462
       463
       511
       899
       464
       465
       468
       515
       671
       464
       465
       466
       671
       858
       465
       466
       467
       858
       912
       466
       467
       468
       514
       912
       464
       467
       468
       514
       515
       469
       470
       472
       835
       855
       469
       470
       471
       520
       855
       470
       471
       472
       519
       520
       469
       471
       472
       519
       835
       473
       474
       477
       523
       524
       473
       474
       475
       523
       905
       474
       475
       476
       902
       905
       475
       476
       477
       669
       902
       473
       476
       477
       524
       669
       478
       479
       482
       672
       673
       478
       479
       480
       555
       672
       479
       480
       481
       555
       556
       480
       481
       482
       556
       894
       478
       481
       482
       673
       894
       483
       484
       487
       660
       814
       483
       484
       486
       660
       661
       485
       486
       488
       896
       897
       484
       485
       486
       661
       896
       483
       487
       488
       814
       849
       485
       487
       488
       849
       897
       489
       490
       491
       714
       755
       489
       490
       492
       528
       714
       489
       491
       493
       755
       856
       490
       492
       493
       528
       529
       491
       492
       493
       529
       856
       494
       495
       498
       720
       818
       494
       495
       496
       560
       720
       495
       496
       499
       560
       561
       497
       498
       499
       906
       908
       494
       497
       498
       818
       906
       496
       497
       499
       561
       908
       500
       501
       502
       709
       789
       500
       501
       503
       706
       709
       500
       502
       504
       789
       910
       501
       503
       504
       705
       706
       502
       503
       504
       705
       910
       505
       506
       507
       835
       850
       505
       506
       508
       835
       836
       505
       507
       509
       756
       850
       506
       508
       509
       757
       836
       507
       508
       509
       756
       757
       461
       462
       510
       513
       708
       462
       463
       511
       512
       662
       511
       512
       513
       662
       663
       510
       512
       513
       663
       708
       467
       468
       514
       516
       904
       464
       468
       515
       517
       672
       514
       516
       518
       795
       904
       515
       517
       518
       672
       693
       516
       517
       518
       693
       795
       471
       472
       519
       521
       696
       470
       471
       520
       522
       665
       519
       521
       522
       664
       696
       520
       521
       522
       664
       665
       473
       474
       523
       525
       911
       473
       477
       524
       527
       670
       523
       525
       526
       705
       911
       525
       526
       527
       700
       705
       524
       526
       527
       670
       700
       490
       492
       528
       533
       674
       492
       493
       529
       530
       853
       529
       530
       531
       853
       854
       530
       531
       532
       854
       867
       531
       532
       533
       675
       867
       528
       532
       533
       674
       675
       534
       535
       538
       724
       725
       534
       535
       536
       724
       849
       535
       536
       537
       837
       849
       536
       537
       538
       741
       837
       534
       537
       538
       725
       741
       539
       540
       542
       795
       903
       539
       540
       544
       669
       903
       541
       542
       543
       701
       736
       539
       541
       542
       736
       795
       541
       543
       544
       670
       701
       540
       543
       544
       669
       670
       545
       546
       547
       675
       868
       545
       546
       548
       764
       868
       545
       547
       550
       675
       676
       546
       548
       549
       761
       764
       548
       549
       550
       730
       761
       547
       549
       550
       676
       730
       551
       552
       553
       677
       844
       551
       552
       554
       716
       844
       551
       553
       554
       677
       678
       552
       553
       554
       678
       716
       479
       480
       555
       559
       694
       480
       481
       556
       557
       900
       556
       557
       558
       707
       900
       557
       558
       559
       702
       707
       555
       558
       559
       694
       702
       495
       496
       560
       564
       683
       496
       499
       561
       562
       909
       561
       562
       563
       789
       909
       562
       563
       564
       684
       789
       560
       563
       564
       683
       684
       565
       566
       568
       733
       812
       565
       566
       567
       733
       734
       566
       567
       569
       734
       806
       565
       568
       569
       805
       812
       567
       568
       569
       805
       806
       570
       571
       572
       833
       839
       570
       571
       573
       799
       833
       570
       572
       574
       772
       839
       571
       573
       574
       773
       799
       572
       573
       574
       772
       773
       575
       576
       578
       791
       828
       575
       576
       579
       813
       828
       577
       578
       579
       790
       805
       575
       577
       578
       790
       791
       576
       577
       579
       805
       813
       580
       581
       584
       712
       800
       580
       581
       582
       767
       800
       581
       582
       583
       739
       767
       582
       583
       584
       713
       739
       580
       583
       584
       712
       713
       585
       586
       589
       736
       793
       585
       586
       587
       736
       737
       586
       587
       588
       737
       810
       587
       588
       589
       794
       810
       585
       588
       589
       793
       794
       590
       591
       593
       808
       815
       590
       591
       594
       791
       815
       592
       593
       594
       792
       807
       590
       592
       593
       807
       808
       591
       592
       594
       791
       792
       595
       596
       599
       803
       830
       595
       596
       597
       745
       803
       596
       597
       598
       745
       746
       597
       598
       599
       746
       848
       595
       598
       599
       830
       848
       600
       601
       604
       786
       811
       600
       601
       602
       771
       811
       601
       602
       603
       770
       771
       602
       603
       604
       770
       785
       600
       603
       604
       785
       786
       605
       606
       607
       806
       810
       605
       606
       608
       810
       811
       605
       607
       609
       790
       806
       606
       608
       609
       792
       811
       607
       608
       609
       790
       792
       610
       611
       612
       706
       710
       610
       611
       614
       710
       738
       610
       612
       613
       700
       706
       612
       613
       614
       700
       701
       611
       613
       614
       701
       738
       615
       616
       618
       828
       829
       615
       616
       619
       825
       828
       617
       618
       619
       777
       778
       615
       617
       618
       777
       829
       616
       617
       619
       778
       825
       620
       621
       622
       812
       814
       620
       621
       623
       814
       837
       620
       622
       624
       751
       812
       621
       623
       624
       750
       837
       622
       623
       624
       750
       751
       625
       626
       627
       765
       844
       625
       626
       629
       796
       844
       625
       627
       628
       761
       765
       627
       628
       629
       761
       762
       626
       628
       629
       762
       796
       630
       631
       632
       774
       816
       630
       631
       633
       774
       775
       630
       632
       634
       816
       817
       631
       633
       634
       775
       826
       632
       633
       634
       817
       826
       635
       636
       639
       827
       841
       635
       636
       637
       804
       841
       636
       637
       638
       780
       804
       637
       638
       639
       779
       780
       635
       638
       639
       779
       827
       640
       641
       644
       739
       768
       640
       641
       642
       768
       831
       641
       642
       643
       758
       831
       642
       643
       644
       740
       758
       640
       643
       644
       739
       740
       645
       646
       648
       731
       823
       645
       646
       649
       715
       731
       647
       648
       649
       714
       757
       645
       647
       648
       757
       823
       646
       647
       649
       714
       715
       650
       651
       652
       781
       824
       650
       651
       654
       781
       782
       650
       652
       653
       822
       824
       652
       653
       654
       820
       822
       651
       653
       654
       782
       820
       655
       656
       659
       833
       834
       655
       656
       657
       833
       840
       656
       657
       658
       783
       840
       657
       658
       659
       783
       784
       655
       658
       659
       784
       834
       483
       484
       660
       663
       733
       484
       486
       661
       662
       901
       511
       512
       661
       662
       901
       512
       513
       660
       663
       733
       521
       522
       664
       668
       697
       520
       522
       665
       666
       857
       665
       666
       667
       801
       857
       666
       667
       668
       712
       801
       664
       667
       668
       697
       712
       476
       477
       540
       544
       669
       524
       527
       543
       544
       670
       464
       465
       671
       673
       895
       478
       479
       515
       517
       672
       478
       482
       671
       673
       895
       528
       533
       674
       676
       715
       532
       533
       545
       547
       675
       547
       550
       674
       676
       715
       551
       553
       677
       679
       845
       553
       554
       678
       680
       717
       677
       679
       682
       845
       907
       678
       680
       681
       717
       776
       680
       681
       682
       776
       818
       679
       681
       682
       818
       907
       560
       564
       683
       685
       721
       563
       564
       684
       686
       788
       683
       685
       686
       721
       785
       684
       685
       686
       785
       788
       687
       688
       691
       841
       842
       687
       688
       692
       796
       842
       689
       690
       691
       821
       843
       689
       690
       692
       797
       821
       687
       689
       691
       841
       843
       688
       690
       692
       796
       797
       517
       518
       693
       695
       793
       555
       559
       694
       695
       703
       693
       694
       695
       703
       793
       519
       521
       696
       698
       759
       664
       668
       697
       699
       713
       696
       698
       699
       740
       759
       697
       698
       699
       713
       740
       526
       527
       612
       613
       700
       541
       543
       613
       614
       701
       558
       559
       702
       704
       708
       694
       695
       703
       704
       735
       702
       703
       704
       708
       735
       503
       504
       525
       526
       705
       501
       503
       610
       612
       706
       460
       461
       557
       558
       707
       510
       513
       702
       704
       708
       500
       501
       709
       711
       788
       610
       611
       710
       711
       770
       709
       710
       711
       770
       788
       580
       584
       667
       668
       712
       583
       584
       697
       699
       713
       489
       490
       647
       649
       714
       646
       649
       674
       676
       715
       552
       554
       716
       718
       842
       678
       680
       717
       719
       775
       716
       718
       719
       827
       842
       717
       718
       719
       775
       827
       494
       495
       720
       723
       819
       683
       685
       721
       722
       787
       721
       722
       723
       787
       809
       720
       722
       723
       809
       819
       534
       535
       724
       726
       876
       534
       538
       725
       729
       742
       724
       726
       727
       802
       876
       726
       727
       728
       800
       802
       727
       728
       729
       773
       800
       725
       728
       729
       742
       773
       549
       550
       730
       732
       763
       645
       646
       731
       732
       822
       730
       731
       732
       763
       822
       565
       566
       660
       663
       733
       566
       567
       734
       735
       794
       703
       704
       734
       735
       794
       541
       542
       585
       586
       736
       586
       587
       737
       738
       771
       611
       614
       737
       738
       771
       582
       583
       640
       644
       739
       643
       644
       698
       699
       740
       537
       538
       741
       743
       838
       725
       729
       742
       744
       772
       741
       743
       744
       838
       848
       742
       743
       744
       772
       848
       596
       597
       745
       749
       804
       597
       598
       746
       747
       839
       746
       747
       748
       839
       840
       747
       748
       749
       840
       843
       745
       748
       749
       804
       843
       623
       624
       750
       753
       838
       622
       624
       751
       754
       813
       752
       753
       754
       829
       830
       750
       752
       753
       830
       838
       751
       752
       754
       813
       829
       489
       491
       755
       756
       851
       507
       509
       755
       756
       851
       508
       509
       647
       648
       757
       642
       643
       758
       760
       832
       696
       698
       759
       760
       836
       758
       759
       760
       832
       836
       548
       549
       627
       628
       761
       628
       629
       762
       763
       798
       730
       732
       762
       763
       798
       546
       548
       764
       766
       869
       625
       627
       765
       766
       846
       764
       765
       766
       846
       869
       581
       582
       767
       769
       799
       640
       641
       768
       769
       834
       767
       768
       769
       799
       834
       602
       603
       710
       711
       770
       601
       602
       737
       738
       771
       572
       574
       742
       744
       772
       573
       574
       728
       729
       773
       630
       631
       774
       776
       819
       631
       633
       717
       719
       775
       680
       681
       774
       776
       819
       617
       618
       777
       780
       803
       617
       619
       778
       779
       826
       638
       639
       778
       779
       826
       637
       638
       777
       780
       803
       650
       651
       781
       784
       831
       651
       654
       782
       783
       821
       657
       658
       782
       783
       821
       658
       659
       781
       784
       831
       603
       604
       685
       686
       785
       600
       604
       786
       787
       807
       721
       722
       786
       787
       807
       684
       686
       709
       711
       788
       500
       502
       562
       563
       789
       577
       578
       607
       609
       790
       575
       578
       591
       594
       791
       592
       594
       608
       609
       792
       585
       589
       693
       695
       793
       588
       589
       734
       735
       794
       516
       518
       539
       542
       795
       626
       629
       688
       692
       796
       690
       692
       797
       798
       820
       762
       763
       797
       798
       820
       571
       573
       767
       769
       799
       580
       581
       727
       728
       800
       666
       667
       801
       802
       866
       726
       727
       801
       802
       866
       595
       596
       777
       780
       803
       636
       637
       745
       749
       804
       568
       569
       577
       579
       805
       567
       569
       605
       607
       806
       592
       593
       786
       787
       807
       590
       593
       808
       809
       816
       722
       723
       808
       809
       816
       587
       588
       605
       606
       810
       600
       601
       606
       608
       811
       565
       568
       620
       622
       812
       576
       579
       751
       754
       813
       483
       487
       620
       621
       814
       590
       591
       815
       817
       825
       630
       632
       808
       809
       816
       632
       634
       815
       817
       825
       494
       498
       681
       682
       818
       720
       723
       774
       776
       819
       653
       654
       797
       798
       820
       689
       690
       782
       783
       821
       652
       653
       731
       732
       822
       645
       648
       823
       824
       832
       650
       652
       823
       824
       832
       616
       619
       815
       817
       825
       633
       634
       778
       779
       826
       635
       639
       718
       719
       827
       575
       576
       615
       616
       828
       615
       618
       752
       754
       829
       595
       599
       752
       753
       830
       641
       642
       781
       784
       831
       758
       760
       823
       824
       832
       570
       571
       655
       656
       833
       655
       659
       768
       769
       834
       469
       472
       505
       506
       835
       506
       508
       759
       760
       836
       536
       537
       621
       623
       837
       741
       743
       750
       753
       838
       570
       572
       746
       747
       839
       656
       657
       747
       748
       840
       635
       636
       687
       691
       841
       687
       688
       716
       718
       842
       689
       691
       748
       749
       843
       551
       552
       625
       626
       844
       677
       679
       845
       847
       887
       765
       766
       846
       847
       870
       845
       846
       847
       870
       887
       598
       599
       743
       744
       848
       487
       488
       535
       536
       849
        22
        23
       505
       507
       850
       289
       292
       755
       756
       851
       104
       105
       852
       854
       862
       431
       432
       529
       530
       853
       530
       531
       852
       854
       862
         1
         2
       469
       470
       855
        33
        35
       491
       493
       856
        15
        16
       665
       666
       857
       465
       466
       858
       886
       893
        84
        90
       859
       435
       436
       860
       101
       105
       861
       852
       854
       862
        29
        30
       863
        52
        55
       864
        15
        18
       865
       801
       802
       866
       531
       532
       867
       545
       546
       868
       764
       766
       869
       846
       847
       870
        36
        39
       871
       243
       245
       872
        74
        75
       873
        88
        90
       874
        54
        55
       875
       724
       726
       876
        61
        64
       877
        67
        68
       878
        11
        12
       879
        68
        70
       880
       270
       271
       881
         6
         7
       882
       320
       324
       883
       268
       271
       884
       395
       396
       885
       858
       886
       893
       845
       847
       887
       388
       390
       888
        41
        45
       889
        95
        96
       890
        45
        46
       891
       310
       311
       892
       858
       886
       893
       481
       482
       894
       671
       673
       895
       485
       486
       896
       485
       488
       897
       459
       460
       898
       459
       463
       899
       556
       557
       900
       661
       662
       901
       475
       476
       902
       539
       540
       903
       514
       516
       904
       474
       475
       905
       497
       498
       906
       679
       682
       907
       497
       499
       908
       561
       562
       909
       502
       504
       910
       523
       525
       911
       466
       467
       912
