         2
         3
         4
        16
        48
       218
       470
       520
       665
       855
       857
         1
         3
         4
        22
       368
       469
       505
       835
       850
       855
         1
         2
         4
        21
        47
       264
       305
       368
       369
         1
         2
         3
        47
        48
        49
        50
         6
         7
         8
         9
        62
       225
       268
       269
       270
       271
         5
         7
         8
         9
       268
       882
       884
         5
         6
         8
         9
        56
       320
       450
       882
       883
         5
         6
         7
         9
       111
       227
       269
       299
       350
       351
         5
         6
         7
         8
        58
       109
       350
       450
       451
        11
        12
        13
        14
        85
       286
       435
       436
       437
        10
        12
        13
        14
       435
       860
       879
        10
        11
        13
        14
        70
        97
       376
       879
       880
        10
        11
        12
        14
        97
        98
        99
       100
        10
        11
        12
        13
        98
       171
       286
       287
       288
        16
        17
        18
        19
        20
       666
       801
       857
       865
       866
        15
        17
        18
        19
        20
         1
        48
       218
       470
       520
       665
       855
       857
        15
        16
        18
        19
        20
       121
       293
       323
       393
       395
       396
        15
        16
        17
        19
        20
       395
       865
       885
        15
        16
        17
        18
        20
       120
       217
       265
       293
       294
        15
        16
        17
        18
        19
        50
       217
       218
       219
        22
        23
        24
        25
         3
        47
       264
       305
       368
       369
        21
        23
        24
        25
         2
       368
       469
       505
       835
       850
       855
        21
        22
        24
        25
       289
       507
       756
       850
       851
        21
        22
        23
        25
       194
       290
       305
       306
       307
       308
        21
        22
        23
        24
        32
       195
       289
       290
       291
       292
        27
        28
        29
        30
        51
        52
        53
        54
        55
        26
        28
        29
        30
        51
       220
       221
       222
       223
       224
        26
        27
        29
        30
        76
       220
       272
       275
        26
        27
        28
        30
        75
       275
       863
       873
        26
        27
        28
        29
        52
       863
       864
        32
        33
        34
        35
       145
       196
       291
       430
       433
        31
        33
        34
        35
        25
       195
       289
       290
       291
       292
        31
        32
        34
        35
       292
       491
       755
       851
       856
        31
        32
        33
        35
       103
       146
       312
       430
       431
       432
        31
        32
        33
        34
       431
       493
       529
       853
       856
        37
        38
        39
        40
       243
       871
       872
        36
        38
        39
        40
       216
       240
       243
       244
       245
        36
        37
        39
        40
       101
       102
       103
       104
       105
       106
        36
        37
        38
        40
       101
       861
       871
        36
        37
        38
        39
       102
       214
       240
       241
       242
        42
        43
        44
        45
        46
        88
       233
       874
       889
        41
        43
        44
        45
        46
        89
       233
       234
       235
        41
        42
        44
        45
        46
        94
       237
       309
       310
       311
        41
        42
        43
        45
        46
       184
       234
       238
       309
       352
       353
        41
        42
        43
        44
        46
       889
       891
        41
        42
        43
        44
        45
       310
       891
       892
         4
        48
        49
        50
         3
        21
       264
       305
       368
       369
         4
        47
        49
        50
         1
        16
       218
       470
       520
       665
       855
       857
         4
        47
        48
        50
       219
       264
       265
       266
       267
         4
        47
        48
        49
        20
       217
       218
       219
        26
        52
        53
        54
        55
        27
       220
       221
       222
       223
       224
        26
        51
        53
        54
        55
        30
       863
       864
        26
        51
        52
        54
        55
        91
       221
       388
       389
       390
        26
        51
        52
        53
        55
       388
       875
       888
        26
        51
        52
        53
        54
       864
       875
        57
        58
        59
        60
         7
       320
       450
       882
       883
        56
        58
        59
        60
       133
       320
       321
       322
       323
       324
        56
        57
        59
        60
         9
       109
       350
       450
       451
        56
        57
        58
        60
       114
       132
       315
       321
       417
       419
        56
        57
        58
        59
       110
       116
       419
       451
       452
        62
        63
        64
        65
        66
       270
       877
       881
        61
        63
        64
        65
        66
         5
       225
       268
       269
       270
       271
        61
        62
        64
        65
        66
        69
       277
       411
       412
        61
        62
        63
        65
        66
        67
       411
       877
       878
        61
        62
        63
        64
        66
       225
       226
       227
       228
        61
        62
        63
        64
        65
       226
       280
       298
       412
       414
        68
        69
        70
        71
        72
        73
        64
       411
       877
       878
        67
        69
        70
        71
        72
        73
       878
       880
        67
        68
        70
        71
        72
        73
        63
       277
       411
       412
        67
        68
        69
        71
        72
        73
        12
        97
       376
       879
       880
        67
        68
        69
        70
        72
        73
        99
       130
       295
       303
       376
       377
        67
        68
        69
        70
        71
        73
       131
       276
       303
       304
        67
        68
        69
        70
        71
        72
       276
       277
       278
       279
       280
        75
        76
        77
        78
        79
       245
       449
       872
       873
        74
        76
        77
        78
        79
        29
       275
       863
       873
        74
        75
        77
        78
        79
        28
       220
       272
       275
        74
        75
        76
        78
        79
       224
       229
       272
       273
       274
        74
        75
        76
        77
        79
       229
       230
       231
       232
        74
        75
        76
        77
        78
       215
       230
       244
       447
       449
        81
        82
        83
       202
       207
       261
       402
       448
       453
       455
        80
        82
        83
       203
       253
       282
       404
       455
       456
        80
        81
        83
       208
       247
       281
       428
       453
       454
        80
        81
        82
       281
       282
       283
       284
       285
        85
        86
        87
        88
        89
        90
       436
       859
       860
        84
        86
        87
        88
        89
        90
        10
       286
       435
       436
       437
        84
        85
        87
        88
        89
        90
       170
       288
       365
       437
       440
        84
        85
        86
        88
        89
        90
       185
       235
       352
       365
       366
       367
        84
        85
        86
        87
        89
        90
        41
       233
       874
       889
        84
        85
        86
        87
        88
        90
        42
       233
       234
       235
        84
        85
        86
        87
        88
        89
       859
       874
        92
        93
        94
        95
        96
        53
       221
       388
       389
       390
        91
        93
        94
        95
        96
       155
       222
       236
       374
       389
       391
        91
        92
        94
        95
        96
       236
       237
       238
       239
        91
        92
        93
        95
        96
        43
       237
       309
       310
       311
        91
        92
        93
        94
        96
       390
       888
       890
        91
        92
        93
        94
        95
       311
       890
       892
        13
        98
        99
       100
        12
        70
       376
       879
       880
        13
        97
        99
       100
        14
       171
       286
       287
       288
        13
        97
        98
       100
        71
       130
       295
       303
       376
       377
        13
        97
        98
        99
       167
       287
       295
       296
       297
        38
       102
       103
       104
       105
       106
        39
       861
       871
        38
       101
       103
       104
       105
       106
        40
       214
       240
       241
       242
        38
       101
       102
       104
       105
       106
        34
       146
       312
       430
       431
       432
        38
       101
       102
       103
       105
       106
       432
       530
       852
       853
       854
        38
       101
       102
       103
       104
       106
       852
       861
       862
        38
       101
       102
       103
       104
       105
       142
       241
       312
       313
       314
       108
       109
       110
       111
       113
       123
       371
       420
       443
       452
       107
       109
       110
       111
       122
       302
       351
       420
       421
       107
       108
       110
       111
         9
        58
       350
       450
       451
       107
       108
       109
       111
        60
       116
       419
       451
       452
       107
       108
       109
       110
         8
       227
       269
       299
       350
       351
       113
       114
       115
       116
       199
       316
       371
       372
       373
       112
       114
       115
       116
       107
       123
       371
       420
       443
       452
       112
       113
       115
       116
        59
       132
       315
       321
       417
       419
       112
       113
       114
       116
       315
       316
       317
       318
       319
       112
       113
       114
       115
        60
       110
       419
       451
       452
       118
       119
       120
       121
       178
       345
       362
       363
       364
       117
       119
       120
       121
       134
       322
       362
       393
       394
       117
       118
       120
       121
       180
       267
       294
       345
       346
       117
       118
       119
       121
        19
       217
       265
       293
       294
       117
       118
       119
       120
        17
       293
       323
       393
       395
       396
       123
       124
       125
       126
       108
       302
       351
       420
       421
       122
       124
       125
       126
       107
       113
       371
       420
       443
       452
       122
       123
       125
       126
       190
       358
       359
       360
       361
       122
       123
       124
       126
       137
       300
       358
       413
       421
       422
       122
       123
       124
       125
       201
       359
       373
       443
       444
       128
       129
       130
       131
       148
       327
       378
       399
       401
       127
       129
       130
       131
       147
       297
       347
       377
       378
       127
       128
       130
       131
       140
       279
       304
       326
       399
       400
       127
       128
       129
       131
        71
        99
       295
       303
       376
       377
       127
       128
       129
       130
        72
       276
       303
       304
       133
       134
       135
       136
        59
       114
       315
       321
       417
       419
       132
       134
       135
       136
        57
       320
       321
       322
       323
       324
       132
       133
       135
       136
       118
       322
       362
       393
       394
       132
       133
       134
       136
       173
       364
       394
       406
       408
       132
       133
       134
       135
       172
       317
       408
       417
       418
       138
       139
       140
       141
       125
       300
       358
       413
       421
       422
       137
       139
       140
       141
       189
       325
       361
       422
       423
       137
       138
       140
       141
       325
       326
       327
       328
       329
       137
       138
       139
       141
       129
       279
       304
       326
       399
       400
       137
       138
       139
       140
       278
       301
       400
       413
       414
       143
       144
       145
       146
       106
       241
       312
       313
       314
       142
       144
       145
       146
       313
       354
       355
       356
       357
       142
       143
       145
       146
       192
       342
       354
       410
       433
       434
       142
       143
       144
       146
        31
       196
       291
       430
       433
       142
       143
       144
       145
        34
       103
       312
       430
       431
       432
       148
       149
       150
       151
       128
       297
       347
       377
       378
       147
       149
       150
       151
       127
       327
       378
       399
       401
       147
       148
       150
       151
       254
       328
       382
       401
       439
       441
       147
       148
       149
       151
       158
       348
       381
       441
       442
       147
       148
       149
       150
       168
       296
       347
       348
       349
       153
       154
       155
       156
       330
       331
       332
       333
       334
       152
       154
       155
       156
       223
       273
       330
       374
       375
       152
       153
       155
       156
       183
       331
       337
       392
       425
       426
       152
       153
       154
       156
        92
       222
       236
       374
       389
       391
       152
       153
       154
       155
       186
       239
       353
       391
       392
       158
       159
       160
       161
       169
       349
       367
       424
       440
       442
       157
       159
       160
       161
       150
       348
       381
       441
       442
       157
       158
       160
       161
       182
       335
       366
       424
       425
       157
       158
       159
       161
       335
       336
       337
       338
       339
       157
       158
       159
       160
       255
       336
       381
       382
       383
       163
       164
       165
       166
       175
       384
       385
       386
       387
       162
       164
       165
       166
       179
       308
       370
       384
       407
       409
       162
       163
       165
       166
       193
       306
       340
       409
       410
       162
       163
       164
       166
       340
       341
       342
       343
       344
       162
       163
       164
       165
       249
       341
       385
       415
       416
       168
       169
       170
       171
       100
       287
       295
       296
       297
       167
       169
       170
       171
       151
       296
       347
       348
       349
       167
       168
       170
       171
       157
       349
       367
       424
       440
       442
       167
       168
       169
       171
        86
       288
       365
       437
       440
       167
       168
       169
       170
        14
        98
       286
       287
       288
       173
       174
       175
       176
       136
       317
       408
       417
       418
       172
       174
       175
       176
       135
       364
       394
       406
       408
       172
       173
       175
       176
       248
       318
       386
       398
       415
       418
       172
       173
       174
       176
       162
       384
       385
       386
       387
       172
       173
       174
       175
       177
       363
       387
       406
       407
       178
       179
       180
       181
       176
       363
       387
       406
       407
       177
       179
       180
       181
       117
       345
       362
       363
       364
       177
       178
       180
       181
       163
       308
       370
       384
       407
       409
       177
       178
       179
       181
       119
       267
       294
       345
       346
       177
       178
       179
       180
       266
       307
       346
       369
       370
       183
       184
       185
       186
       159
       335
       366
       424
       425
       182
       184
       185
       186
       154
       331
       337
       392
       425
       426
       182
       183
       185
       186
        44
       234
       238
       309
       352
       353
       182
       183
       184
       186
        87
       235
       352
       365
       366
       367
       182
       183
       184
       185
       156
       239
       353
       391
       392
       188
       189
       190
       191
       252
       284
       438
       456
       457
       187
       189
       190
       191
       256
       329
       423
       438
       439
       187
       188
       190
       191
       138
       325
       361
       422
       423
       187
       188
       189
       191
       124
       358
       359
       360
       361
       187
       188
       189
       190
       200
       285
       360
       444
       457
       458
       193
       194
       195
       196
       144
       342
       354
       410
       433
       434
       192
       194
       195
       196
       164
       306
       340
       409
       410
       192
       193
       195
       196
        24
       290
       305
       306
       307
       308
       192
       193
       194
       196
        25
        32
       289
       290
       291
       292
       192
       193
       194
       195
        31
       145
       291
       430
       433
       198
       199
       200
       201
       250
       319
       372
       397
       398
       197
       199
       200
       201
       246
       283
       397
       454
       458
       197
       198
       200
       201
       112
       316
       371
       372
       373
       197
       198
       199
       201
       191
       285
       360
       444
       457
       458
       197
       198
       199
       200
       126
       359
       373
       443
       444
       203
       204
       205
       206
        80
       207
       261
       402
       448
       453
       455
       202
       204
       205
       206
        81
       253
       282
       404
       455
       456
       202
       203
       205
       206
       262
       333
       427
       446
       448
       202
       203
       204
       206
       334
       339
       405
       426
       427
       202
       203
       204
       205
       257
       338
       383
       404
       405
       208
       209
       210
       211
        80
       202
       261
       402
       448
       453
       455
       207
       209
       210
       211
        82
       247
       281
       428
       453
       454
       207
       208
       210
       211
       260
       356
       380
       402
       403
       207
       208
       209
       211
       344
       357
       403
       429
       434
       207
       208
       209
       210
       251
       343
       416
       428
       429
       213
       214
       215
       216
       242
       258
       314
       355
       379
       380
       212
       214
       215
       216
       232
       259
       379
       445
       447
       212
       213
       215
       216
        40
       102
       240
       241
       242
       212
       213
       214
       216
        79
       230
       244
       447
       449
       212
       213
       214
       215
        37
       240
       243
       244
       245
        20
        50
       218
       219
        19
       120
       265
       293
       294
        20
        50
       217
       219
         1
        16
        48
       470
       520
       665
       855
       857
        20
        50
       217
       218
        49
       264
       265
       266
       267
        27
        51
       221
       222
       223
       224
        28
        76
       272
       275
        27
        51
       220
       222
       223
       224
        53
        91
       388
       389
       390
        27
        51
       220
       221
       223
       224
        92
       155
       236
       374
       389
       391
        27
        51
       220
       221
       222
       224
       153
       273
       330
       374
       375
        27
        51
       220
       221
       222
       223
        77
       229
       272
       273
       274
        65
       226
       227
       228
         5
        62
       268
       269
       270
       271
        65
       225
       227
       228
        66
       280
       298
       412
       414
        65
       225
       226
       228
         8
       111
       269
       299
       350
       351
        65
       225
       226
       227
       298
       299
       300
       301
       302
        78
       230
       231
       232
        77
       224
       272
       273
       274
        78
       229
       231
       232
        79
       215
       244
       447
       449
        78
       229
       230
       232
       263
       274
       332
       375
       445
       446
        78
       229
       230
       231
       213
       259
       379
       445
       447
        42
        89
       234
       235
        41
        88
       874
       889
        42
        89
       233
       235
        44
       184
       238
       309
       352
       353
        42
        89
       233
       234
        87
       185
       352
       365
       366
       367
        93
       237
       238
       239
        92
       155
       222
       374
       389
       391
        93
       236
       238
       239
        43
        94
       309
       310
       311
        93
       236
       237
       239
        44
       184
       234
       309
       352
       353
        93
       236
       237
       238
       156
       186
       353
       391
       392
        40
       102
       214
       241
       242
        37
       216
       243
       244
       245
        40
       102
       214
       240
       242
       106
       142
       312
       313
       314
        40
       102
       214
       240
       241
       212
       258
       314
       355
       379
       380
        37
       216
       240
       244
       245
        36
       871
       872
        37
       216
       240
       243
       245
        79
       215
       230
       447
       449
        37
       216
       240
       243
       244
        74
       449
       872
       873
       247
       248
       249
       250
       251
       198
       283
       397
       454
       458
       246
       248
       249
       250
       251
        82
       208
       281
       428
       453
       454
       246
       247
       249
       250
       251
       174
       318
       386
       398
       415
       418
       246
       247
       248
       250
       251
       166
       341
       385
       415
       416
       246
       247
       248
       249
       251
       197
       319
       372
       397
       398
       246
       247
       248
       249
       250
       211
       343
       416
       428
       429
       253
       254
       255
       256
       257
       187
       284
       438
       456
       457
       252
       254
       255
       256
       257
        81
       203
       282
       404
       455
       456
       252
       253
       255
       256
       257
       149
       328
       382
       401
       439
       441
       252
       253
       254
       256
       257
       161
       336
       381
       382
       383
       252
       253
       254
       255
       257
       188
       329
       423
       438
       439
       252
       253
       254
       255
       256
       206
       338
       383
       404
       405
       259
       260
       261
       262
       263
       212
       242
       314
       355
       379
       380
       258
       260
       261
       262
       263
       213
       232
       379
       445
       447
       258
       259
       261
       262
       263
       209
       356
       380
       402
       403
       258
       259
       260
       262
       263
        80
       202
       207
       402
       448
       453
       455
       258
       259
       260
       261
       263
       204
       333
       427
       446
       448
       258
       259
       260
       261
       262
       231
       274
       332
       375
       445
       446
        49
       219
       265
       266
       267
         3
        21
        47
       305
       368
       369
        49
       219
       264
       266
       267
        19
       120
       217
       293
       294
        49
       219
       264
       265
       267
       181
       307
       346
       369
       370
        49
       219
       264
       265
       266
       119
       180
       294
       345
       346
         5
        62
       225
       269
       270
       271
         6
       882
       884
         5
        62
       225
       268
       270
       271
         8
       111
       227
       299
       350
       351
         5
        62
       225
       268
       269
       271
        61
       877
       881
         5
        62
       225
       268
       269
       270
       881
       884
        77
       224
       229
       273
       274
        28
        76
       220
       275
        77
       224
       229
       272
       274
       153
       223
       330
       374
       375
        77
       224
       229
       272
       273
       231
       263
       332
       375
       445
       446
        28
        76
       220
       272
        29
        75
       863
       873
        73
       277
       278
       279
       280
        72
       131
       303
       304
        73
       276
       278
       279
       280
        63
        69
       411
       412
        73
       276
       277
       279
       280
       141
       301
       400
       413
       414
        73
       276
       277
       278
       280
       129
       140
       304
       326
       399
       400
        73
       276
       277
       278
       279
        66
       226
       298
       412
       414
        83
       282
       283
       284
       285
        82
       208
       247
       428
       453
       454
        83
       281
       283
       284
       285
        81
       203
       253
       404
       455
       456
        83
       281
       282
       284
       285
       198
       246
       397
       454
       458
        83
       281
       282
       283
       285
       187
       252
       438
       456
       457
        83
       281
       282
       283
       284
       191
       200
       360
       444
       457
       458
        14
        98
       171
       287
       288
        10
        85
       435
       436
       437
        14
        98
       171
       286
       288
       100
       167
       295
       296
       297
        14
        98
       171
       286
       287
        86
       170
       365
       437
       440
        25
        32
       195
       290
       291
       292
        23
       507
       756
       850
       851
        25
        32
       195
       289
       291
       292
        24
       194
       305
       306
       307
       308
        25
        32
       195
       289
       290
       292
        31
       145
       196
       430
       433
        25
        32
       195
       289
       290
       291
        33
       491
       755
       851
       856
        19
       120
       217
       265
       294
        17
       121
       323
       393
       395
       396
        19
       120
       217
       265
       293
       119
       180
       267
       345
       346
       100
       167
       287
       296
       297
        71
        99
       130
       303
       376
       377
       100
       167
       287
       295
       297
       151
       168
       347
       348
       349
       100
       167
       287
       295
       296
       128
       147
       347
       377
       378
       228
       299
       300
       301
       302
        66
       226
       280
       412
       414
       228
       298
       300
       301
       302
         8
       111
       227
       269
       350
       351
       228
       298
       299
       301
       302
       125
       137
       358
       413
       421
       422
       228
       298
       299
       300
       302
       141
       278
       400
       413
       414
       228
       298
       299
       300
       301
       108
       122
       351
       420
       421
        72
       131
       276
       304
        71
        99
       130
       295
       376
       377
        72
       131
       276
       303
       129
       140
       279
       326
       399
       400
        24
       194
       290
       306
       307
       308
         3
        21
        47
       264
       368
       369
        24
       194
       290
       305
       307
       308
       164
       193
       340
       409
       410
        24
       194
       290
       305
       306
       308
       181
       266
       346
       369
       370
        24
       194
       290
       305
       306
       307
       163
       179
       370
       384
       407
       409
        43
        94
       237
       310
       311
        44
       184
       234
       238
       352
       353
        43
        94
       237
       309
       311
        46
       891
       892
        43
        94
       237
       309
       310
        96
       890
       892
       106
       142
       241
       313
       314
        34
       103
       146
       430
       431
       432
       106
       142
       241
       312
       314
       143
       354
       355
       356
       357
       106
       142
       241
       312
       313
       212
       242
       258
       355
       379
       380
       115
       316
       317
       318
       319
        59
       114
       132
       321
       417
       419
       115
       315
       317
       318
       319
       112
       199
       371
       372
       373
       115
       315
       316
       318
       319
       136
       172
       408
       417
       418
       115
       315
       316
       317
       319
       174
       248
       386
       398
       415
       418
       115
       315
       316
       317
       318
       197
       250
       372
       397
       398
        57
       133
       321
       322
       323
       324
         7
        56
       450
       882
       883
        57
       133
       320
       322
       323
       324
        59
       114
       132
       315
       417
       419
        57
       133
       320
       321
       323
       324
       118
       134
       362
       393
       394
        57
       133
       320
       321
       322
       324
        17
       121
       293
       393
       395
       396
        57
       133
       320
       321
       322
       323
       396
       883
       885
       139
       326
       327
       328
       329
       138
       189
       361
       422
       423
       139
       325
       327
       328
       329
       129
       140
       279
       304
       399
       400
       139
       325
       326
       328
       329
       127
       148
       378
       399
       401
       139
       325
       326
       327
       329
       149
       254
       382
       401
       439
       441
       139
       325
       326
       327
       328
       188
       256
       423
       438
       439
       152
       331
       332
       333
       334
       153
       223
       273
       374
       375
       152
       330
       332
       333
       334
       154
       183
       337
       392
       425
       426
       152
       330
       331
       333
       334
       231
       263
       274
       375
       445
       446
       152
       330
       331
       332
       334
       204
       262
       427
       446
       448
       152
       330
       331
       332
       333
       205
       339
       405
       426
       427
       160
       336
       337
       338
       339
       159
       182
       366
       424
       425
       160
       335
       337
       338
       339
       161
       255
       381
       382
       383
       160
       335
       336
       338
       339
       154
       183
       331
       392
       425
       426
       160
       335
       336
       337
       339
       206
       257
       383
       404
       405
       160
       335
       336
       337
       338
       205
       334
       405
       426
       427
       165
       341
       342
       343
       344
       164
       193
       306
       409
       410
       165
       340
       342
       343
       344
       166
       249
       385
       415
       416
       165
       340
       341
       343
       344
       144
       192
       354
       410
       433
       434
       165
       340
       341
       342
       344
       211
       251
       416
       428
       429
       165
       340
       341
       342
       343
       210
       357
       403
       429
       434
       119
       180
       267
       294
       346
       117
       178
       362
       363
       364
       119
       180
       267
       294
       345
       181
       266
       307
       369
       370
       151
       168
       296
       348
       349
       128
       147
       297
       377
       378
       151
       168
       296
       347
       349
       150
       158
       381
       441
       442
       151
       168
       296
       347
       348
       157
       169
       367
       424
       440
       442
         8
       111
       227
       269
       299
       351
         9
        58
       109
       450
       451
         8
       111
       227
       269
       299
       350
       108
       122
       302
       420
       421
        44
       184
       234
       238
       309
       353
        87
       185
       235
       365
       366
       367
        44
       184
       234
       238
       309
       352
       156
       186
       239
       391
       392
       143
       313
       355
       356
       357
       144
       192
       342
       410
       433
       434
       143
       313
       354
       356
       357
       212
       242
       258
       314
       379
       380
       143
       313
       354
       355
       357
       209
       260
       380
       402
       403
       143
       313
       354
       355
       356
       210
       344
       403
       429
       434
       124
       190
       359
       360
       361
       125
       137
       300
       413
       421
       422
       124
       190
       358
       360
       361
       126
       201
       373
       443
       444
       124
       190
       358
       359
       361
       191
       200
       285
       444
       457
       458
       124
       190
       358
       359
       360
       138
       189
       325
       422
       423
       117
       178
       345
       363
       364
       118
       134
       322
       393
       394
       117
       178
       345
       362
       364
       176
       177
       387
       406
       407
       117
       178
       345
       362
       363
       135
       173
       394
       406
       408
        87
       185
       235
       352
       366
       367
        86
       170
       288
       437
       440
        87
       185
       235
       352
       365
       367
       159
       182
       335
       424
       425
        87
       185
       235
       352
       365
       366
       157
       169
       349
       424
       440
       442
         3
        21
        47
       264
       305
       369
         2
        22
       469
       505
       835
       850
       855
         3
        21
        47
       264
       305
       368
       181
       266
       307
       346
       370
       181
       266
       307
       346
       369
       163
       179
       308
       384
       407
       409
       112
       199
       316
       372
       373
       107
       113
       123
       420
       443
       452
       112
       199
       316
       371
       373
       197
       250
       319
       397
       398
       112
       199
       316
       371
       372
       126
       201
       359
       443
       444
       153
       223
       273
       330
       375
        92
       155
       222
       236
       389
       391
       153
       223
       273
       330
       374
       231
       263
       274
       332
       445
       446
        71
        99
       130
       295
       303
       377
        12
        70
        97
       879
       880
        71
        99
       130
       295
       303
       376
       128
       147
       297
       347
       378
       128
       147
       297
       347
       377
       127
       148
       327
       399
       401
       212
       242
       258
       314
       355
       380
       213
       232
       259
       445
       447
       212
       242
       258
       314
       355
       379
       209
       260
       356
       402
       403
       161
       255
       336
       382
       383
       150
       158
       348
       441
       442
       161
       255
       336
       381
       383
       149
       254
       328
       401
       439
       441
       161
       255
       336
       381
       382
       206
       257
       338
       404
       405
       162
       175
       385
       386
       387
       163
       179
       308
       370
       407
       409
       162
       175
       384
       386
       387
       166
       249
       341
       415
       416
       162
       175
       384
       385
       387
       174
       248
       318
       398
       415
       418
       162
       175
       384
       385
       386
       176
       177
       363
       406
       407
        53
        91
       221
       389
       390
        54
       875
       888
        53
        91
       221
       388
       390
        92
       155
       222
       236
       374
       391
        53
        91
       221
       388
       389
        95
       888
       890
        92
       155
       222
       236
       374
       389
       156
       186
       239
       353
       392
       156
       186
       239
       353
       391
       154
       183
       331
       337
       425
       426
       118
       134
       322
       362
       394
        17
       121
       293
       323
       395
       396
       118
       134
       322
       362
       393
       135
       173
       364
       406
       408
        17
       121
       293
       323
       393
       396
        18
       865
       885
        17
       121
       293
       323
       393
       395
       324
       883
       885
       197
       250
       319
       372
       398
       198
       246
       283
       454
       458
       197
       250
       319
       372
       397
       174
       248
       318
       386
       415
       418
       129
       140
       279
       304
       326
       400
       127
       148
       327
       378
       401
       129
       140
       279
       304
       326
       399
       141
       278
       301
       413
       414
       127
       148
       327
       378
       399
       149
       254
       328
       382
       439
       441
       209
       260
       356
       380
       403
        80
       202
       207
       261
       448
       453
       455
       209
       260
       356
       380
       402
       210
       344
       357
       429
       434
       206
       257
       338
       383
       405
        81
       203
       253
       282
       455
       456
       206
       257
       338
       383
       404
       205
       334
       339
       426
       427
       176
       177
       363
       387
       407
       135
       173
       364
       394
       408
       176
       177
       363
       387
       406
       163
       179
       308
       370
       384
       409
       135
       173
       364
       394
       406
       136
       172
       317
       417
       418
       164
       193
       306
       340
       410
       163
       179
       308
       370
       384
       407
       164
       193
       306
       340
       409
       144
       192
       342
       354
       433
       434
        63
        69
       277
       412
        64
        67
       877
       878
        63
        69
       277
       411
        66
       226
       280
       298
       414
       141
       278
       301
       400
       414
       125
       137
       300
       358
       421
       422
       141
       278
       301
       400
       413
        66
       226
       280
       298
       412
       166
       249
       341
       385
       416
       174
       248
       318
       386
       398
       418
       166
       249
       341
       385
       415
       211
       251
       343
       428
       429
       136
       172
       317
       408
       418
        59
       114
       132
       315
       321
       419
       136
       172
       317
       408
       417
       174
       248
       318
       386
       398
       415
        59
       114
       132
       315
       321
       417
        60
       110
       116
       451
       452
       108
       122
       302
       351
       421
       107
       113
       123
       371
       443
       452
       108
       122
       302
       351
       420
       125
       137
       300
       358
       413
       422
       138
       189
       325
       361
       423
       125
       137
       300
       358
       413
       421
       138
       189
       325
       361
       422
       188
       256
       329
       438
       439
       159
       182
       335
       366
       425
       157
       169
       349
       367
       440
       442
       159
       182
       335
       366
       424
       154
       183
       331
       337
       392
       426
       154
       183
       331
       337
       392
       425
       205
       334
       339
       405
       427
       205
       334
       339
       405
       426
       204
       262
       333
       446
       448
       211
       251
       343
       416
       429
        82
       208
       247
       281
       453
       454
       211
       251
       343
       416
       428
       210
       344
       357
       403
       434
        34
       103
       146
       312
       431
       432
        31
       145
       196
       291
       433
        34
       103
       146
       312
       430
       432
        35
       493
       529
       853
       856
        34
       103
       146
       312
       430
       431
       104
       530
       852
       853
       854
        31
       145
       196
       291
       430
       144
       192
       342
       354
       410
       434
       210
       344
       357
       403
       429
       144
       192
       342
       354
       410
       433
        10
        85
       286
       436
       437
        11
       860
       879
        10
        85
       286
       435
       437
        84
       859
       860
        10
        85
       286
       435
       436
        86
       170
       288
       365
       440
       188
       256
       329
       423
       439
       187
       252
       284
       456
       457
       188
       256
       329
       423
       438
       149
       254
       328
       382
       401
       441
        86
       170
       288
       365
       437
       157
       169
       349
       367
       424
       442
       149
       254
       328
       382
       401
       439
       150
       158
       348
       381
       442
       157
       169
       349
       367
       424
       440
       150
       158
       348
       381
       441
       126
       201
       359
       373
       444
       107
       113
       123
       371
       420
       452
       126
       201
       359
       373
       443
       191
       200
       285
       360
       457
       458
       231
       263
       274
       332
       375
       446
       213
       232
       259
       379
       447
       231
       263
       274
       332
       375
       445
       204
       262
       333
       427
       448
       213
       232
       259
       379
       445
        79
       215
       230
       244
       449
       204
       262
       333
       427
       446
        80
       202
       207
       261
       402
       453
       455
        79
       215
       230
       244
       447
        74
       245
       872
       873
         9
        58
       109
       350
       451
         7
        56
       320
       882
       883
         9
        58
       109
       350
       450
        60
       110
       116
       419
       452
        60
       110
       116
       419
       451
       107
       113
       123
       371
       420
       443
        82
       208
       247
       281
       428
       454
        80
       202
       207
       261
       402
       448
       455
        82
       208
       247
       281
       428
       453
       198
       246
       283
       397
       458
        81
       203
       253
       282
       404
       456
        80
       202
       207
       261
       402
       448
       453
        81
       203
       253
       282
       404
       455
       187
       252
       284
       438
       457
       187
       252
       284
       438
       456
       191
       200
       285
       360
       444
       458
       198
       246
       283
       397
       454
       191
       200
       285
       360
       444
       457
       460
       461
       462
       463
       898
       899
       459
       461
       462
       463
       557
       707
       898
       900
       459
       460
       462
       463
       510
       558
       702
       707
       708
       459
       460
       461
       463
       510
       511
       512
       513
       459
       460
       461
       462
       511
       662
       899
       901
       465
       466
       467
       468
       478
       515
       671
       672
       673
       464
       466
       467
       468
       671
       858
       886
       895
       464
       465
       467
       468
       858
       893
       912
       464
       465
       466
       468
       514
       904
       912
       464
       465
       466
       467
       514
       515
       516
       517
       518
       470
       471
       472
         2
        22
       368
       505
       835
       850
       855
       469
       471
       472
         1
        16
        48
       218
       520
       665
       855
       857
       469
       470
       472
       519
       520
       521
       522
       469
       470
       471
       506
       519
       696
       759
       835
       836
       474
       475
       476
       477
       523
       524
       525
       526
       527
       473
       475
       476
       477
       523
       905
       911
       473
       474
       476
       477
       902
       905
       473
       474
       475
       477
       540
       669
       902
       903
       473
       474
       475
       476
       524
       544
       669
       670
       479
       480
       481
       482
       464
       515
       671
       672
       673
       478
       480
       481
       482
       517
       555
       672
       693
       694
       695
       478
       479
       481
       482
       555
       556
       557
       558
       559
       478
       479
       480
       482
       556
       894
       900
       478
       479
       480
       481
       673
       894
       895
       484
       485
       486
       487
       488
       565
       620
       660
       733
       812
       814
       483
       485
       486
       487
       488
       512
       660
       661
       662
       663
       483
       484
       486
       487
       488
       896
       897
       483
       484
       485
       487
       488
       661
       896
       901
       483
       484
       485
       486
       488
       536
       621
       814
       837
       849
       483
       484
       485
       486
       487
       535
       724
       849
       876
       897
       490
       491
       492
       493
       509
       647
       714
       755
       756
       757
       489
       491
       492
       493
       528
       649
       674
       714
       715
       489
       490
       492
       493
        33
       292
       755
       851
       856
       489
       490
       491
       493
       528
       529
       530
       531
       532
       533
       489
       490
       491
       492
        35
       431
       529
       853
       856
       495
       496
       497
       498
       499
       681
       720
       776
       818
       819
       494
       496
       497
       498
       499
       560
       683
       720
       721
       722
       723
       494
       495
       497
       498
       499
       560
       561
       562
       563
       564
       494
       495
       496
       498
       499
       906
       908
       494
       495
       496
       497
       499
       682
       818
       906
       907
       494
       495
       496
       497
       498
       561
       908
       909
       501
       502
       503
       504
       563
       684
       709
       788
       789
       500
       502
       503
       504
       610
       706
       709
       710
       711
       500
       501
       503
       504
       562
       789
       909
       910
       500
       501
       502
       504
       526
       612
       700
       705
       706
       500
       501
       502
       503
       525
       705
       910
       911
       506
       507
       508
       509
         2
        22
       368
       469
       835
       850
       855
       505
       507
       508
       509
       472
       519
       696
       759
       835
       836
       505
       506
       508
       509
        23
       289
       756
       850
       851
       505
       506
       507
       509
       648
       757
       760
       823
       832
       836
       505
       506
       507
       508
       489
       647
       714
       755
       756
       757
       462
       511
       512
       513
       461
       558
       702
       707
       708
       462
       510
       512
       513
       463
       662
       899
       901
       462
       510
       511
       513
       484
       660
       661
       662
       663
       462
       510
       511
       512
       566
       663
       704
       708
       733
       734
       735
       468
       515
       516
       517
       518
       467
       904
       912
       468
       514
       516
       517
       518
       464
       478
       671
       672
       673
       468
       514
       515
       517
       518
       539
       795
       903
       904
       468
       514
       515
       516
       518
       479
       555
       672
       693
       694
       695
       468
       514
       515
       516
       517
       542
       585
       693
       736
       793
       795
       471
       520
       521
       522
       472
       506
       696
       759
       835
       836
       471
       519
       521
       522
         1
        16
        48
       218
       470
       665
       855
       857
       471
       519
       520
       522
       664
       696
       697
       698
       699
       471
       519
       520
       521
       664
       665
       666
       667
       668
       473
       524
       525
       526
       527
       474
       905
       911
       473
       523
       525
       526
       527
       477
       544
       669
       670
       473
       523
       524
       526
       527
       504
       705
       910
       911
       473
       523
       524
       525
       527
       503
       612
       700
       705
       706
       473
       523
       524
       525
       526
       543
       613
       670
       700
       701
       492
       529
       530
       531
       532
       533
       490
       649
       674
       714
       715
       492
       528
       530
       531
       532
       533
        35
       431
       493
       853
       856
       492
       528
       529
       531
       532
       533
       104
       432
       852
       853
       854
       492
       528
       529
       530
       532
       533
       854
       862
       867
       492
       528
       529
       530
       531
       533
       545
       675
       867
       868
       492
       528
       529
       530
       531
       532
       547
       674
       675
       676
       535
       536
       537
       538
       724
       725
       726
       727
       728
       729
       534
       536
       537
       538
       488
       724
       849
       876
       897
       534
       535
       537
       538
       487
       621
       814
       837
       849
       534
       535
       536
       538
       623
       741
       750
       837
       838
       534
       535
       536
       537
       725
       741
       742
       743
       744
       540
       541
       542
       543
       544
       516
       795
       903
       904
       539
       541
       542
       543
       544
       476
       669
       902
       903
       539
       540
       542
       543
       544
       586
       614
       701
       736
       737
       738
       539
       540
       541
       543
       544
       518
       585
       693
       736
       793
       795
       539
       540
       541
       542
       544
       527
       613
       670
       700
       701
       539
       540
       541
       542
       543
       477
       524
       669
       670
       546
       547
       548
       549
       550
       532
       675
       867
       868
       545
       547
       548
       549
       550
       764
       868
       869
       545
       546
       548
       549
       550
       533
       674
       675
       676
       545
       546
       547
       549
       550
       627
       761
       764
       765
       766
       545
       546
       547
       548
       550
       628
       730
       761
       762
       763
       545
       546
       547
       548
       549
       646
       676
       715
       730
       731
       732
       552
       553
       554
       625
       677
       765
       844
       845
       846
       847
       551
       553
       554
       626
       688
       716
       796
       842
       844
       551
       552
       554
       677
       678
       679
       680
       681
       682
       551
       552
       553
       678
       716
       717
       718
       719
       480
       556
       557
       558
       559
       479
       517
       672
       693
       694
       695
       480
       555
       557
       558
       559
       481
       894
       900
       480
       555
       556
       558
       559
       460
       707
       898
       900
       480
       555
       556
       557
       559
       461
       510
       702
       707
       708
       480
       555
       556
       557
       558
       694
       702
       703
       704
       496
       561
       562
       563
       564
       495
       683
       720
       721
       722
       723
       496
       560
       562
       563
       564
       499
       908
       909
       496
       560
       561
       563
       564
       502
       789
       909
       910
       496
       560
       561
       562
       564
       500
       684
       709
       788
       789
       496
       560
       561
       562
       563
       683
       684
       685
       686
       566
       567
       568
       569
       483
       620
       660
       733
       812
       814
       565
       567
       568
       569
       513
       663
       704
       708
       733
       734
       735
       565
       566
       568
       569
       588
       605
       734
       794
       806
       810
       565
       566
       567
       569
       579
       622
       751
       805
       812
       813
       565
       566
       567
       568
       577
       607
       790
       805
       806
       571
       572
       573
       574
       656
       747
       833
       839
       840
       570
       572
       573
       574
       655
       769
       799
       833
       834
       570
       571
       573
       574
       598
       744
       746
       772
       839
       848
       570
       571
       572
       574
       581
       728
       767
       773
       799
       800
       570
       571
       572
       573
       729
       742
       772
       773
       576
       577
       578
       579
       591
       616
       791
       815
       825
       828
       575
       577
       578
       579
       615
       754
       813
       828
       829
       575
       576
       578
       579
       569
       607
       790
       805
       806
       575
       576
       577
       579
       594
       609
       790
       791
       792
       575
       576
       577
       578
       568
       622
       751
       805
       812
       813
       581
       582
       583
       584
       667
       712
       727
       800
       801
       802
       580
       582
       583
       584
       573
       728
       767
       773
       799
       800
       580
       581
       583
       584
       640
       739
       767
       768
       769
       580
       581
       582
       584
       644
       699
       713
       739
       740
       580
       581
       582
       583
       668
       697
       712
       713
       586
       587
       588
       589
       518
       542
       693
       736
       793
       795
       585
       587
       588
       589
       541
       614
       701
       736
       737
       738
       585
       586
       588
       589
       601
       606
       737
       771
       810
       811
       585
       586
       587
       589
       567
       605
       734
       794
       806
       810
       585
       586
       587
       588
       695
       703
       735
       793
       794
       591
       592
       593
       594
       632
       808
       815
       816
       817
       590
       592
       593
       594
       575
       616
       791
       815
       825
       828
       590
       591
       593
       594
       600
       608
       786
       792
       807
       811
       590
       591
       592
       594
       722
       787
       807
       808
       809
       590
       591
       592
       593
       578
       609
       790
       791
       792
       596
       597
       598
       599
       618
       752
       777
       803
       829
       830
       595
       597
       598
       599
       637
       745
       780
       803
       804
       595
       596
       598
       599
       745
       746
       747
       748
       749
       595
       596
       597
       599
       572
       744
       746
       772
       839
       848
       595
       596
       597
       598
       743
       753
       830
       838
       848
       601
       602
       603
       604
       592
       608
       786
       792
       807
       811
       600
       602
       603
       604
       587
       606
       737
       771
       810
       811
       600
       601
       603
       604
       611
       710
       738
       770
       771
       600
       601
       602
       604
       686
       711
       770
       785
       788
       600
       601
       602
       603
       685
       721
       785
       786
       787
       606
       607
       608
       609
       567
       588
       734
       794
       806
       810
       605
       607
       608
       609
       587
       601
       737
       771
       810
       811
       605
       606
       608
       609
       569
       577
       790
       805
       806
       605
       606
       607
       609
       592
       600
       786
       792
       807
       811
       605
       606
       607
       608
       578
       594
       790
       791
       792
       611
       612
       613
       614
       501
       706
       709
       710
       711
       610
       612
       613
       614
       602
       710
       738
       770
       771
       610
       611
       613
       614
       503
       526
       700
       705
       706
       610
       611
       612
       614
       527
       543
       670
       700
       701
       610
       611
       612
       613
       541
       586
       701
       736
       737
       738
       616
       617
       618
       619
       576
       754
       813
       828
       829
       615
       617
       618
       619
       575
       591
       791
       815
       825
       828
       615
       616
       618
       619
       638
       777
       778
       779
       780
       615
       616
       617
       619
       595
       752
       777
       803
       829
       830
       615
       616
       617
       618
       634
       778
       817
       825
       826
       621
       622
       623
       624
       483
       565
       660
       733
       812
       814
       620
       622
       623
       624
       487
       536
       814
       837
       849
       620
       621
       623
       624
       568
       579
       751
       805
       812
       813
       620
       621
       622
       624
       537
       741
       750
       837
       838
       620
       621
       622
       623
       750
       751
       752
       753
       754
       626
       627
       628
       629
       551
       677
       765
       844
       845
       846
       847
       625
       627
       628
       629
       552
       688
       716
       796
       842
       844
       625
       626
       628
       629
       548
       761
       764
       765
       766
       625
       626
       627
       629
       549
       730
       761
       762
       763
       625
       626
       627
       628
       692
       762
       796
       797
       798
       631
       632
       633
       634
       723
       774
       809
       816
       819
       630
       632
       633
       634
       680
       717
       774
       775
       776
       630
       631
       633
       634
       590
       808
       815
       816
       817
       630
       631
       632
       634
       639
       719
       775
       779
       826
       827
       630
       631
       632
       633
       619
       778
       817
       825
       826
       636
       637
       638
       639
       687
       718
       827
       841
       842
       635
       637
       638
       639
       691
       749
       804
       841
       843
       635
       636
       638
       639
       596
       745
       780
       803
       804
       635
       636
       637
       639
       617
       777
       778
       779
       780
       635
       636
       637
       638
       633
       719
       775
       779
       826
       827
       641
       642
       643
       644
       582
       739
       767
       768
       769
       640
       642
       643
       644
       659
       768
       784
       831
       834
       640
       641
       643
       644
       650
       758
       781
       824
       831
       832
       640
       641
       642
       644
       698
       740
       758
       759
       760
       640
       641
       642
       643
       583
       699
       713
       739
       740
       646
       647
       648
       649
       652
       731
       822
       823
       824
       645
       647
       648
       649
       550
       676
       715
       730
       731
       732
       645
       646
       648
       649
       489
       509
       714
       755
       756
       757
       645
       646
       647
       649
       508
       757
       760
       823
       832
       836
       645
       646
       647
       648
       490
       528
       674
       714
       715
       651
       652
       653
       654
       642
       758
       781
       824
       831
       832
       650
       652
       653
       654
       658
       781
       782
       783
       784
       650
       651
       653
       654
       645
       731
       822
       823
       824
       650
       651
       652
       654
       732
       763
       798
       820
       822
       650
       651
       652
       653
       690
       782
       797
       820
       821
       656
       657
       658
       659
       571
       769
       799
       833
       834
       655
       657
       658
       659
       570
       747
       833
       839
       840
       655
       656
       658
       659
       689
       748
       783
       821
       840
       843
       655
       656
       657
       659
       651
       781
       782
       783
       784
       655
       656
       657
       658
       641
       768
       784
       831
       834
       484
       512
       661
       662
       663
       483
       565
       620
       733
       812
       814
       484
       512
       660
       662
       663
       486
       896
       901
       484
       512
       660
       661
       663
       463
       511
       899
       901
       484
       512
       660
       661
       662
       513
       566
       704
       708
       733
       734
       735
       522
       665
       666
       667
       668
       521
       696
       697
       698
       699
       522
       664
       666
       667
       668
         1
        16
        48
       218
       470
       520
       855
       857
       522
       664
       665
       667
       668
        15
       801
       857
       865
       866
       522
       664
       665
       666
       668
       580
       712
       727
       800
       801
       802
       522
       664
       665
       666
       667
       584
       697
       712
       713
       477
       524
       544
       670
       476
       540
       902
       903
       477
       524
       544
       669
       527
       543
       613
       700
       701
       464
       478
       515
       672
       673
       465
       858
       886
       895
       464
       478
       515
       671
       673
       479
       517
       555
       693
       694
       695
       464
       478
       515
       671
       672
       482
       894
       895
       533
       547
       675
       676
       490
       528
       649
       714
       715
       533
       547
       674
       676
       532
       545
       867
       868
       533
       547
       674
       675
       550
       646
       715
       730
       731
       732
       553
       678
       679
       680
       681
       682
       551
       625
       765
       844
       845
       846
       847
       553
       677
       679
       680
       681
       682
       554
       716
       717
       718
       719
       553
       677
       678
       680
       681
       682
       845
       887
       907
       553
       677
       678
       679
       681
       682
       631
       717
       774
       775
       776
       553
       677
       678
       679
       680
       682
       494
       720
       776
       818
       819
       553
       677
       678
       679
       680
       681
       498
       818
       906
       907
       564
       684
       685
       686
       495
       560
       720
       721
       722
       723
       564
       683
       685
       686
       500
       563
       709
       788
       789
       564
       683
       684
       686
       604
       721
       785
       786
       787
       564
       683
       684
       685
       603
       711
       770
       785
       788
       688
       689
       690
       691
       692
       635
       718
       827
       841
       842
       687
       689
       690
       691
       692
       552
       626
       716
       796
       842
       844
       687
       688
       690
       691
       692
       657
       748
       783
       821
       840
       843
       687
       688
       689
       691
       692
       654
       782
       797
       820
       821
       687
       688
       689
       690
       692
       636
       749
       804
       841
       843
       687
       688
       689
       690
       691
       629
       762
       796
       797
       798
       479
       517
       555
       672
       694
       695
       518
       542
       585
       736
       793
       795
       479
       517
       555
       672
       693
       695
       559
       702
       703
       704
       479
       517
       555
       672
       693
       694
       589
       703
       735
       793
       794
       521
       664
       697
       698
       699
       472
       506
       519
       759
       835
       836
       521
       664
       696
       698
       699
       584
       668
       712
       713
       521
       664
       696
       697
       699
       643
       740
       758
       759
       760
       521
       664
       696
       697
       698
       583
       644
       713
       739
       740
       527
       543
       613
       670
       701
       503
       526
       612
       705
       706
       527
       543
       613
       670
       700
       541
       586
       614
       736
       737
       738
       559
       694
       703
       704
       461
       510
       558
       707
       708
       559
       694
       702
       704
       589
       695
       735
       793
       794
       559
       694
       702
       703
       513
       566
       663
       708
       733
       734
       735
       503
       526
       612
       700
       706
       504
       525
       910
       911
       503
       526
       612
       700
       705
       501
       610
       709
       710
       711
       461
       510
       558
       702
       708
       460
       557
       898
       900
       461
       510
       558
       702
       707
       513
       566
       663
       704
       733
       734
       735
       501
       610
       706
       710
       711
       500
       563
       684
       788
       789
       501
       610
       706
       709
       711
       602
       611
       738
       770
       771
       501
       610
       706
       709
       710
       603
       686
       770
       785
       788
       584
       668
       697
       713
       580
       667
       727
       800
       801
       802
       584
       668
       697
       712
       583
       644
       699
       739
       740
       490
       528
       649
       674
       715
       489
       509
       647
       755
       756
       757
       490
       528
       649
       674
       714
       550
       646
       676
       730
       731
       732
       554
       678
       717
       718
       719
       552
       626
       688
       796
       842
       844
       554
       678
       716
       718
       719
       631
       680
       774
       775
       776
       554
       678
       716
       717
       719
       635
       687
       827
       841
       842
       554
       678
       716
       717
       718
       633
       639
       775
       779
       826
       827
       495
       560
       683
       721
       722
       723
       494
       681
       776
       818
       819
       495
       560
       683
       720
       722
       723
       604
       685
       785
       786
       787
       495
       560
       683
       720
       721
       723
       593
       787
       807
       808
       809
       495
       560
       683
       720
       721
       722
       630
       774
       809
       816
       819
       534
       725
       726
       727
       728
       729
       488
       535
       849
       876
       897
       534
       724
       726
       727
       728
       729
       538
       741
       742
       743
       744
       534
       724
       725
       727
       728
       729
       802
       866
       876
       534
       724
       725
       726
       728
       729
       580
       667
       712
       800
       801
       802
       534
       724
       725
       726
       727
       729
       573
       581
       767
       773
       799
       800
       534
       724
       725
       726
       727
       728
       574
       742
       772
       773
       550
       646
       676
       715
       731
       732
       549
       628
       761
       762
       763
       550
       646
       676
       715
       730
       732
       645
       652
       822
       823
       824
       550
       646
       676
       715
       730
       731
       653
       763
       798
       820
       822
       513
       566
       663
       704
       708
       734
       735
       483
       565
       620
       660
       812
       814
       513
       566
       663
       704
       708
       733
       735
       567
       588
       605
       794
       806
       810
       513
       566
       663
       704
       708
       733
       734
       589
       695
       703
       793
       794
       541
       586
       614
       701
       737
       738
       518
       542
       585
       693
       793
       795
       541
       586
       614
       701
       736
       738
       587
       601
       606
       771
       810
       811
       541
       586
       614
       701
       736
       737
       602
       611
       710
       770
       771
       583
       644
       699
       713
       740
       582
       640
       767
       768
       769
       583
       644
       699
       713
       739
       643
       698
       758
       759
       760
       538
       725
       742
       743
       744
       537
       623
       750
       837
       838
       538
       725
       741
       743
       744
       574
       729
       772
       773
       538
       725
       741
       742
       744
       599
       753
       830
       838
       848
       538
       725
       741
       742
       743
       572
       598
       746
       772
       839
       848
       597
       746
       747
       748
       749
       596
       637
       780
       803
       804
       597
       745
       747
       748
       749
       572
       598
       744
       772
       839
       848
       597
       745
       746
       748
       749
       570
       656
       833
       839
       840
       597
       745
       746
       747
       749
       657
       689
       783
       821
       840
       843
       597
       745
       746
       747
       748
       636
       691
       804
       841
       843
       624
       751
       752
       753
       754
       537
       623
       741
       837
       838
       624
       750
       752
       753
       754
       568
       579
       622
       805
       812
       813
       624
       750
       751
       753
       754
       595
       618
       777
       803
       829
       830
       624
       750
       751
       752
       754
       599
       743
       830
       838
       848
       624
       750
       751
       752
       753
       576
       615
       813
       828
       829
       489
       509
       647
       714
       756
       757
        33
       292
       491
       851
       856
       489
       509
       647
       714
       755
       757
        23
       289
       507
       850
       851
       489
       509
       647
       714
       755
       756
       508
       648
       760
       823
       832
       836
       643
       698
       740
       759
       760
       642
       650
       781
       824
       831
       832
       643
       698
       740
       758
       760
       472
       506
       519
       696
       835
       836
       643
       698
       740
       758
       759
       508
       648
       757
       823
       832
       836
       549
       628
       730
       762
       763
       548
       627
       764
       765
       766
       549
       628
       730
       761
       763
       629
       692
       796
       797
       798
       549
       628
       730
       761
       762
       653
       732
       798
       820
       822
       548
       627
       761
       765
       766
       546
       868
       869
       548
       627
       761
       764
       766
       551
       625
       677
       844
       845
       846
       847
       548
       627
       761
       764
       765
       846
       869
       870
       582
       640
       739
       768
       769
       573
       581
       728
       773
       799
       800
       582
       640
       739
       767
       769
       641
       659
       784
       831
       834
       582
       640
       739
       767
       768
       571
       655
       799
       833
       834
       602
       611
       710
       738
       771
       603
       686
       711
       785
       788
       602
       611
       710
       738
       770
       587
       601
       606
       737
       810
       811
       574
       729
       742
       773
       572
       598
       744
       746
       839
       848
       574
       729
       742
       772
       573
       581
       728
       767
       799
       800
       631
       680
       717
       775
       776
       630
       723
       809
       816
       819
       631
       680
       717
       774
       776
       633
       639
       719
       779
       826
       827
       631
       680
       717
       774
       775
       494
       681
       720
       818
       819
       617
       638
       778
       779
       780
       595
       618
       752
       803
       829
       830
       617
       638
       777
       779
       780
       619
       634
       817
       825
       826
       617
       638
       777
       778
       780
       633
       639
       719
       775
       826
       827
       617
       638
       777
       778
       779
       596
       637
       745
       803
       804
       651
       658
       782
       783
       784
       642
       650
       758
       824
       831
       832
       651
       658
       781
       783
       784
       654
       690
       797
       820
       821
       651
       658
       781
       782
       784
       657
       689
       748
       821
       840
       843
       651
       658
       781
       782
       783
       641
       659
       768
       831
       834
       604
       685
       721
       786
       787
       603
       686
       711
       770
       788
       604
       685
       721
       785
       787
       592
       600
       608
       792
       807
       811
       604
       685
       721
       785
       786
       593
       722
       807
       808
       809
       603
       686
       711
       770
       785
       500
       563
       684
       709
       789
       500
       563
       684
       709
       788
       502
       562
       909
       910
       578
       594
       609
       791
       792
       569
       577
       607
       805
       806
       578
       594
       609
       790
       792
       575
       591
       616
       815
       825
       828
       578
       594
       609
       790
       791
       592
       600
       608
       786
       807
       811
       589
       695
       703
       735
       794
       518
       542
       585
       693
       736
       795
       589
       695
       703
       735
       793
       567
       588
       605
       734
       806
       810
       518
       542
       585
       693
       736
       793
       516
       539
       903
       904
       629
       692
       762
       797
       798
       552
       626
       688
       716
       842
       844
       629
       692
       762
       796
       798
       654
       690
       782
       820
       821
       629
       692
       762
       796
       797
       653
       732
       763
       820
       822
       573
       581
       728
       767
       773
       800
       571
       655
       769
       833
       834
       573
       581
       728
       767
       773
       799
       580
       667
       712
       727
       801
       802
       580
       667
       712
       727
       800
       802
        15
       666
       857
       865
       866
       580
       667
       712
       727
       800
       801
       726
       866
       876
       596
       637
       745
       780
       804
       595
       618
       752
       777
       829
       830
       596
       637
       745
       780
       803
       636
       691
       749
       841
       843
       569
       577
       607
       790
       806
       568
       579
       622
       751
       812
       813
       569
       577
       607
       790
       805
       567
       588
       605
       734
       794
       810
       593
       722
       787
       808
       809
       592
       600
       608
       786
       792
       811
       593
       722
       787
       807
       809
       590
       632
       815
       816
       817
       593
       722
       787
       807
       808
       630
       723
       774
       816
       819
       587
       601
       606
       737
       771
       811
       567
       588
       605
       734
       794
       806
       587
       601
       606
       737
       771
       810
       592
       600
       608
       786
       792
       807
       568
       579
       622
       751
       805
       813
       483
       565
       620
       660
       733
       814
       568
       579
       622
       751
       805
       812
       576
       615
       754
       828
       829
       483
       565
       620
       660
       733
       812
       487
       536
       621
       837
       849
       590
       632
       808
       816
       817
       575
       591
       616
       791
       825
       828
       590
       632
       808
       815
       817
       630
       723
       774
       809
       819
       590
       632
       808
       815
       816
       619
       634
       778
       825
       826
       494
       681
       720
       776
       819
       498
       682
       906
       907
       494
       681
       720
       776
       818
       630
       723
       774
       809
       816
       654
       690
       782
       797
       821
       653
       732
       763
       798
       822
       654
       690
       782
       797
       820
       657
       689
       748
       783
       840
       843
       653
       732
       763
       798
       820
       645
       652
       731
       823
       824
       645
       652
       731
       822
       824
       508
       648
       757
       760
       832
       836
       645
       652
       731
       822
       823
       642
       650
       758
       781
       831
       832
       619
       634
       778
       817
       826
       575
       591
       616
       791
       815
       828
       619
       634
       778
       817
       825
       633
       639
       719
       775
       779
       827
       633
       639
       719
       775
       779
       826
       635
       687
       718
       841
       842
       576
       615
       754
       813
       829
       575
       591
       616
       791
       815
       825
       576
       615
       754
       813
       828
       595
       618
       752
       777
       803
       830
       595
       618
       752
       777
       803
       829
       599
       743
       753
       838
       848
       642
       650
       758
       781
       824
       832
       641
       659
       768
       784
       834
       642
       650
       758
       781
       824
       831
       508
       648
       757
       760
       823
       836
       571
       655
       769
       799
       834
       570
       656
       747
       839
       840
       571
       655
       769
       799
       833
       641
       659
       768
       784
       831
       472
       506
       519
       696
       759
       836
         2
        22
       368
       469
       505
       850
       855
       472
       506
       519
       696
       759
       835
       508
       648
       757
       760
       823
       832
       537
       623
       741
       750
       838
       487
       536
       621
       814
       849
       537
       623
       741
       750
       837
       599
       743
       753
       830
       848
       570
       656
       747
       833
       840
       572
       598
       744
       746
       772
       848
       570
       656
       747
       833
       839
       657
       689
       748
       783
       821
       843
       635
       687
       718
       827
       842
       636
       691
       749
       804
       843
       635
       687
       718
       827
       841
       552
       626
       688
       716
       796
       844
       636
       691
       749
       804
       841
       657
       689
       748
       783
       821
       840
       551
       625
       677
       765
       845
       846
       847
       552
       626
       688
       716
       796
       842
       551
       625
       677
       765
       844
       846
       847
       679
       887
       907
       551
       625
       677
       765
       844
       845
       847
       766
       869
       870
       551
       625
       677
       765
       844
       845
       846
       870
       887
       599
       743
       753
       830
       838
       572
       598
       744
       746
       772
       839
       487
       536
       621
       814
       837
       488
       535
       724
       876
       897
        23
       289
       507
       756
       851
         2
        22
       368
       469
       505
       835
       855
        23
       289
       507
       756
       850
        33
       292
       491
       755
       856
       104
       432
       530
       853
       854
       105
       861
       862
       104
       432
       530
       852
       854
        35
       431
       493
       529
       856
       104
       432
       530
       852
       853
       531
       862
       867
         2
        22
       368
       469
       505
       835
       850
         1
        16
        48
       218
       470
       520
       665
       857
        35
       431
       493
       529
       853
        33
       292
       491
       755
       851
         1
        16
        48
       218
       470
       520
       665
       855
        15
       666
       801
       865
       866
       465
       671
       886
       895
       466
       893
       912
        84
       436
       860
        90
       874
        84
       436
       859
        11
       435
       879
       105
       852
       862
        39
       101
       871
       105
       852
       861
       531
       854
       867
        30
        52
       864
        29
        75
       275
       873
        30
        52
       863
        55
       875
        15
       666
       801
       857
       866
        18
       395
       885
        15
       666
       801
       857
       865
       726
       802
       876
       532
       545
       675
       868
       531
       854
       862
       532
       545
       675
       867
       546
       764
       869
       766
       846
       870
       546
       764
       868
       766
       846
       869
       847
       887
        36
       243
       872
        39
       101
       861
        36
       243
       871
        74
       245
       449
       873
        29
        75
       275
       863
        74
       245
       449
       872
        90
       859
        41
        88
       233
       889
        54
       388
       888
        55
       864
       726
       802
       866
       488
       535
       724
       849
       897
        64
        67
       411
       878
        61
       270
       881
        64
        67
       411
       877
        68
       880
        12
        70
        97
       376
       880
        11
       435
       860
        12
        70
        97
       376
       879
        68
       878
        61
       270
       877
       271
       884
         7
        56
       320
       450
       883
         6
       268
       884
         7
        56
       320
       450
       882
       324
       396
       885
       271
       881
         6
       268
       882
        18
       395
       865
       324
       396
       883
       893
       465
       671
       858
       895
       847
       870
       679
       845
       907
        54
       388
       875
        95
       390
       890
        41
        88
       233
       874
        45
       891
        95
       390
       888
        96
       311
       892
        45
       889
        46
       310
       892
        96
       311
       890
        46
       310
       891
       886
       466
       858
       912
       482
       673
       895
       481
       556
       900
       482
       673
       894
       465
       671
       858
       886
       485
       897
       486
       661
       901
       485
       896
       488
       535
       724
       849
       876
       459
       899
       460
       557
       707
       900
       459
       898
       463
       511
       662
       901
       460
       557
       707
       898
       481
       556
       894
       486
       661
       896
       463
       511
       662
       899
       476
       540
       669
       903
       475
       905
       476
       540
       669
       902
       516
       539
       795
       904
       516
       539
       795
       903
       467
       514
       912
       475
       902
       474
       523
       911
       498
       682
       818
       907
       497
       908
       498
       682
       818
       906
       679
       845
       887
       499
       561
       909
       497
       906
       499
       561
       908
       502
       562
       789
       910
       504
       525
       705
       911
       502
       562
       789
       909
       504
       525
       705
       910
       474
       523
       905
       466
       858
       893
       467
       514
       904
