 0.30112436E-06
 0.14265403E-06
-0.13388049E-06
 0.11464893E-06
-0.11379001E-06
 0.14265403E-06
 0.26447833E-06
-0.19889592E-06
-0.10403326E-06
 0.10693161E-06
 0.31883707E-06
 0.10048906E-06
-0.10111101E-06
-0.16994329E-06
 0.21159669E-06
 0.10048906E-06
 0.27846641E-06
-0.12339255E-06
-0.17012128E-06
-0.11592918E-06
-0.13388049E-06
-0.12339255E-06
 0.19606806E-06
-0.10579016E-06
 0.10000029E-06
-0.19889592E-06
-0.10111101E-06
 0.35469986E-06
-0.15865214E-06
-0.12473057E-06
 0.23552810E-06
 0.11221042E-06
-0.11986737E-06
 0.13407876E-06
-0.10418089E-06
 0.11221042E-06
 0.32258004E-06
-0.11505387E-06
-0.14590642E-06
-0.14757630E-06
-0.11505387E-06
 0.17605199E-06
-0.11499816E-06
 0.10263807E-06
-0.10742611E-06
-0.11499816E-06
 0.26605424E-06
 0.10595737E-06
-0.13677764E-06
 0.12864136E-06
 0.10595737E-06
 0.25296294E-06
-0.13255555E-06
-0.12711660E-06
-0.11291873E-06
-0.11986737E-06
-0.13255555E-06
 0.19863181E-06
-0.10341666E-06
 0.10181996E-06
 0.34966397E-06
-0.13517139E-06
-0.15330389E-06
-0.16073233E-06
 0.10138188E-06
-0.13517139E-06
 0.29685218E-06
-0.11015862E-06
-0.12732597E-06
-0.12861688E-06
-0.11015862E-06
 0.20687076E-06
 0.10548602E-06
-0.12670729E-06
 0.11148231E-06
 0.10548602E-06
 0.20086981E-06
-0.11713524E-06
-0.11999411E-06
 0.10769410E-06
-0.15330389E-06
 0.20449842E-06
 0.15701024E-06
 0.10180705E-06
-0.10092729E-06
 0.15701024E-06
 0.35895341E-06
-0.16713219E-06
-0.14755254E-06
 0.10010143E-06
-0.11713524E-06
-0.16713219E-06
 0.35173652E-06
-0.12928106E-06
-0.12493276E-06
 0.49482259E-14
 0.75687324E-15
 0.32558778E-15
-0.26825590E-15
-0.38429664E-15
 0.75687324E-15
 0.37888845E-14
-0.59468428E-15
-0.88548407E-15
 0.13565690E-15
 0.32558778E-15
 0.38761127E-14
-0.97277817E-15
-0.10233902E-14
 0.14782114E-15
-0.97277817E-15
 0.39492986E-14
 0.75000951E-15
-0.11395847E-15
 0.29923998E-16
-0.59468428E-15
 0.75000951E-15
 0.33605915E-14
 0.21542959E-15
-0.22363199E-15
 0.55870349E-14
-0.12830729E-14
 0.94491531E-15
 0.52780165E-15
-0.49890646E-15
-0.12830729E-14
 0.59909273E-14
 0.61337297E-15
-0.10059292E-15
 0.13556160E-15
 0.63317635E-14
 0.11377738E-14
-0.11256367E-14
-0.25097643E-15
-0.95202498E-16
 0.94491531E-15
 0.11377738E-14
 0.59410456E-14
 0.14870029E-15
 0.45479122E-15
 0.61337297E-15
-0.11256367E-14
 0.52086600E-14
 0.59382840E-15
-0.76572585E-15
 0.36126320E-14
 0.55435326E-15
 0.17701497E-15
-0.14142377E-17
 0.39597443E-15
 0.55435326E-15
 0.34319004E-14
-0.87883567E-15
-0.44675467E-15
 0.61754936E-16
-0.87883567E-15
 0.35606825E-14
 0.76188447E-15
-0.36378797E-16
-0.70736262E-17
 0.76188447E-15
 0.30776781E-14
-0.45483335E-15
 0.46094001E-15
-0.15004453E-15
 0.17701497E-15
-0.45483335E-15
 0.34364315E-14
-0.45486052E-15
-0.10220711E-16
 0.56577374E-14
 0.10609508E-14
-0.10704285E-14
-0.71076405E-15
 0.41999194E-15
 0.10609508E-14
 0.65233101E-14
 0.10876606E-14
-0.19157411E-16
-0.22556599E-16
 0.10876606E-14
 0.57807234E-14
-0.10648243E-14
-0.69675965E-15
 0.60283502E-15
-0.10704285E-14
 0.59511037E-14
 0.10162545E-14
 0.14084039E-15
 0.54770314E-15
-0.10648243E-14
 0.10162545E-14
 0.63020710E-14
 0.53622762E-16
-0.26084201E-15
 0.49482259E-14
-0.75687324E-15
 0.32558778E-15
-0.38429664E-15
 0.26825590E-15
-0.75687324E-15
 0.37888845E-14
 0.59468428E-15
 0.88548407E-15
-0.13565690E-15
 0.32558778E-15
 0.38761127E-14
 0.97277817E-15
 0.10233902E-14
 0.14782114E-15
 0.97277817E-15
 0.39492986E-14
-0.75000951E-15
 0.29923998E-16
 0.11395847E-15
 0.59468428E-15
-0.75000951E-15
 0.33605915E-14
 0.21542959E-15
 0.22363199E-15
 0.50954583E-14
 0.80205823E-15
 0.12242457E-14
 0.43687027E-15
 0.65377921E-15
 0.80205823E-15
 0.49146626E-14
-0.74869034E-15
-0.16990115E-15
 0.24618267E-15
-0.74869034E-15
 0.46317674E-14
 0.74298550E-15
 0.43319620E-15
-0.23242140E-15
 0.74298550E-15
 0.48356912E-14
-0.10592177E-14
 0.34475081E-15
 0.71509163E-15
 0.12242457E-14
-0.10592177E-14
 0.63863186E-14
-0.20311733E-15
 0.26141719E-15
 0.64905137E-14
 0.14094319E-14
-0.84431582E-15
-0.40277987E-15
-0.24649220E-15
 0.14094319E-14
 0.48998389E-14
-0.51931226E-15
 0.20597600E-15
-0.65421123E-15
-0.84431582E-15
 0.47482731E-14
 0.10707031E-14
 0.86789206E-15
-0.46296723E-16
 0.10707031E-14
 0.40395898E-14
 0.39516624E-15
 0.31889216E-15
 0.96705985E-16
-0.51931226E-15
 0.39516624E-15
 0.36525101E-14
 0.43693550E-15
-0.33974988E-15
 0.32614968E-06
 0.12304866E-06
-0.10556075E-06
-0.19149259E-06
 0.11526907E-06
 0.12304866E-06
 0.16646007E-06
-0.13706007E-06
 0.10034401E-06
-0.10026414E-06
-0.10556075E-06
 0.33727918E-06
-0.11994946E-06
-0.13350569E-06
-0.17926101E-06
 0.36570969E-06
-0.17267566E-06
-0.14708145E-06
-0.10749932E-06
-0.12659768E-06
-0.13706007E-06
-0.17267566E-06
 0.34955946E-06
 0.10299924E-06
-0.13479172E-06
-0.11994946E-06
 0.20633984E-06
 0.12560438E-06
 0.10000226E-06
-0.11841599E-06
-0.14708145E-06
 0.12560438E-06
 0.22977988E-06
 0.10038382E-06
-0.10667790E-06
 0.18298481E-06
 0.10014487E-06
-0.10558109E-06
-0.12653311E-06
 0.12619108E-06
 0.10014487E-06
 0.29800248E-06
-0.10114715E-06
-0.17564569E-06
-0.17515009E-06
-0.10114715E-06
 0.18939826E-06
 0.10831647E-06
-0.13023014E-06
 0.11142987E-06
-0.10558109E-06
 0.27120400E-06
-0.13703168E-06
-0.12020214E-06
-0.12617624E-06
 0.10831647E-06
-0.13703168E-06
 0.20386983E-06
 0.10132900E-06
-0.11280455E-06
 0.48170702E-14
-0.14975273E-14
 0.12707970E-14
 0.41977440E-15
-0.23112577E-15
-0.14975273E-14
 0.41943798E-14
 0.60972060E-15
 0.10935818E-15
-0.24693013E-15
 0.60972060E-15
 0.37897269E-14
-0.12891628E-14
 0.44318610E-15
-0.20824412E-15
 0.12707970E-14
-0.12891628E-14
 0.58531898E-14
-0.59606490E-15
 0.48310788E-15
 0.55508344E-14
 0.11572416E-14
 0.87488216E-15
 0.10866954E-14
 0.36090785E-15
 0.11572416E-14
 0.55143753E-14
-0.49160075E-15
 0.65973574E-15
-0.33953735E-16
 0.87488216E-15
 0.65018010E-14
-0.60899586E-15
-0.16103073E-15
 0.24297266E-15
-0.60899586E-15
 0.50199032E-14
 0.84557438E-16
 0.11671259E-14
-0.85507780E-15
 0.84557438E-16
 0.49889390E-14
 0.95823012E-16
 0.32486087E-15
 0.69154617E-15
-0.49160075E-15
 0.95823012E-16
 0.53567886E-14
-0.70891492E-15
 0.43206013E-15
 0.41943798E-14
-0.14975273E-14
 0.60972061E-15
 0.10935817E-15
-0.24693012E-15
-0.14975273E-14
 0.48170702E-14
 0.12707970E-14
-0.23112577E-15
 0.41977441E-15
 0.12707970E-14
 0.58531899E-14
-0.12891628E-14
-0.59606491E-15
 0.48310790E-15
 0.60972061E-15
-0.12891628E-14
 0.37897269E-14
 0.44318611E-15
-0.20824412E-15
 0.57417589E-14
 0.15970601E-14
-0.14008252E-14
 0.25793611E-16
-0.60239689E-16
 0.15970601E-14
 0.57284982E-14
-0.12195385E-14
-0.15578370E-15
-0.15172158E-15
-0.14008252E-14
 0.51811962E-14
 0.11384163E-14
-0.50467737E-16
 0.90263495E-17
-0.12195385E-14
 0.11384163E-14
 0.47298041E-14
-0.14861506E-15
 0.22547660E-15
 0.62116873E-14
 0.93231511E-15
 0.12227008E-14
 0.84394455E-15
 0.10155693E-15
 0.93231511E-15
 0.63097842E-14
 0.89497343E-17
-0.15052124E-15
 0.48123959E-15
 0.12227008E-14
 0.57554277E-14
-0.92053648E-15
 0.71356886E-15
-0.35433953E-15
 0.89497343E-17
 0.50190616E-14
 0.19892583E-15
-0.17776896E-15
 0.10742681E-14
-0.92053648E-15
 0.54158608E-14
 0.96749067E-16
 0.69590996E-16
 0.96572631E-16
 0.19892583E-15
 0.96749067E-16
 0.42982239E-14
 0.79513459E-15
-0.10383341E-14
 0.11464893E-06
-0.10579016E-06
 0.21272762E-06
 0.12213392E-06
-0.11271884E-06
-0.17012128E-06
 0.10000029E-06
 0.31344598E-06
-0.10146938E-06
 0.18729929E-06
-0.10146938E-06
 0.16217669E-06
-0.11127552E-06
-0.10824479E-06
-0.11399574E-06
 0.12213392E-06
-0.11127552E-06
 0.24172860E-06
 0.12251825E-06
-0.11271884E-06
 0.13407876E-06
-0.10341666E-06
 0.25197470E-06
 0.10230229E-06
-0.15218297E-06
-0.12711660E-06
 0.10181996E-06
 0.21716422E-06
-0.11043333E-06
 0.12361350E-06
 0.10230229E-06
 0.18322456E-06
-0.11232996E-06
-0.11422604E-06
 0.11425822E-06
-0.11043333E-06
-0.11232996E-06
 0.22058372E-06
-0.12058295E-06
-0.11421366E-06
-0.16073233E-06
 0.10180705E-06
 0.26559097E-06
-0.11994930E-06
-0.13629606E-06
-0.10092729E-06
-0.14755254E-06
 0.28199381E-06
-0.14294720E-06
-0.13124372E-06
-0.14294720E-06
 0.21331455E-06
 0.11484452E-06
-0.11077411E-06
 0.10024753E-06
-0.11994930E-06
 0.11484452E-06
 0.21723904E-06
 0.10291809E-06
-0.12217514E-06
-0.26825590E-15
-0.10233902E-14
 0.50060794E-14
 0.94964675E-15
 0.87567057E-15
 0.14782114E-15
-0.11395847E-15
 0.52869187E-14
-0.28305856E-15
-0.13362004E-14
 0.52780165E-15
-0.10059292E-15
-0.28305856E-15
 0.64297132E-14
 0.51617256E-15
-0.49890646E-15
 0.14870029E-15
 0.94964675E-15
 0.60069766E-14
 0.23160715E-15
-0.19157411E-16
-0.69675965E-15
 0.70880236E-14
 0.79466677E-15
-0.70773560E-15
 0.60283502E-15
 0.53622762E-16
 0.63022686E-14
 0.60896858E-15
 0.54119062E-16
 0.79466677E-15
 0.75855809E-14
 0.79466671E-15
 0.78206042E-15
 0.78206041E-15
 0.79466671E-15
 0.70849836E-14
-0.69073797E-15
-0.70773562E-15
-0.13224034E-16
 0.60896858E-15
-0.69073797E-15
 0.57870618E-14
 0.10882474E-14
-0.10623698E-14
 0.20597600E-15
 0.43693550E-15
 0.41793261E-14
 0.34102659E-15
 0.54092456E-15
 0.31889216E-15
-0.33974988E-15
 0.37932500E-14
 0.20373291E-15
-0.71130762E-15
 0.20373291E-15
 0.43753585E-14
 0.58975010E-15
 0.23862361E-16
 0.25833979E-15
 0.58975010E-15
 0.40359869E-14
-0.55610061E-15
 0.57600481E-15
-0.64184299E-15
 0.34102659E-15
-0.55610061E-15
 0.43757808E-14
-0.41771508E-15
 0.86534179E-16
 0.21272762E-06
 0.10579016E-06
-0.12213392E-06
 0.11271884E-06
-0.11464893E-06
 0.10579016E-06
 0.19606806E-06
-0.10000029E-06
-0.13388049E-06
 0.12339255E-06
-0.10000029E-06
 0.31344598E-06
 0.10146938E-06
-0.18729929E-06
-0.17012128E-06
 0.10146938E-06
 0.16217669E-06
-0.11127552E-06
 0.11399574E-06
-0.10824479E-06
-0.12213392E-06
-0.11127552E-06
 0.24172860E-06
-0.11271884E-06
-0.12251825E-06
 0.24301687E-06
-0.10394387E-06
 0.11591679E-06
-0.12902897E-06
-0.12469742E-06
-0.10394387E-06
 0.18625921E-06
 0.10303992E-06
-0.11824578E-06
 0.12203739E-06
 0.21693470E-06
-0.10285383E-06
-0.10419065E-06
-0.12031294E-06
-0.13912480E-06
 0.11591679E-06
-0.10285383E-06
 0.18852257E-06
 0.11847050E-06
-0.10858430E-06
 0.10303992E-06
-0.10419065E-06
 0.23362680E-06
 0.13037535E-06
-0.13853739E-06
 0.29108797E-06
-0.10200339E-06
-0.10265335E-06
-0.15958769E-06
-0.15884046E-06
-0.10200339E-06
 0.18215546E-06
 0.10297123E-06
 0.11288573E-06
-0.13131237E-06
-0.10265335E-06
 0.18978768E-06
 0.10619092E-06
 0.11102072E-06
-0.12973205E-06
 0.10297123E-06
 0.22293179E-06
-0.11806218E-06
 0.11844981E-06
-0.12329949E-06
 0.10619092E-06
-0.11806218E-06
 0.20567190E-06
-0.11637944E-06
-0.11077313E-06
 0.20461859E-06
-0.10360362E-06
-0.11390939E-06
-0.11687119E-06
-0.11792270E-06
-0.10360362E-06
 0.23146883E-06
 0.10430651E-06
-0.12931383E-06
 0.13637848E-06
 0.23673709E-06
 0.10349152E-06
-0.10342489E-06
-0.13925298E-06
-0.13240221E-06
-0.11390939E-06
 0.10349152E-06
 0.19947393E-06
-0.11663160E-06
 0.11572721E-06
 0.10430651E-06
-0.10342489E-06
 0.19196225E-06
-0.12080805E-06
 0.12099803E-06
 0.24389677E-06
 0.10234637E-06
-0.10122406E-06
-0.15034497E-06
-0.17020131E-06
 0.10234637E-06
 0.22873241E-06
-0.13711951E-06
-0.15025004E-06
 0.10948098E-06
-0.10122406E-06
 0.19606360E-06
 0.10779495E-06
 0.11893184E-06
-0.12544730E-06
-0.13711951E-06
 0.27097060E-06
-0.11355021E-06
-0.12888526E-06
-0.10848121E-06
 0.10779495E-06
-0.11355021E-06
 0.19561507E-06
 0.10832418E-06
-0.11658477E-06
 0.50789590E-06
-0.20308872E-06
 0.11976140E-06
 0.22387645E-06
-0.22068838E-06
-0.20308872E-06
 0.21334028E-06
-0.11091846E-06
-0.12058105E-06
 0.11459628E-06
-0.11091846E-06
 0.20011763E-06
 0.10368921E-06
-0.12227183E-06
-0.11381880E-06
 0.10368921E-06
 0.21729557E-06
-0.10779095E-06
-0.14432905E-06
 0.10989619E-06
 0.11976140E-06
-0.10779095E-06
 0.24502799E-06
-0.13804472E-06
-0.20201469E-06
 0.18626001E-06
 0.10002858E-06
-0.10712896E-06
 0.12241110E-06
-0.12490481E-06
 0.10002858E-06
 0.27631140E-06
-0.10878778E-06
-0.14422256E-06
-0.16177206E-06
-0.10878778E-06
 0.18517976E-06
 0.10117629E-06
-0.13397255E-06
 0.10690825E-06
 0.10117629E-06
 0.21433765E-06
-0.12310479E-06
-0.12966388E-06
 0.10950252E-06
-0.10712896E-06
-0.12310479E-06
 0.23544214E-06
-0.11579482E-06
-0.12027943E-06
 0.23054472E-06
-0.10291902E-06
-0.12594179E-06
-0.12775425E-06
-0.11186698E-06
-0.10291902E-06
 0.18154922E-06
 0.10188290E-06
 0.12661707E-06
-0.11664451E-06
-0.12594179E-06
 0.23017227E-06
 0.10397770E-06
 0.11119634E-06
-0.12590637E-06
 0.10397770E-06
 0.18225167E-06
-0.10221599E-06
-0.12469776E-06
 0.11565472E-06
 0.10188290E-06
-0.10221599E-06
 0.26229225E-06
-0.14939827E-06
-0.14912896E-06
 0.22939287E-06
-0.12720875E-06
 0.10218412E-06
 0.11117676E-06
-0.12879661E-06
-0.12720875E-06
 0.21361231E-06
-0.10038382E-06
 0.12659768E-06
-0.11117676E-06
 0.10218412E-06
 0.19651316E-06
-0.10331970E-06
-0.12112635E-06
-0.12879661E-06
-0.10038382E-06
 0.22977988E-06
 0.10667790E-06
-0.14708145E-06
-0.12560438E-06
-0.10331970E-06
 0.10667790E-06
 0.21373996E-06
-0.11841599E-06
 0.13267110E-06
 0.26026169E-06
-0.10198403E-06
 0.10432942E-06
-0.15001704E-06
-0.14048698E-06
-0.10198403E-06
 0.18616608E-06
 0.10525141E-06
-0.12467021E-06
 0.11604052E-06
 0.21797684E-06
-0.10095792E-06
-0.12367186E-06
-0.11221194E-06
-0.12833185E-06
 0.10432942E-06
-0.10095792E-06
 0.19284033E-06
 0.13738529E-06
-0.11413552E-06
 0.10525141E-06
-0.12367186E-06
 0.22693321E-06
 0.11221194E-06
-0.12231298E-06
 0.18776681E-06
 0.10125083E-06
-0.10425714E-06
-0.13271722E-06
-0.11420197E-06
 0.10125083E-06
 0.22662094E-06
-0.12720875E-06
 0.11117676E-06
-0.13030716E-06
-0.12720875E-06
 0.22939287E-06
-0.10218412E-06
-0.11117676E-06
-0.12879661E-06
-0.10218412E-06
 0.18452341E-06
 0.10329498E-06
 0.12879661E-06
-0.11483674E-06
-0.10425714E-06
 0.10329498E-06
 0.25799996E-06
-0.14406319E-06
 0.14066523E-06
 0.66492256E-14
 0.10459801E-14
-0.10092200E-14
 0.32341389E-15
-0.86072294E-16
 0.10459801E-14
 0.54606371E-14
-0.11846653E-14
 0.80020513E-15
 0.90065877E-15
-0.10092200E-14
 0.57576394E-14
 0.11621088E-14
-0.45568118E-15
 0.84973286E-15
-0.11846653E-14
 0.68152535E-14
 0.10697785E-14
-0.22044966E-15
-0.35845329E-15
 0.11621088E-14
 0.10697785E-14
 0.62986773E-14
 0.66558732E-15
 0.51805615E-16
 0.31916356E-14
-0.57775864E-15
 0.58006632E-15
 0.46285735E-15
-0.39278818E-15
-0.57775864E-15
 0.37022638E-14
 0.33814080E-15
-0.60394055E-16
-0.32790259E-15
 0.33814080E-15
 0.40883151E-14
 0.10383341E-14
 0.42776277E-15
 0.69590996E-16
 0.10383341E-14
 0.42982239E-14
-0.79513459E-15
 0.19892583E-15
-0.96749067E-16
 0.58006632E-15
-0.79513459E-15
 0.38348374E-14
-0.16161114E-16
 0.17776896E-15
 0.34319004E-14
 0.55435326E-15
-0.87883567E-15
-0.44675468E-15
 0.61754939E-16
 0.55435326E-15
 0.36126321E-14
 0.17701497E-15
 0.39597443E-15
-0.14142371E-17
-0.87883567E-15
 0.35606825E-14
 0.76188448E-15
-0.36378799E-16
-0.70736255E-17
 0.76188448E-15
 0.30776781E-14
-0.45483336E-15
-0.15004453E-15
 0.46094001E-15
 0.17701497E-15
-0.45483336E-15
 0.34364315E-14
-0.10220712E-16
-0.45486053E-15
 0.37888845E-14
 0.75687324E-15
-0.59468428E-15
-0.88548408E-15
 0.13565690E-15
 0.75687324E-15
 0.49482259E-14
 0.32558778E-15
-0.38429664E-15
-0.26825589E-15
 0.32558778E-15
 0.38761128E-14
-0.97277818E-15
-0.10233902E-14
 0.14782112E-15
-0.97277818E-15
 0.39492986E-14
 0.75000951E-15
 0.29924013E-16
-0.11395845E-15
-0.59468428E-15
 0.75000951E-15
 0.33605916E-14
 0.21542960E-15
-0.22363198E-15
 0.30826781E-14
-0.49368298E-15
 0.43991389E-15
-0.88783972E-16
 0.20842655E-15
-0.49368298E-15
 0.34452224E-14
 0.77190339E-15
-0.37567225E-15
 0.24169279E-15
 0.43991389E-15
 0.28869004E-14
 0.66680506E-15
 0.72266637E-16
 0.31833387E-15
 0.77190339E-15
 0.38598414E-14
-0.47038610E-15
-0.59963296E-16
-0.43185588E-16
 0.66680506E-15
-0.47038610E-15
 0.30264397E-14
 0.52081995E-15
-0.72266637E-16
 0.34452224E-14
 0.49368298E-15
-0.77190338E-15
-0.24169278E-15
 0.37567226E-15
 0.49368298E-15
 0.30826781E-14
 0.43991388E-15
 0.20842655E-15
 0.88783977E-16
 0.43991388E-15
 0.28869003E-14
-0.66680505E-15
-0.31833386E-15
 0.72266641E-16
-0.66680505E-15
 0.30264397E-14
 0.47038610E-15
 0.72266641E-16
 0.52081994E-15
-0.77190338E-15
 0.47038610E-15
 0.38598414E-14
-0.43185593E-16
 0.59963298E-16
 0.59571791E-14
-0.12837044E-14
 0.60078983E-15
 0.14660953E-15
-0.91711843E-16
-0.12837044E-14
 0.55875930E-14
 0.94470126E-15
 0.51527737E-15
-0.49741316E-15
 0.94470126E-15
 0.59391307E-14
 0.11386391E-14
 0.45239299E-15
 0.15111535E-15
 0.11386391E-14
 0.63271095E-14
-0.11263540E-14
-0.94569131E-16
-0.25092558E-15
 0.60078983E-15
-0.11263540E-14
 0.51952910E-14
-0.75912979E-15
 0.59142263E-15
 0.54606371E-14
 0.10459801E-14
-0.11846654E-14
 0.90065879E-15
 0.80020514E-15
 0.10459801E-14
 0.66492256E-14
-0.10092200E-14
-0.86072299E-16
 0.32341392E-15
-0.10092200E-14
 0.57576395E-14
 0.11621088E-14
-0.45568119E-15
 0.84973288E-15
-0.11846654E-14
 0.68152536E-14
 0.10697785E-14
-0.35845331E-15
-0.22044968E-15
 0.11621088E-14
 0.10697785E-14
 0.62986774E-14
 0.51805586E-16
 0.66558732E-15
 0.37022639E-14
-0.57775864E-15
 0.33814080E-15
-0.60394055E-16
-0.32790260E-15
-0.57775864E-15
 0.31916356E-14
 0.58006633E-15
-0.39278819E-15
 0.46285735E-15
 0.33814080E-15
 0.40883151E-14
 0.10383341E-14
 0.69590999E-16
 0.42776278E-15
 0.58006633E-15
 0.38348375E-14
-0.79513460E-15
-0.16161116E-16
 0.17776896E-15
 0.10383341E-14
-0.79513460E-15
 0.42982240E-14
 0.19892583E-15
-0.96749068E-16
 0.36126320E-14
-0.55435326E-15
 0.17701497E-15
-0.39597443E-15
-0.14142377E-17
-0.55435326E-15
 0.34319004E-14
 0.87883567E-15
 0.44675467E-15
 0.61754936E-16
 0.87883567E-15
 0.35606825E-14
-0.76188447E-15
-0.36378797E-16
 0.70736262E-17
-0.76188447E-15
 0.30776781E-14
 0.45483335E-15
 0.15004453E-15
-0.46094001E-15
 0.17701497E-15
 0.45483335E-15
 0.34364315E-14
-0.10220711E-16
 0.45486052E-15
 0.47924130E-06
-0.13741890E-06
-0.21159669E-06
-0.12473057E-06
-0.15926797E-06
-0.13741890E-06
 0.16615936E-06
 0.11769439E-06
-0.10152953E-06
 0.10029728E-06
 0.23307002E-06
-0.10346429E-06
-0.11662346E-06
-0.13842382E-06
-0.11216261E-06
 0.11769439E-06
-0.10346429E-06
 0.26152928E-06
 0.11714014E-06
-0.15007878E-06
 0.29267988E-06
 0.11961932E-06
-0.16994329E-06
 0.11592918E-06
-0.10468989E-06
-0.11662346E-06
 0.11961932E-06
 0.27083161E-06
-0.12960374E-06
 0.11805048E-06
-0.21159669E-06
-0.16994329E-06
 0.31883707E-06
-0.10048906E-06
 0.10111101E-06
-0.14142377E-17
-0.44675467E-15
 0.97165274E-07
 0.11117676E-06
-0.11117676E-06
 0.39597443E-15
-0.45486052E-15
 0.34718775E-14
-0.52021807E-15
 0.49709769E-15
-0.10749932E-06
 0.10299924E-06
-0.52021807E-15
 0.64122233E-07
 0.80594583E-16
-0.12659768E-06
 0.10038382E-06
 0.11117676E-06
 0.21361231E-06
-0.12720875E-06
 0.44318610E-15
-0.59606490E-15
 0.60864629E-14
 0.10015929E-14
-0.30944069E-15
 0.10935818E-15
-0.20824412E-15
 0.85295524E-07
-0.10693161E-06
 0.15865214E-06
 0.10015929E-14
 0.82983614E-07
 0.10403326E-06
-0.11379001E-06
-0.10015929E-14
-0.10693161E-06
 0.10403326E-06
 0.26447833E-06
-0.14265403E-06
-0.19889592E-06
-0.16103073E-15
 0.11671259E-14
 0.63930006E-14
-0.12070233E-14
-0.65003907E-16
-0.85507780E-15
 0.32486087E-15
 0.39699965E-14
 0.49404887E-15
-0.25706293E-15
-0.12070233E-14
 0.50268618E-14
 0.59425823E-15
-0.96105188E-16
 0.55583766E-15
 0.49404887E-15
 0.59425823E-15
 0.37603270E-14
 0.32836202E-15
 0.51913661E-15
-0.17776896E-15
 0.79513459E-15
 0.38348374E-14
-0.58006632E-15
-0.16161114E-16
 0.69590996E-16
-0.10383341E-14
 0.40883151E-14
 0.33814080E-15
-0.42776277E-15
-0.58006632E-15
 0.31916356E-14
 0.57775864E-15
 0.39278818E-15
-0.46285735E-15
 0.33814080E-15
 0.57775864E-15
 0.37022638E-14
-0.60394055E-16
 0.32790259E-15
 0.43580117E-14
 0.71373035E-15
-0.27836389E-15
 0.48542575E-15
-0.35170274E-15
 0.71373035E-15
 0.45736636E-14
 0.50092612E-15
 0.49198715E-15
 0.30685406E-15
 0.51248691E-14
 0.64577812E-15
 0.51209567E-15
 0.30126306E-15
 0.27401937E-15
 0.64577812E-15
 0.46995247E-14
-0.94811860E-16
 0.57533764E-15
-0.59427099E-15
-0.27836389E-15
 0.51209567E-15
 0.44464668E-14
 0.45444687E-15
-0.66280941E-15
 0.50092612E-15
-0.94811860E-16
 0.44703271E-14
-0.37396424E-15
 0.55357305E-15
 0.18729929E-06
-0.10824479E-06
 0.35584036E-06
 0.10026414E-06
-0.19149259E-06
-0.11399574E-06
 0.12251825E-06
 0.24565066E-06
 0.12727856E-06
-0.10823041E-06
 0.10026414E-06
 0.16646007E-06
-0.10034401E-06
-0.13706007E-06
-0.12304866E-06
 0.12727856E-06
-0.10034401E-06
 0.23352758E-06
-0.11466385E-06
 0.13479172E-06
-0.13629606E-06
 0.10291809E-06
 0.27623920E-06
-0.11144735E-06
-0.14873221E-06
-0.11077411E-06
-0.12217514E-06
 0.23293995E-06
-0.10236090E-06
-0.13672313E-06
-0.10236090E-06
 0.20402515E-06
 0.13999986E-06
-0.10112023E-06
 0.12159608E-06
 0.13999986E-06
 0.37452170E-06
-0.15037329E-06
 0.13370377E-06
-0.12529329E-06
-0.11144735E-06
-0.15037329E-06
 0.19043926E-06
-0.10000013E-06
 0.10405710E-06
 0.54092456E-15
-0.41771508E-15
 0.44278367E-14
 0.76643294E-15
-0.31697528E-15
 0.57600481E-15
 0.86534179E-16
 0.46961661E-14
 0.64577812E-15
 0.59427099E-15
 0.76643294E-15
 0.43642691E-14
 0.27836389E-15
 0.26708223E-15
 0.48542574E-15
 0.64577812E-15
 0.51248691E-14
-0.51209566E-15
-0.30126306E-15
 0.27401937E-15
 0.27836389E-15
-0.51209566E-15
 0.44464667E-14
-0.45444686E-15
 0.66280941E-15
-0.12653311E-06
-0.17564569E-06
 0.36285611E-06
-0.11950343E-06
-0.12529928E-06
 0.12619108E-06
-0.12020214E-06
-0.15034497E-06
 0.11893184E-06
 0.32031204E-06
-0.17020131E-06
-0.15025004E-06
 0.38254150E-06
-0.13526052E-06
-0.10830677E-06
-0.13526052E-06
 0.23973903E-06
 0.10444784E-06
 0.11041599E-06
-0.12304180E-06
-0.11950343E-06
 0.10444784E-06
 0.20845422E-06
-0.12618723E-06
 0.10625093E-06
-0.59606491E-15
 0.44318611E-15
 0.60864629E-14
 0.10015930E-14
-0.30944070E-15
 0.10935817E-15
-0.20824412E-15
 0.22387645E-06
-0.12058105E-06
 0.13292348E-06
 0.11459628E-06
-0.12227183E-06
 0.10015930E-14
 0.12632612E-06
-0.10015930E-14
-0.38429664E-15
 0.88548407E-15
 0.49516946E-14
 0.15942934E-15
 0.16685314E-15
-0.13565690E-15
 0.21542959E-15
 0.40138438E-14
 0.73823445E-15
-0.43183029E-15
-0.36378797E-16
 0.15004453E-15
 0.73823445E-15
 0.41079551E-14
 0.22999891E-15
-0.46094001E-15
-0.10220711E-16
 0.15942934E-15
 0.38229171E-14
-0.88029705E-15
 0.46094001E-15
-0.10220711E-16
 0.38229171E-14
 0.88029705E-15
 0.15942934E-15
 0.46285735E-15
-0.60394055E-16
 0.49709769E-15
 0.80594583E-16
 0.38091199E-14
-0.32790259E-15
 0.42776277E-15
 0.88029705E-15
 0.39663505E-14
-0.16685314E-15
 0.10034401E-06
-0.13479172E-06
 0.23352758E-06
-0.11466385E-06
-0.12727856E-06
-0.39278818E-15
-0.16161114E-16
-0.11466385E-06
 0.97503586E-07
 0.10823041E-06
 0.69154617E-15
-0.70891492E-15
 0.49443914E-14
-0.64383880E-15
 0.84873868E-15
-0.25706293E-15
 0.32836202E-15
 0.39683963E-14
 0.69034297E-15
-0.16676223E-15
 0.69034297E-15
 0.42814276E-14
 0.23162748E-15
 0.10002788E-14
 0.36178849E-15
-0.64383880E-15
 0.23162748E-15
 0.51754387E-14
 0.35816474E-16
-0.33604077E-16
-0.50467737E-16
-0.14861506E-15
 0.52339449E-14
 0.56300164E-15
 0.76605403E-16
-0.15578370E-15
 0.22547660E-15
 0.54979621E-14
 0.57054608E-15
-0.16200585E-15
 0.56300164E-15
 0.45905234E-14
 0.72715019E-15
 0.19793355E-15
 0.99737906E-15
 0.57054608E-15
 0.46475594E-14
-0.72925601E-15
-0.10947852E-14
 0.20112042E-15
 0.72715019E-15
-0.72925601E-15
 0.41186778E-14
 0.28526595E-15
-0.29423093E-15
-0.11379001E-06
-0.10403326E-06
 0.82983614E-07
 0.10015929E-14
 0.10015929E-14
 0.84394455E-15
-0.15052124E-15
 0.10015929E-14
 0.68390664E-14
 0.30944069E-15
 0.48123959E-15
 0.10742681E-14
-0.11271884E-06
-0.11271884E-06
 0.10402955E-06
-0.16161114E-16
 0.39278818E-15
-0.10823041E-06
-0.11466385E-06
 0.97503586E-07
 0.11271884E-06
-0.11271884E-06
 0.10402955E-06
-0.10742681E-14
 0.48123959E-15
 0.11399574E-06
-0.12251825E-06
-0.12727856E-06
 0.10823041E-06
 0.24565066E-06
 0.19892583E-15
 0.17776896E-15
-0.10742681E-14
 0.50190616E-14
-0.89497343E-17
-0.19149259E-06
-0.10026414E-06
-0.18729929E-06
-0.10824479E-06
 0.35584036E-06
 0.43687027E-15
-0.16990115E-15
 0.53711116E-14
 0.69733087E-15
-0.38596780E-15
 0.24618267E-15
 0.43319620E-15
 0.84873868E-15
 0.35816474E-16
 0.52759100E-14
 0.65973574E-15
 0.43206013E-15
 0.69733087E-15
 0.54334668E-14
 0.61362454E-15
-0.46285735E-15
-0.60394055E-16
 0.38091199E-14
 0.80594583E-16
-0.49709769E-15
-0.13706007E-06
 0.13479172E-06
 0.34955946E-06
-0.10299924E-06
 0.17267566E-06
 0.80594583E-16
-0.10299924E-06
 0.64122233E-07
 0.52021807E-15
-0.10749932E-06
-0.38429664E-15
-0.88548407E-15
 0.15942934E-15
-0.16685314E-15
 0.49516946E-14
 0.87567057E-15
 0.23160715E-15
 0.62559068E-14
-0.96572631E-16
 0.71356886E-15
 0.69590996E-16
-0.96749067E-16
-0.96572631E-16
 0.54158608E-14
 0.92053648E-15
 0.13565690E-15
 0.21542959E-15
 0.40138438E-14
 0.73823445E-15
 0.43183029E-15
-0.36378797E-16
-0.15004453E-15
 0.73823445E-15
 0.41079551E-14
-0.22999891E-15
-0.16994329E-06
-0.11592918E-06
 0.29267988E-06
 0.10468989E-06
-0.11961932E-06
-0.19149259E-06
-0.12304866E-06
 0.32614968E-06
-0.11526907E-06
 0.10556075E-06
 0.10468989E-06
 0.26103718E-06
-0.10809958E-06
 0.14612912E-06
-0.12960374E-06
-0.11526907E-06
-0.10809958E-06
 0.22494953E-06
-0.13350569E-06
-0.10701586E-06
 0.48123959E-15
-0.89497343E-17
 0.63097842E-14
 0.93231511E-15
 0.15052124E-15
 0.71356886E-15
 0.92053648E-15
 0.57554277E-14
-0.12227008E-14
 0.35433953E-15
 0.93231511E-15
-0.12227008E-14
 0.62116873E-14
-0.84394455E-15
 0.10155693E-15
 0.26825590E-15
 0.10233902E-14
 0.50060794E-14
 0.87567057E-15
-0.94964675E-15
 0.71356886E-15
 0.96572631E-16
 0.87567057E-15
 0.62559068E-14
-0.23160715E-15
-0.42776277E-15
 0.32790259E-15
 0.16685314E-15
-0.88029705E-15
 0.39663505E-14
-0.39597443E-15
 0.45486052E-15
-0.49709769E-15
 0.52021807E-15
 0.34718775E-14
-0.11464893E-06
-0.13388049E-06
-0.11379001E-06
-0.14265403E-06
 0.30112436E-06
-0.30944069E-15
-0.10015929E-14
 0.15052124E-15
-0.84394455E-15
 0.68390664E-14
-0.11381880E-06
-0.14432905E-06
 0.30333698E-06
 0.10755717E-06
-0.14521978E-06
-0.30944070E-15
-0.10015930E-14
 0.68390664E-14
 0.15052125E-15
-0.84394456E-15
 0.15052125E-15
 0.63097843E-14
 0.48123959E-15
 0.93231512E-15
-0.89497340E-17
 0.10755717E-06
 0.48123959E-15
 0.79833640E-07
-0.10778847E-06
-0.10742681E-14
-0.13925298E-06
-0.11663160E-06
 0.30056718E-06
-0.10952271E-06
-0.14069185E-06
-0.11687119E-06
 0.11572721E-06
 0.11873628E-06
 0.16609565E-15
-0.54704855E-15
-0.10952271E-06
 0.83512687E-07
-0.58695525E-15
 0.10727961E-06
 0.66048270E-15
-0.58695525E-15
 0.50257435E-14
 0.50287356E-15
-0.30446615E-15
 0.19624277E-15
 0.16609565E-15
 0.50287356E-15
 0.44402500E-14
 0.45419595E-15
 0.65605492E-15
 0.11117676E-06
-0.11117676E-06
 0.97165274E-07
 0.16609565E-15
 0.54704855E-15
-0.12879661E-06
 0.12879661E-06
 0.31609564E-06
 0.10661226E-06
-0.15375567E-06
 0.10661226E-06
 0.73923620E-07
 0.58695525E-15
-0.10661226E-06
-0.66048270E-15
 0.58695525E-15
 0.50257434E-14
-0.50287355E-15
 0.19624276E-15
 0.30446615E-15
 0.16609565E-15
-0.50287355E-15
 0.44402499E-14
-0.45419594E-15
 0.65605492E-15
-0.10418089E-06
-0.14590642E-06
 0.24260861E-06
-0.12698489E-06
-0.10408659E-06
-0.15218297E-06
-0.11422604E-06
 0.30792032E-06
-0.14234932E-06
-0.10651891E-06
-0.13842382E-06
 0.11714014E-06
-0.12698489E-06
 0.30722218E-06
 0.12336264E-06
-0.10152953E-06
-0.15007878E-06
-0.14234932E-06
 0.27630204E-06
 0.10987623E-06
 0.12659768E-06
-0.14708145E-06
 0.17267566E-06
-0.10749932E-06
 0.36570969E-06
-0.12560438E-06
-0.11841599E-06
 0.20633984E-06
-0.11994946E-06
-0.10000226E-06
 0.10556075E-06
-0.13350569E-06
-0.11994946E-06
 0.33727918E-06
 0.17926101E-06
 0.11117676E-06
-0.11117676E-06
-0.14142377E-17
 0.44675467E-15
 0.97165274E-07
-0.25097643E-15
 0.45479122E-15
-0.22044966E-15
 0.66558732E-15
 0.67651752E-14
 0.80020513E-15
-0.35845329E-15
 0.35433953E-15
 0.10155693E-15
 0.64348940E-14
 0.41977440E-15
 0.48310788E-15
 0.32341389E-15
 0.90065877E-15
 0.59767268E-14
-0.12112635E-06
 0.13267110E-06
 0.13370377E-06
-0.10000013E-06
 0.24445103E-06
-0.14873221E-06
 0.10405710E-06
-0.10000226E-06
 0.17926101E-06
 0.28832006E-06
 0.10138188E-06
-0.12732597E-06
 0.14612912E-06
-0.10701586E-06
 0.24016186E-06
-0.95202498E-16
 0.59382840E-15
 0.63222215E-14
-0.27548071E-16
-0.70740925E-15
 0.78206042E-15
-0.70773562E-15
-0.45568118E-15
 0.51805615E-16
 0.69079506E-14
-0.13224034E-16
 0.10882474E-14
-0.27548071E-16
 0.65141347E-14
 0.10636935E-14
-0.23242140E-15
 0.34475081E-15
 0.14660953E-15
-0.75912979E-15
 0.49779933E-14
-0.91711843E-16
 0.51527737E-15
 0.64222143E-14
 0.51274040E-15
-0.26485470E-15
 0.10002788E-14
-0.33604077E-16
 0.51274040E-15
 0.51513208E-14
-0.13313064E-14
-0.12888526E-06
 0.10832418E-06
 0.24696682E-06
-0.10238755E-06
 0.14286490E-06
-0.12544730E-06
-0.11658477E-06
 0.30345510E-06
-0.12061190E-06
-0.14166580E-06
 0.32770359E-06
-0.13248760E-06
 0.12880755E-06
-0.13430112E-06
 0.12204279E-06
-0.10238755E-06
-0.13248760E-06
 0.19642929E-06
-0.11795172E-06
-0.10307486E-06
-0.12061190E-06
 0.12880755E-06
 0.18382403E-06
 0.10184008E-06
-0.10126114E-06
-0.40277987E-15
-0.65421123E-15
 0.25793611E-16
-0.15172158E-15
 0.63795330E-14
-0.31697528E-15
 0.26708223E-15
-0.16200585E-15
-0.10947852E-14
 0.53365300E-14
-0.13397255E-06
-0.12966388E-06
 0.32318629E-06
-0.14994863E-06
-0.10761344E-06
-0.14422256E-06
 0.10690825E-06
 0.23020521E-06
-0.10000512E-06
 0.13285216E-06
-0.12775425E-06
 0.12661707E-06
-0.14994863E-06
 0.30559192E-06
 0.10651717E-06
-0.11664451E-06
-0.14939827E-06
-0.10000512E-06
 0.28408294E-06
-0.15016662E-06
-0.36378799E-16
-0.15004453E-15
 0.41079551E-14
 0.73823445E-15
-0.22999891E-15
 0.46094001E-15
-0.10220712E-16
 0.38229171E-14
 0.15942934E-15
 0.88029706E-15
-0.88548408E-15
-0.38429664E-15
 0.15942934E-15
 0.49516947E-14
-0.16685314E-15
 0.13565690E-15
 0.21542960E-15
 0.73823445E-15
 0.40138438E-14
 0.43183030E-15
-0.11221194E-06
 0.11221194E-06
 0.10181395E-06
 0.34071297E-15
-0.34071296E-15
-0.12467021E-06
-0.12231298E-06
 0.28683414E-06
-0.10873832E-06
-0.14088916E-06
-0.59963296E-16
 0.52081995E-15
 0.34071297E-15
 0.36898535E-14
 0.47580656E-15
 0.72266637E-16
-0.72266637E-16
-0.10873832E-06
 0.83294449E-07
 0.10792226E-06
-0.12879661E-06
-0.12879661E-06
-0.15375567E-06
-0.10661226E-06
 0.31609564E-06
-0.11483674E-06
-0.14406319E-06
-0.10112023E-06
-0.12529329E-06
 0.25065808E-06
 0.61754936E-16
 0.70736262E-17
-0.66048270E-15
 0.19624276E-15
 0.43452201E-14
-0.70773560E-15
 0.78206041E-15
-0.45568119E-15
 0.51805586E-16
 0.69079507E-14
-0.86072294E-16
 0.84973286E-15
-0.86072299E-16
 0.84973288E-15
 0.66635154E-14
-0.12617624E-06
 0.10132900E-06
-0.12031294E-06
 0.13037535E-06
 0.24385131E-06
-0.11824578E-06
-0.13853739E-06
-0.14166580E-06
 0.10184008E-06
 0.27859889E-06
-0.24169278E-15
 0.20842655E-15
 0.48542574E-15
-0.45444686E-15
 0.36426192E-14
 0.37567226E-15
-0.43185593E-16
 0.20112042E-15
 0.28526595E-15
 0.42451062E-14
-0.13271722E-06
-0.13030716E-06
 0.32988351E-06
-0.10606784E-06
-0.15907992E-06
 0.88783977E-16
-0.31833386E-15
 0.54704855E-15
-0.45419594E-15
 0.34076130E-14
 0.72266641E-16
 0.72266641E-16
-0.10606784E-06
 0.70721604E-07
 0.10606784E-06
 0.59427099E-15
-0.30126306E-15
-0.43183029E-15
 0.22999891E-15
 0.50873958E-14
 0.27401937E-15
 0.66280941E-15
 0.30446615E-15
 0.65605492E-15
 0.49536444E-14
 0.29923998E-16
 0.22363199E-15
 0.23862361E-16
-0.64184299E-15
 0.41630583E-14
 0.11526907E-06
-0.13350569E-06
 0.22494953E-06
-0.10809958E-06
 0.10701586E-06
 0.12339255E-06
-0.17012128E-06
 0.11592918E-06
-0.10048906E-06
 0.27846641E-06
-0.10468989E-06
-0.12960374E-06
-0.10809958E-06
 0.26103718E-06
-0.14612912E-06
-0.12473057E-06
 0.10111101E-06
 0.15865214E-06
-0.19889592E-06
 0.35469986E-06
-0.13023014E-06
-0.11280455E-06
-0.15958769E-06
 0.11102072E-06
 0.30822204E-06
-0.13912480E-06
 0.11847050E-06
-0.12973205E-06
-0.11637944E-06
 0.30242787E-06
-0.11186698E-06
 0.11119634E-06
-0.39278819E-15
-0.16161116E-16
 0.98769430E-07
-0.60394055E-16
 0.46285735E-15
 0.38091199E-14
 0.80594583E-16
 0.49709770E-15
-0.10761344E-06
 0.10651717E-06
 0.80594583E-16
 0.76444045E-07
-0.52021807E-15
 0.10989619E-06
-0.13804472E-06
 0.23759764E-06
-0.14412698E-06
-0.10024013E-06
-0.22068838E-06
-0.20201469E-06
-0.15926797E-06
 0.10029728E-06
 0.48850349E-06
-0.10651891E-06
 0.10987623E-06
-0.14412698E-06
 0.29668657E-06
 0.14916152E-06
-0.23112577E-15
-0.24693013E-15
-0.24693012E-15
-0.23112577E-15
 0.46275296E-14
 0.41977441E-15
 0.48310790E-15
 0.90065879E-15
 0.32341392E-15
 0.59767269E-14
 0.80020514E-15
-0.35845331E-15
 0.64348941E-14
 0.10155692E-15
 0.35433954E-15
-0.84394456E-15
 0.93231512E-15
 0.10155692E-15
 0.62116874E-14
-0.12227008E-14
-0.12590637E-06
-0.12469776E-06
-0.14521978E-06
-0.10778847E-06
 0.29652833E-06
 0.11565472E-06
-0.14912896E-06
-0.10024013E-06
 0.14916152E-06
 0.27247718E-06
 0.17776896E-15
 0.19892583E-15
-0.89497340E-17
-0.10742681E-14
 0.50190617E-14
 0.69590999E-16
-0.96749068E-16
 0.54158609E-14
 0.92053649E-15
-0.96572628E-16
 0.35433954E-15
-0.12227008E-14
 0.92053649E-15
 0.57554277E-14
 0.71356887E-15
 0.11425822E-06
-0.12058295E-06
 0.13285216E-06
-0.15016662E-06
 0.32214228E-06
-0.12833185E-06
 0.13738529E-06
-0.15907992E-06
 0.10606784E-06
 0.33371613E-06
 0.52081994E-15
 0.59963298E-16
-0.34071296E-15
 0.47580656E-15
 0.36898535E-14
-0.37567225E-15
-0.43185588E-16
 0.19793355E-15
-0.29423093E-15
 0.42502544E-14
-0.96105188E-16
 0.51913661E-15
 0.49198715E-15
-0.37396424E-15
 0.44480899E-14
 0.57533764E-15
 0.55357305E-15
 0.40548397E-14
 0.58599799E-15
 0.64541231E-15
-0.16676223E-15
 0.36178849E-15
 0.58599799E-15
 0.44519739E-14
-0.30573344E-16
-0.12902897E-06
 0.12203739E-06
-0.15001704E-06
 0.11604052E-06
 0.32218301E-06
-0.14048698E-06
-0.11413552E-06
-0.13430112E-06
-0.10126114E-06
 0.25927148E-06
-0.13124372E-06
 0.10024753E-06
 0.10948098E-06
-0.10848121E-06
 0.17865518E-06
-0.13672313E-06
 0.12159608E-06
 0.14286490E-06
-0.11795172E-06
 0.32699761E-06
-0.11420197E-06
 0.14066523E-06
 0.12204279E-06
-0.10307486E-06
 0.24903179E-06
 0.10010143E-06
-0.12928106E-06
-0.10830677E-06
 0.11041599E-06
 0.16584421E-06
 0.39597443E-15
-0.45486053E-15
 0.49709770E-15
-0.52021807E-15
 0.34718776E-14
-0.32790260E-15
 0.42776278E-15
 0.88029706E-15
-0.16685314E-15
 0.39663505E-14
 0.10950252E-06
-0.11579482E-06
-0.44675468E-15
-0.14142371E-17
 0.10300025E-06
-0.26825589E-15
-0.10233902E-14
 0.50060794E-14
 0.87567057E-15
 0.94964676E-15
-0.96572628E-16
 0.71356887E-15
 0.87567057E-15
 0.62559068E-14
 0.23160715E-15
-0.12469742E-06
-0.10858430E-06
-0.12931383E-06
-0.12080805E-06
 0.26658109E-06
 0.11844981E-06
-0.11077313E-06
-0.13240221E-06
 0.12099803E-06
 0.26603579E-06
-0.11792270E-06
 0.13637848E-06
-0.14088916E-06
 0.10792226E-06
 0.29505921E-06
-0.88783972E-16
 0.31833387E-15
-0.54704855E-15
 0.45419595E-15
 0.34076130E-14
 0.29924013E-16
-0.22363198E-15
 0.64541231E-15
-0.30573344E-16
 0.41696147E-14
 0.30126306E-15
-0.59427099E-15
-0.22999891E-15
 0.43183030E-15
 0.50873959E-14
-0.71076405E-15
-0.22556599E-16
-0.94569131E-16
 0.59142263E-15
 0.63260843E-14
 0.41999194E-15
 0.14084039E-15
 0.71509163E-15
-0.20311733E-15
 0.60344754E-14
 0.14782112E-15
-0.11395845E-15
-0.26485470E-15
-0.13313064E-14
 0.52824274E-14
 0.45239299E-15
-0.25092558E-15
-0.22044968E-15
 0.66558732E-15
 0.67630721E-14
-0.49741316E-15
 0.15111535E-15
 0.94964676E-15
 0.23160715E-15
 0.60071539E-14
 0.20842655E-15
 0.24169279E-15
 0.48542575E-15
 0.45444687E-15
 0.36426192E-14
 0.27401937E-15
-0.66280941E-15
-0.30446615E-15
 0.65605492E-15
 0.49536445E-14
 0.12241110E-06
-0.12027943E-06
-0.14069185E-06
 0.10727961E-06
 0.27524789E-06
 0.61754939E-16
-0.70736255E-17
 0.66048270E-15
 0.19624277E-15
 0.43452201E-14
-0.24649220E-15
 0.86789206E-15
 0.60621417E-14
 0.14152152E-15
 0.92296710E-15
 0.10866954E-14
 0.24297266E-15
 0.14152152E-15
 0.65472814E-14
-0.69998735E-15
-0.60239689E-16
 0.90263495E-17
-0.65003907E-16
 0.55583766E-15
 0.59389978E-14
-0.35170274E-15
 0.30685406E-15
 0.76605403E-16
 0.99737906E-15
 0.52072698E-14
 0.12361350E-06
-0.11421366E-06
-0.15884046E-06
 0.11288573E-06
 0.30363156E-06
-0.13131237E-06
-0.12329949E-06
-0.12490481E-06
-0.16177206E-06
 0.35923899E-06
-0.13677764E-06
-0.11291873E-06
-0.17515009E-06
 0.11142987E-06
 0.33871993E-06
 0.48170702E-14
 0.14975273E-14
-0.12707970E-14
-0.23112577E-15
 0.41977440E-15
 0.14975273E-14
 0.41943798E-14
-0.60972060E-15
 0.24693013E-15
 0.10935818E-15
-0.60972060E-15
 0.37897269E-14
 0.12891628E-14
-0.44318610E-15
 0.20824412E-15
-0.12707970E-14
 0.12891628E-14
 0.58531898E-14
-0.48310788E-15
-0.59606490E-15
 0.64905137E-14
-0.14094319E-14
 0.84431582E-15
-0.24649220E-15
-0.40277987E-15
-0.14094319E-14
 0.48998389E-14
 0.51931226E-15
-0.20597600E-15
 0.65421123E-15
 0.84431582E-15
 0.47482731E-14
-0.10707031E-14
 0.46296723E-16
-0.86789206E-15
-0.10707031E-14
 0.40395898E-14
 0.39516624E-15
 0.96705985E-16
-0.31889216E-15
 0.51931226E-15
 0.39516624E-15
 0.36525101E-14
 0.33974988E-15
 0.43693550E-15
 0.76377584E-14
 0.10579829E-14
 0.65377921E-15
-0.11514982E-14
-0.26141719E-15
 0.10579829E-14
 0.83201764E-14
 0.56869663E-15
-0.36954818E-15
 0.49348385E-15
 0.53711116E-14
-0.43687027E-15
 0.38596780E-15
-0.69733087E-15
 0.16990115E-15
 0.65377921E-15
-0.43687027E-15
 0.50954583E-14
-0.12242457E-14
 0.80205823E-15
 0.56869663E-15
 0.59991980E-14
-0.10020890E-14
-0.16045541E-14
 0.65007391E-15
 0.38596780E-15
-0.10020890E-14
 0.59624304E-14
 0.30308112E-16
 0.61362454E-15
 0.39683963E-14
-0.69034297E-15
 0.25706292E-15
 0.16676222E-15
-0.32836202E-15
-0.69034297E-15
 0.42814276E-14
 0.23162748E-15
-0.10002788E-14
 0.36178849E-15
 0.49889390E-14
 0.32486087E-15
-0.69154618E-15
 0.95823010E-16
-0.84557430E-16
 0.25706292E-15
 0.32486087E-15
 0.39699965E-14
 0.49404887E-15
 0.85507780E-15
 0.23162748E-15
 0.51754387E-14
 0.64383880E-15
 0.35816475E-16
 0.33604075E-16
-0.69154618E-15
 0.64383880E-15
 0.49443914E-14
 0.70891492E-15
-0.84873868E-15
 0.52548035E-14
 0.87102902E-15
-0.80447940E-15
-0.20911109E-16
 0.13802348E-15
 0.87102902E-15
 0.50364153E-14
 0.11669801E-14
 0.54782358E-15
 0.68704513E-15
-0.80447940E-15
 0.46948088E-14
 0.76018022E-15
 0.53813980E-15
-0.24909568E-15
 0.11669801E-14
 0.62665783E-14
-0.10142769E-14
 0.28989650E-15
-0.15921997E-15
 0.76018022E-15
-0.10142769E-14
 0.48438038E-14
 0.71994183E-15
 0.31162069E-15
 0.53051705E-14
-0.10444661E-14
 0.23455323E-15
-0.32131843E-15
-0.10652671E-15
-0.10444661E-14
 0.42793826E-14
 0.41238300E-15
 0.44716325E-15
 0.71089698E-15
 0.42914767E-14
 0.10304507E-14
-0.10926385E-14
 0.25565062E-15
-0.16785513E-15
 0.23455323E-15
 0.10304507E-14
 0.44587346E-14
 0.91146373E-15
-0.60707387E-16
 0.41238300E-15
-0.10926385E-14
 0.43662659E-14
-0.15982857E-15
-0.26699443E-15
 0.68004463E-14
 0.89397068E-15
-0.15946399E-14
 0.23034597E-15
-0.97339769E-16
 0.89397068E-15
 0.46810120E-14
 0.79659870E-15
 0.84795275E-15
 0.32823018E-15
-0.15946399E-14
 0.63964052E-14
 0.11239289E-14
-0.12581337E-15
 0.45481469E-15
 0.11239289E-14
 0.50144644E-14
-0.46082740E-15
 0.34631231E-15
 0.37810383E-15
 0.79659870E-15
-0.46082740E-15
 0.44297641E-14
-0.16494909E-15
 0.50703920E-15
 0.52824274E-14
 0.26485470E-15
 0.14782112E-15
 0.13313064E-14
 0.11395846E-15
 0.26485470E-15
 0.64222143E-14
 0.51527737E-15
 0.91711844E-16
 0.51274040E-15
 0.51527737E-15
 0.55875930E-14
 0.49741316E-15
 0.12837044E-14
-0.94470126E-15
 0.50060794E-14
-0.94964676E-15
 0.10233902E-14
 0.87567057E-15
 0.26825590E-15
 0.49741316E-15
-0.94964676E-15
 0.60071539E-14
 0.15111535E-15
-0.23160715E-15
 0.14782112E-15
 0.10233902E-14
 0.38761128E-14
 0.32558778E-15
 0.97277818E-15
 0.58735353E-14
 0.18589433E-14
-0.97802251E-15
 0.12686655E-14
-0.49730662E-15
 0.18589433E-14
 0.63079475E-14
-0.16633770E-15
 0.25258929E-15
-0.80545783E-15
-0.16633770E-15
 0.46810726E-14
-0.10191266E-14
-0.10316180E-14
 0.17578992E-15
-0.10191266E-14
 0.54883726E-14
 0.15493384E-14
 0.11173787E-15
-0.10994706E-14
-0.97802251E-15
 0.15493384E-14
 0.79170377E-14
-0.93144665E-15
-0.65148231E-15
 0.61239014E-14
 0.10784348E-14
 0.15875308E-14
 0.10500100E-14
 0.62508259E-15
 0.10784348E-14
 0.62884046E-14
 0.81482465E-16
 0.23715658E-16
 0.34485686E-15
 0.81482465E-16
 0.46644307E-14
 0.39601111E-15
-0.35862111E-15
 0.13758022E-14
 0.15875308E-14
 0.62398481E-14
 0.27538695E-15
 0.29682003E-15
 0.44430452E-15
 0.27538695E-15
 0.45708529E-14
 0.49668704E-15
 0.11303171E-14
-0.30484756E-15
 0.39601111E-15
 0.49668704E-15
 0.39216660E-14
 0.41170830E-15
 0.40228891E-15
 0.55870349E-14
 0.12830729E-14
-0.94491531E-15
 0.52780165E-15
 0.49890646E-15
 0.12830729E-14
 0.59909273E-14
-0.61337297E-15
 0.10059292E-15
 0.13556160E-15
 0.63317635E-14
 0.11377738E-14
 0.11256367E-14
-0.95202498E-16
 0.25097643E-15
-0.94491531E-15
 0.11377738E-14
 0.59410456E-14
-0.45479122E-15
 0.14870029E-15
-0.61337297E-15
 0.11256367E-14
 0.52086600E-14
 0.76572585E-15
-0.59382840E-15
 0.66492256E-14
-0.10459801E-14
 0.10092200E-14
-0.32341389E-15
 0.86072294E-16
-0.10459801E-14
 0.54606371E-14
 0.11846653E-14
 0.90065877E-15
-0.80020513E-15
 0.10092200E-14
 0.57576394E-14
-0.11621088E-14
 0.84973286E-15
 0.45568118E-15
 0.11846653E-14
 0.68152535E-14
 0.10697785E-14
 0.22044966E-15
-0.35845329E-15
-0.11621088E-14
 0.10697785E-14
 0.62986773E-14
 0.51805615E-16
-0.66558732E-15
 0.46296723E-16
 0.96705985E-16
 0.54027065E-14
 0.89898728E-15
-0.84371918E-16
-0.31889216E-15
 0.33974988E-15
 0.37932500E-14
 0.71130762E-15
-0.20373291E-15
 0.89898728E-15
 0.52611556E-14
-0.69992566E-15
 0.89756245E-15
-0.80815551E-15
 0.71130762E-15
 0.43111649E-14
 0.18825399E-15
 0.10820794E-14
 0.25833979E-15
-0.69992566E-15
 0.18825399E-15
 0.53637353E-14
-0.11987152E-16
 0.38626801E-17
 0.23034597E-15
 0.84795275E-15
 0.62948100E-14
-0.54159962E-15
 0.77157492E-15
 0.32823018E-15
-0.16494909E-15
 0.46212612E-14
-0.33297849E-15
 0.16025369E-15
-0.54159962E-15
 0.66530498E-14
 0.51290407E-15
-0.68212907E-15
 0.65989694E-15
 0.51290407E-15
 0.63260244E-14
 0.86207262E-15
-0.25133711E-15
 0.77380308E-15
-0.33297849E-15
 0.86207262E-15
 0.46882746E-14
-0.90386769E-15
 0.79643028E-15
-0.23112577E-15
 0.24693013E-15
 0.46275296E-14
 0.23112577E-15
-0.24693012E-15
 0.41977440E-15
-0.48310788E-15
-0.32341389E-15
 0.90065877E-15
 0.59767268E-14
 0.86072294E-16
 0.84973286E-15
 0.66635154E-14
-0.86072299E-16
-0.84973288E-15
 0.59767269E-14
-0.32341392E-15
 0.41977441E-15
 0.90065879E-15
-0.48310790E-15
-0.86072299E-16
-0.32341392E-15
 0.66492256E-14
-0.10459801E-14
 0.10092200E-14
 0.23112577E-15
 0.41977441E-15
 0.48170702E-14
 0.14975273E-14
-0.12707970E-14
 0.46882746E-14
 0.90386769E-15
 0.79643028E-15
 0.33297849E-15
 0.86207262E-15
 0.90386769E-15
 0.68630206E-14
-0.16077869E-14
 0.25133711E-15
-0.11715238E-15
-0.16077869E-14
 0.64081608E-14
 0.11233959E-14
 0.46953198E-15
 0.13076900E-15
 0.11233959E-14
 0.50225138E-14
-0.45866174E-15
 0.34881305E-15
-0.37521144E-15
 0.79643028E-15
-0.45866174E-15
 0.44374822E-14
-0.16025369E-15
 0.50940780E-15
 0.61031480E-14
 0.65869991E-15
 0.36090785E-15
 0.46724290E-16
 0.33953735E-16
 0.65869991E-15
 0.57122374E-14
-0.51584402E-15
 0.10364750E-14
-0.10451943E-14
 0.36090785E-15
 0.55508344E-14
-0.10866954E-14
-0.11572416E-14
 0.87488216E-15
-0.10866954E-14
 0.65472814E-14
 0.69998735E-15
-0.14152152E-15
-0.24297266E-15
 0.69998735E-15
 0.57486417E-14
 0.47223713E-15
 0.92296710E-15
 0.10315503E-14
-0.51584402E-15
 0.47223713E-15
 0.60948226E-14
-0.20072254E-15
 0.13522256E-15
 0.57122375E-14
-0.10451943E-14
 0.10364750E-14
 0.65869991E-15
-0.51584402E-15
-0.10451943E-14
 0.55715468E-14
 0.23309487E-15
-0.41702314E-16
 0.46724300E-16
 0.23309487E-15
 0.41567862E-14
 0.24036151E-15
 0.98970370E-15
 0.61629479E-15
 0.10364750E-14
 0.51873639E-14
 0.24363640E-15
 0.24308890E-16
 0.13522256E-15
 0.24363640E-15
 0.38701078E-14
-0.31966520E-15
 0.62816535E-15
-0.88886668E-15
 0.24036151E-15
-0.31966520E-15
 0.39226802E-14
-0.27066429E-15
 0.15380969E-15
 0.57122374E-14
 0.10451943E-14
-0.10364750E-14
 0.51584402E-15
-0.65869991E-15
 0.10451943E-14
 0.55715468E-14
 0.23309486E-15
 0.41702322E-16
 0.46724290E-16
 0.23309486E-15
 0.41567862E-14
-0.24036150E-15
 0.61629479E-15
-0.98970370E-15
-0.10364750E-14
 0.51873639E-14
 0.24363640E-15
-0.24308885E-16
 0.13522256E-15
 0.24363640E-15
 0.38701078E-14
 0.31966521E-15
 0.88886668E-15
 0.62816536E-15
-0.24036150E-15
 0.31966521E-15
 0.39226802E-14
-0.15380969E-15
 0.27066430E-15
 0.59991980E-14
 0.16045541E-14
 0.65007391E-15
 0.56869663E-15
 0.10020890E-14
 0.16045541E-14
 0.62050030E-14
 0.15982857E-15
 0.25565062E-15
 0.36954818E-15
 0.65007391E-15
 0.55891018E-14
-0.16858256E-15
-0.16798411E-15
-0.30308112E-16
-0.16858256E-15
 0.42542811E-14
 0.60821571E-15
 0.12359288E-14
-0.38161663E-15
 0.15982857E-15
 0.43662659E-14
 0.26699443E-15
 0.10926385E-14
-0.41238300E-15
 0.60821571E-15
 0.26699443E-15
 0.38875169E-14
 0.44716325E-15
 0.15189264E-15
 0.59659562E-14
-0.10862646E-14
 0.20911109E-16
-0.54782358E-15
 0.34458909E-15
-0.10862646E-14
 0.62523281E-14
 0.43408530E-15
 0.50684786E-15
-0.84577584E-15
 0.20911109E-16
 0.52548035E-14
 0.13802348E-15
 0.87102902E-15
 0.80447940E-15
 0.43408530E-15
 0.61285363E-14
 0.80815551E-15
 0.51080360E-15
-0.84371918E-16
 0.80815551E-15
 0.52611556E-14
-0.89756245E-15
 0.69992566E-15
-0.89898728E-15
 0.13802348E-15
-0.89756245E-15
 0.55636829E-14
-0.53813980E-15
-0.11987152E-16
 0.90649002E-14
 0.31821733E-15
 0.33896757E-15
 0.19235033E-14
 0.18706664E-14
 0.31821733E-15
 0.97099428E-14
-0.91609093E-15
 0.13744701E-15
-0.32643224E-15
-0.91609093E-15
 0.88219207E-14
 0.14316306E-14
 0.17223234E-14
-0.48836704E-15
 0.14316306E-14
 0.83866017E-14
 0.14692615E-14
 0.53833431E-15
 0.56104136E-15
 0.33896757E-15
 0.98625776E-14
-0.89921482E-15
 0.14805860E-15
-0.28263759E-15
 0.14692615E-14
-0.89921482E-15
 0.89769074E-14
-0.45557182E-15
 0.17712867E-14
-0.20911109E-16
 0.54782358E-15
 0.59659562E-14
 0.10862646E-14
-0.34458909E-15
 0.13802348E-15
 0.53813980E-15
 0.89756245E-15
-0.11987152E-16
 0.55636829E-14
-0.84371918E-16
-0.80815551E-15
 0.61285363E-14
 0.43408530E-15
-0.51080360E-15
 0.10862646E-14
 0.43408530E-15
 0.62523281E-14
 0.50684786E-15
 0.84577584E-15
-0.25133711E-15
-0.90386769E-15
 0.68630206E-14
 0.16077869E-14
-0.11715238E-15
 0.16025369E-15
 0.79643028E-15
 0.44374822E-14
 0.45866174E-15
 0.50940780E-15
 0.16077869E-14
 0.64081608E-14
-0.11233959E-14
 0.13076900E-15
-0.46953198E-15
 0.45866174E-15
-0.11233959E-14
 0.50225138E-14
-0.34881305E-15
 0.37521144E-15
 0.90065879E-15
-0.10459801E-14
 0.54606371E-14
 0.11846654E-14
-0.80020514E-15
-0.84973288E-15
 0.10092200E-14
 0.57576395E-14
-0.11621088E-14
 0.45568119E-15
 0.11846654E-14
 0.68152536E-14
 0.10697785E-14
-0.35845331E-15
 0.22044968E-15
-0.11621088E-14
 0.10697785E-14
 0.62986774E-14
 0.51805589E-16
-0.66558732E-15
 0.95823010E-16
 0.70891492E-15
 0.53567886E-14
 0.43206014E-15
 0.49160075E-15
 0.35816475E-16
-0.84873868E-15
 0.52759100E-14
 0.24618266E-15
-0.43319621E-15
 0.53711116E-14
 0.16990115E-15
-0.69733088E-15
-0.43687028E-15
 0.38596780E-15
 0.24618266E-15
 0.16990115E-15
 0.49146626E-14
 0.80205823E-15
 0.74869034E-15
 0.43206014E-15
-0.69733088E-15
 0.54334669E-14
 0.61362453E-15
-0.65973574E-15
-0.36954818E-15
-0.16045541E-14
 0.25565062E-15
-0.15982857E-15
 0.62050030E-14
 0.65007391E-15
 0.30308112E-16
 0.55891018E-14
 0.16858256E-15
-0.16798411E-15
 0.44716325E-15
-0.26699443E-15
 0.38875169E-14
 0.60821571E-15
-0.15189264E-15
 0.16858256E-15
 0.60821571E-15
 0.42542811E-14
-0.12359288E-14
 0.38161663E-15
 0.91711844E-16
 0.12837044E-14
 0.59571791E-14
-0.60078982E-15
 0.14660953E-15
-0.94470126E-15
 0.15111535E-15
 0.59391307E-14
 0.11386391E-14
-0.45239299E-15
 0.11386391E-14
 0.63271095E-14
 0.11263540E-14
 0.25092558E-15
-0.94569132E-16
-0.60078982E-15
 0.11263540E-14
 0.51952910E-14
-0.59142263E-15
 0.75912980E-15
 0.25258929E-15
-0.10316180E-14
 0.29682003E-15
 0.11303171E-14
 0.41878575E-14
 0.17578992E-15
 0.11173787E-15
 0.60076437E-14
 0.13946632E-14
-0.29338154E-15
-0.30484756E-15
 0.41170830E-15
 0.13946632E-14
 0.50582075E-14
-0.63226391E-15
 0.58735353E-14
 0.18589433E-14
-0.97802251E-15
-0.49730662E-15
 0.12686655E-14
 0.18589433E-14
 0.63079475E-14
-0.16633770E-15
 0.25258929E-15
-0.80545783E-15
-0.16633770E-15
 0.46810726E-14
-0.10191266E-14
-0.10316180E-14
 0.17578992E-15
-0.10191266E-14
 0.54883726E-14
 0.15493384E-14
 0.11173787E-15
-0.10994706E-14
-0.97802251E-15
 0.15493384E-14
 0.79170377E-14
-0.93144666E-15
-0.65148230E-15
 0.48199445E-14
 0.13758022E-14
-0.88886668E-15
 0.24308885E-16
 0.23715664E-16
 0.13758022E-14
 0.46644307E-14
-0.35862110E-15
 0.81482478E-16
 0.39601110E-15
-0.88886668E-15
 0.38701078E-14
 0.62816536E-15
 0.24363640E-15
-0.31966521E-15
 0.62816536E-15
 0.37614410E-14
 0.34295232E-15
 0.15380969E-15
 0.43168555E-15
-0.35862110E-15
 0.34295232E-15
 0.38034628E-14
-0.33669168E-15
 0.40228892E-15
 0.68004463E-14
-0.89397068E-15
 0.15946399E-14
-0.97339769E-16
-0.23034597E-15
-0.89397068E-15
 0.46810120E-14
 0.79659870E-15
-0.32823018E-15
 0.84795275E-15
 0.15946399E-14
 0.63964052E-14
-0.11239289E-14
-0.45481469E-15
 0.12581337E-15
-0.11239289E-14
 0.50144644E-14
 0.46082740E-15
-0.34631231E-15
 0.37810383E-15
 0.79659870E-15
 0.46082740E-15
 0.44297641E-14
 0.16494909E-15
 0.50703920E-15
 0.53051705E-14
-0.10444661E-14
 0.23455323E-15
-0.10652670E-15
-0.32131843E-15
-0.10444661E-14
 0.42793827E-14
 0.41238301E-15
 0.71089699E-15
 0.44716324E-15
 0.42914767E-14
 0.10304507E-14
-0.10926385E-14
-0.16785512E-15
 0.25565062E-15
 0.23455323E-15
 0.10304507E-14
 0.44587346E-14
-0.60707384E-16
 0.91146373E-15
 0.41238301E-15
-0.10926385E-14
 0.43662659E-14
-0.15982856E-15
-0.26699443E-15
 0.56577373E-14
 0.10609508E-14
 0.10704285E-14
 0.71076405E-15
 0.41999194E-15
 0.10609508E-14
 0.65233101E-14
-0.10876606E-14
 0.22556602E-16
-0.19157413E-16
-0.10876606E-14
 0.57807234E-14
 0.10648243E-14
 0.69675965E-15
 0.60283502E-15
 0.10704285E-14
 0.59511037E-14
-0.10162545E-14
-0.14084039E-15
 0.54770314E-15
 0.10648243E-14
-0.10162545E-14
 0.63020710E-14
-0.53622760E-16
 0.26084201E-15
 0.68004463E-14
-0.89397068E-15
 0.15946399E-14
-0.97339763E-16
-0.23034597E-15
-0.89397068E-15
 0.46810120E-14
 0.79659870E-15
 0.84795275E-15
-0.32823018E-15
 0.15946399E-14
 0.63964052E-14
-0.11239289E-14
 0.12581337E-15
-0.45481470E-15
-0.11239289E-14
 0.50144643E-14
 0.46082740E-15
 0.37810383E-15
-0.34631231E-15
 0.79659870E-15
 0.46082740E-15
 0.44297641E-14
 0.50703920E-15
 0.16494908E-15
 0.46882746E-14
 0.90386769E-15
 0.79643028E-15
 0.33297849E-15
 0.86207262E-15
 0.90386769E-15
 0.68630206E-14
-0.16077868E-14
 0.25133710E-15
-0.11715237E-15
-0.16077868E-14
 0.64081608E-14
 0.11233959E-14
 0.13076899E-15
 0.46953197E-15
 0.11233959E-14
 0.50225137E-14
-0.45866174E-15
-0.37521144E-15
 0.34881305E-15
 0.79643028E-15
-0.45866174E-15
 0.44374822E-14
 0.50940780E-15
-0.16025369E-15
 0.58735353E-14
-0.18589433E-14
 0.97802251E-15
 0.49730662E-15
-0.12686655E-14
-0.18589433E-14
 0.63079475E-14
-0.16633770E-15
-0.25258929E-15
-0.80545783E-15
-0.16633770E-15
 0.46810726E-14
 0.10191266E-14
 0.10316180E-14
 0.17578992E-15
 0.10191266E-14
 0.54883726E-14
-0.15493384E-14
-0.11173787E-15
 0.10994706E-14
 0.97802251E-15
-0.15493384E-14
 0.79170377E-14
-0.65148230E-15
-0.93144666E-15
 0.46882746E-14
-0.90386769E-15
 0.79643028E-15
 0.86207262E-15
-0.33297849E-15
-0.90386769E-15
 0.68630206E-14
 0.16077869E-14
-0.11715238E-15
-0.25133711E-15
 0.16077869E-14
 0.64081608E-14
-0.11233959E-14
 0.13076900E-15
-0.46953198E-15
-0.11233959E-14
 0.50225138E-14
 0.45866174E-15
 0.37521144E-15
-0.34881305E-15
 0.79643028E-15
 0.45866174E-15
 0.44374822E-14
 0.50940780E-15
 0.16025369E-15
 0.68004463E-14
 0.89397068E-15
-0.15946399E-14
 0.23034597E-15
-0.97339769E-16
 0.89397068E-15
 0.46810120E-14
 0.79659870E-15
 0.32823018E-15
 0.84795275E-15
-0.15946399E-14
 0.63964052E-14
 0.11239289E-14
-0.12581337E-15
 0.45481469E-15
 0.11239289E-14
 0.50144644E-14
-0.46082740E-15
 0.37810383E-15
 0.34631231E-15
 0.79659870E-15
-0.46082740E-15
 0.44297641E-14
 0.50703920E-15
-0.16494909E-15
 0.65141347E-14
 0.10636935E-14
-0.10882474E-14
 0.27548071E-16
-0.13224034E-16
 0.10636935E-14
 0.56125788E-14
 0.10311027E-14
 0.70740925E-15
 0.42941421E-15
-0.10882474E-14
 0.57870618E-14
 0.10623698E-14
-0.60896858E-15
 0.69073797E-15
 0.10311027E-14
 0.59245502E-14
-0.10527511E-14
-0.15641421E-15
 0.54490235E-15
 0.10623698E-14
-0.10527511E-14
 0.63413214E-14
 0.54119062E-16
 0.23368247E-15
 0.62280496E-14
 0.18089096E-14
-0.60707387E-16
 0.16785513E-15
-0.78241753E-15
 0.18089096E-14
 0.58002115E-14
-0.98711856E-15
-0.51581894E-15
 0.12442625E-14
-0.60707387E-16
 0.44587346E-14
-0.91146373E-15
-0.10304507E-14
 0.23455323E-15
-0.98711856E-15
 0.79017961E-14
 0.15768766E-14
-0.64678835E-15
-0.95119392E-15
-0.91146373E-15
 0.15768766E-14
 0.53517539E-14
 0.10652671E-15
-0.10718210E-14
-0.41702314E-16
 0.98970370E-15
 0.49701634E-14
-0.12359288E-14
-0.16798411E-15
 0.61629479E-15
-0.27066429E-15
 0.38563507E-14
-0.45165366E-15
 0.57318498E-15
-0.12359288E-14
 0.42542811E-14
 0.38161664E-15
 0.60821570E-15
 0.16858256E-15
-0.45165366E-15
 0.38161664E-15
 0.40972545E-14
 0.17210146E-15
-0.15189265E-15
-0.24308885E-16
 0.88886668E-15
 0.48199445E-14
-0.13758022E-14
 0.23715664E-16
 0.62816536E-15
-0.15380969E-15
 0.37614410E-14
-0.34295232E-15
 0.43168555E-15
-0.13758022E-14
 0.46644307E-14
 0.35862110E-15
 0.39601110E-15
-0.81482478E-16
-0.34295232E-15
 0.35862110E-15
 0.38034628E-14
 0.33669168E-15
-0.40228892E-15
-0.54782358E-15
 0.87102902E-15
 0.50364153E-14
-0.11669801E-14
 0.68704513E-15
 0.80447940E-15
-0.53813980E-15
 0.46948088E-14
-0.76018022E-15
 0.24909568E-15
-0.11669801E-14
 0.62665783E-14
 0.10142769E-14
-0.28989650E-15
-0.15921997E-15
-0.76018022E-15
 0.10142769E-14
 0.48438038E-14
 0.31162069E-15
-0.71994183E-15
 0.66530498E-14
-0.65989694E-15
 0.68212907E-15
 0.54159962E-15
-0.51290407E-15
-0.65989694E-15
 0.67812916E-14
 0.13125881E-14
-0.22194036E-15
 0.77157492E-15
 0.68212907E-15
 0.63570046E-14
 0.91110351E-15
 0.23885793E-15
 0.77380308E-15
 0.91110351E-15
 0.55728352E-14
-0.14800163E-15
-0.63912122E-15
 0.83735593E-15
 0.13125881E-14
 0.61323942E-14
-0.11386017E-15
 0.83832953E-15
 0.44972659E-15
-0.14800163E-15
-0.11386017E-15
 0.53888633E-14
 0.50856917E-15
-0.70545679E-15
 0.66530498E-14
-0.65989695E-15
 0.68212907E-15
 0.54159962E-15
-0.51290407E-15
-0.65989695E-15
 0.67812915E-14
 0.13125881E-14
-0.22194038E-15
 0.77157491E-15
 0.68212907E-15
 0.63570046E-14
 0.91110351E-15
 0.77380307E-15
 0.23885793E-15
 0.91110351E-15
 0.55728352E-14
-0.14800163E-15
 0.83735593E-15
-0.63912122E-15
 0.13125881E-14
 0.61323942E-14
-0.11386014E-15
 0.44972660E-15
 0.83832952E-15
-0.14800163E-15
-0.11386014E-15
 0.53888633E-14
-0.70545679E-15
 0.50856918E-15
 0.66530498E-14
 0.65989694E-15
-0.68212907E-15
 0.51290407E-15
-0.54159962E-15
 0.65989694E-15
 0.67812916E-14
-0.13125881E-14
 0.77157492E-15
 0.22194036E-15
-0.68212907E-15
 0.63570046E-14
 0.91110351E-15
-0.23885793E-15
 0.77380308E-15
 0.91110351E-15
 0.55728352E-14
 0.14800163E-15
 0.83735593E-15
 0.63912122E-15
-0.13125881E-14
 0.61323942E-14
-0.11386017E-15
-0.83832953E-15
 0.44972659E-15
 0.14800163E-15
-0.11386017E-15
 0.53888633E-14
 0.70545679E-15
-0.50856917E-15
 0.90649002E-14
 0.33896757E-15
-0.31821732E-15
-0.19235033E-14
 0.18706664E-14
 0.33896757E-15
 0.98625776E-14
 0.89921482E-15
 0.28263759E-15
 0.14805860E-15
 0.89921482E-15
 0.89769074E-14
-0.14692615E-14
-0.17712867E-14
 0.45557182E-15
-0.14692615E-14
 0.83866017E-14
 0.14316306E-14
-0.53833431E-15
 0.56104136E-15
-0.31821732E-15
 0.97099428E-14
 0.91609094E-15
 0.32643224E-15
 0.13744701E-15
 0.14316306E-14
 0.91609094E-15
 0.88219207E-14
-0.17223234E-14
 0.48836704E-15
 0.34631231E-15
 0.50703920E-15
 0.51598258E-14
 0.96522781E-15
-0.10492149E-14
 0.50940780E-15
-0.34881305E-15
 0.51633698E-14
-0.96522781E-15
 0.10492149E-14
 0.96522781E-15
-0.96522781E-15
 0.69868656E-14
-0.22522494E-15
-0.22522494E-15
 0.45568118E-15
 0.51805615E-16
 0.69079506E-14
-0.78206042E-15
 0.70773562E-15
 0.45568119E-15
 0.51805589E-16
 0.69079507E-14
 0.78206041E-15
 0.70773560E-15
-0.78206042E-15
 0.78206041E-15
 0.75855809E-14
-0.79466676E-15
 0.79466671E-15
 0.68704513E-15
 0.28989650E-15
 0.74854582E-14
-0.11044594E-14
 0.11483938E-14
-0.34458909E-15
 0.50684786E-15
 0.70195687E-14
 0.10500100E-14
 0.34485686E-15
 0.10500100E-14
 0.61239014E-14
 0.62508260E-15
 0.10784348E-14
 0.15875308E-14
-0.11044594E-14
 0.62508260E-15
 0.82786352E-14
 0.44430452E-15
 0.40641408E-15
-0.43687028E-15
 0.80205823E-15
 0.50954583E-14
-0.12242457E-14
 0.65377921E-15
-0.43319621E-15
 0.74869034E-15
 0.46317674E-14
-0.74298550E-15
 0.23242140E-15
-0.74298550E-15
 0.48356912E-14
 0.10592177E-14
 0.34475081E-15
-0.71509162E-15
-0.12242457E-14
 0.10592177E-14
 0.63863186E-14
-0.26141720E-15
-0.20311733E-15
-0.16798411E-15
-0.12359288E-14
 0.49701634E-14
 0.98970370E-15
-0.41702322E-16
-0.15189264E-15
 0.38161663E-15
 0.40972545E-14
-0.45165366E-15
 0.17210145E-15
 0.98970370E-15
 0.41567862E-14
 0.61629479E-15
 0.23309486E-15
 0.24036150E-15
-0.45165366E-15
 0.61629479E-15
 0.38563507E-14
 0.57318499E-15
-0.27066430E-15
 0.52780165E-15
 0.10059292E-15
 0.64297132E-14
 0.51617256E-15
 0.28305856E-15
 0.13556160E-15
 0.76572585E-15
 0.24909568E-15
 0.31162069E-15
 0.50072033E-14
 0.69992566E-15
-0.11987152E-16
 0.53637353E-14
-0.38626801E-17
 0.18825399E-15
 0.51617256E-15
-0.38626801E-17
 0.52046804E-14
 0.13362004E-14
-0.10820794E-14
 0.87567057E-15
-0.23160715E-15
 0.62559068E-14
 0.71356887E-15
 0.96572628E-16
-0.80020514E-15
-0.35845331E-15
 0.64348941E-14
-0.35433954E-15
 0.10155692E-15
 0.22044968E-15
-0.66558732E-15
-0.45239299E-15
 0.25092558E-15
 0.67630721E-14
 0.71356887E-15
-0.35433954E-15
 0.57554277E-14
 0.12227008E-14
-0.92053649E-15
 0.13076900E-15
 0.37521144E-15
 0.12581337E-15
 0.37810383E-15
 0.59682153E-14
-0.34631231E-15
 0.50703920E-15
 0.51598258E-14
 0.10492148E-14
-0.96522781E-15
 0.10492149E-14
-0.22522494E-15
 0.10492148E-14
 0.70029894E-14
-0.22522494E-15
-0.24649220E-15
-0.86789206E-15
-0.14152152E-15
 0.92296710E-15
 0.60621417E-14
 0.10315503E-14
-0.20072254E-15
-0.51080360E-15
 0.84577584E-15
 0.59703925E-14
 0.38596780E-15
 0.61362453E-15
 0.59624304E-14
-0.10020890E-14
 0.30308122E-16
 0.65377921E-15
-0.26141720E-15
 0.76377584E-14
 0.10579829E-14
-0.11514982E-14
 0.10579829E-14
 0.83201764E-14
 0.56869662E-15
 0.49348384E-15
-0.36954816E-15
-0.10020890E-14
 0.56869662E-15
 0.59991981E-14
-0.16045541E-14
 0.65007392E-15
 0.34458909E-15
 0.50684786E-15
 0.70195687E-14
 0.10500100E-14
-0.34485686E-15
 0.68704513E-15
-0.28989650E-15
 0.74854582E-14
 0.11044594E-14
-0.11483938E-14
 0.10500100E-14
 0.61239014E-14
-0.62508260E-15
 0.15875308E-14
-0.10784348E-14
 0.11044594E-14
-0.62508260E-15
 0.82786352E-14
 0.40641408E-15
-0.44430452E-15
 0.25258929E-15
-0.10316180E-14
 0.41878575E-14
 0.11303171E-14
 0.29682003E-15
 0.17578992E-15
 0.11173787E-15
 0.60076438E-14
 0.13946633E-14
-0.29338150E-15
 0.13946633E-14
 0.50582076E-14
-0.30484754E-15
 0.41170830E-15
-0.63226388E-15
 0.11303171E-14
-0.30484754E-15
 0.45708530E-14
 0.49668707E-15
 0.27538697E-15
-0.16785512E-15
-0.60707384E-16
 0.62280496E-14
-0.18089096E-14
-0.78241753E-15
-0.10652670E-15
 0.91146373E-15
 0.53517539E-14
-0.15768766E-14
 0.10718210E-14
-0.18089096E-14
 0.58002115E-14
 0.98711856E-15
 0.51581895E-15
 0.12442625E-14
-0.15768766E-14
 0.98711856E-15
 0.79017961E-14
 0.64678835E-15
-0.95119391E-15
-0.25258929E-15
 0.10316180E-14
 0.41878575E-14
-0.11303171E-14
 0.29682003E-15
 0.17578992E-15
-0.11173787E-15
 0.60076438E-14
-0.13946633E-14
-0.29338150E-15
-0.13946633E-14
 0.50582076E-14
 0.30484754E-15
 0.41170830E-15
 0.63226388E-15
-0.11303171E-14
 0.30484754E-15
 0.45708530E-14
-0.27538697E-15
-0.49668707E-15
 0.25565062E-15
 0.10926385E-14
 0.16785513E-15
-0.10304507E-14
 0.42914767E-14
-0.41238300E-15
 0.44716325E-15
 0.42793826E-14
 0.10444661E-14
-0.71089698E-15
 0.23455323E-15
 0.10652671E-15
 0.10444661E-14
 0.53051705E-14
-0.32131843E-15
-0.94569132E-16
-0.59142263E-15
 0.71076405E-15
 0.22556602E-16
 0.63260843E-14
-0.19157413E-16
 0.69675965E-15
 0.70773560E-15
-0.79466676E-15
 0.70880235E-14
-0.10994706E-14
-0.93144665E-15
-0.97339763E-16
-0.45481470E-15
 0.79151190E-14
 0.12686655E-14
-0.65148231E-15
 0.73434811E-14
-0.64678835E-15
 0.12442625E-14
-0.11715238E-15
-0.46953198E-15
 0.79246648E-14
-0.95119392E-15
-0.10718210E-14
-0.64678835E-15
-0.95119392E-15
 0.79017961E-14
-0.98711856E-15
 0.15768766E-14
 0.10364750E-14
 0.13522256E-15
 0.24308885E-16
 0.24363640E-15
 0.51873639E-14
 0.23715664E-16
 0.81482478E-16
 0.34485686E-15
 0.10784348E-14
 0.62884046E-14
-0.95202498E-16
-0.59382840E-15
 0.27548071E-16
 0.70740925E-15
 0.63222215E-14
 0.42941421E-15
-0.15641421E-15
-0.15921997E-15
-0.71994183E-15
 0.59579461E-14
 0.56869663E-15
 0.36954818E-15
 0.83201764E-14
 0.49348385E-15
-0.10579829E-14
 0.13744701E-15
 0.17223234E-14
 0.49348385E-15
 0.96477744E-14
 0.11514982E-14
-0.48836704E-15
 0.53833431E-15
-0.78241753E-15
-0.51581894E-15
 0.79407594E-14
-0.32131843E-15
 0.71089698E-15
 0.23885793E-15
-0.63912122E-15
 0.60758398E-14
 0.83735593E-15
 0.50856917E-15
 0.17210145E-15
 0.57318499E-15
 0.45396097E-14
 0.33297849E-15
-0.16025369E-15
-0.32823018E-15
 0.16494909E-15
 0.46212612E-14
 0.34881305E-15
 0.50940780E-15
 0.51633698E-14
 0.96522781E-15
 0.10492149E-14
-0.34631231E-15
 0.50703920E-15
 0.51598258E-14
-0.96522781E-15
 0.10492149E-14
 0.96522781E-15
-0.96522781E-15
 0.69868656E-14
-0.22522494E-15
 0.22522494E-15
-0.10002788E-14
 0.33604075E-16
 0.13313064E-14
 0.51274040E-15
 0.51513208E-14
 0.14660953E-15
 0.75912980E-15
 0.23242140E-15
 0.34475081E-15
 0.49779933E-14
 0.41999194E-15
-0.14084039E-15
-0.71509162E-15
-0.20311733E-15
 0.60344754E-14
-0.69733087E-15
 0.61362454E-15
 0.54334668E-14
-0.65973574E-15
 0.43206013E-15
 0.46724290E-16
-0.10451943E-14
-0.41702322E-16
 0.23309486E-15
 0.55715468E-14
 0.33953735E-16
-0.11572416E-14
-0.65973574E-15
 0.55143753E-14
 0.49160075E-15
-0.31966521E-15
 0.15380969E-15
 0.24036150E-15
-0.27066430E-15
 0.39226802E-14
 0.43168555E-15
-0.33669168E-15
 0.83832953E-15
-0.70545679E-15
 0.42016197E-14
-0.35862111E-15
 0.40228891E-15
 0.38034628E-14
-0.33669167E-15
 0.34295233E-15
-0.29338154E-15
-0.63226391E-15
-0.22194038E-15
 0.44972660E-15
 0.70624210E-14
 0.83832952E-15
-0.70545679E-15
-0.33669167E-15
 0.42016197E-14
 0.43168556E-15
-0.23034597E-15
 0.84795275E-15
 0.54159962E-15
 0.77157491E-15
 0.62948100E-14
 0.13076899E-15
-0.37521144E-15
-0.12581337E-15
 0.37810383E-15
 0.59682153E-14
 0.34881305E-15
 0.50940780E-15
 0.51633697E-14
 0.10492148E-14
 0.96522781E-15
 0.34631231E-15
 0.50703920E-15
 0.51598258E-14
-0.10492149E-14
 0.96522781E-15
 0.10492148E-14
-0.10492149E-14
 0.70029894E-14
-0.22522494E-15
 0.22522494E-15
 0.61629479E-15
 0.27066430E-15
 0.38563507E-14
 0.57318499E-15
 0.45165366E-15
 0.43168555E-15
 0.33669168E-15
-0.83832953E-15
 0.70545679E-15
 0.42016197E-14
 0.83735593E-15
-0.50856917E-15
 0.57318499E-15
 0.45396097E-14
-0.17210145E-15
 0.39601110E-15
 0.40228892E-15
 0.41170830E-15
 0.49668707E-15
 0.39216660E-14
 0.15875308E-14
 0.44430452E-15
 0.29682003E-15
 0.27538697E-15
 0.62398481E-14
-0.22194036E-15
 0.44972659E-15
-0.29338150E-15
-0.63226388E-15
 0.70624211E-14
 0.62816535E-15
 0.15380969E-15
 0.34295233E-15
 0.43168556E-15
 0.37614410E-14
 0.57318498E-15
 0.17210146E-15
 0.83735593E-15
 0.50856918E-15
 0.45396097E-14
 0.23715658E-16
 0.13758022E-14
 0.24308890E-16
-0.88886668E-15
 0.48199445E-14
-0.10994706E-14
-0.93144666E-15
-0.97339769E-16
-0.45481469E-15
 0.79151190E-14
-0.23034597E-15
 0.84795275E-15
 0.54159962E-15
 0.77157492E-15
 0.62948100E-14
-0.10652671E-15
 0.91146373E-15
 0.53517539E-14
 0.10718210E-14
-0.15768766E-14
 0.86207262E-15
 0.25133711E-15
-0.51290407E-15
 0.77380308E-15
 0.63260244E-14
-0.11715238E-15
 0.46953198E-15
 0.10718210E-14
 0.79246648E-14
-0.95119392E-15
 0.56104136E-15
-0.45557182E-15
-0.49730662E-15
-0.80545783E-15
 0.80396422E-14
 0.12686655E-14
-0.65148230E-15
 0.12442625E-14
-0.64678835E-15
 0.73434811E-14
 0.14805860E-15
 0.17712867E-14
 0.11483938E-14
 0.40641408E-15
 0.96928570E-14
-0.15921997E-15
 0.71994183E-15
 0.59579461E-14
 0.15641421E-15
 0.42941421E-15
 0.19235033E-14
-0.28263759E-15
 0.78452261E-14
 0.54490235E-15
-0.23368247E-15
 0.15641421E-15
 0.54490235E-15
 0.59245502E-14
-0.10311027E-14
 0.10527511E-14
 0.12581337E-15
 0.37810383E-15
 0.13076900E-15
 0.37521144E-15
 0.59682153E-14
-0.34881305E-15
 0.50940780E-15
 0.51633698E-14
 0.10492149E-14
-0.96522781E-15
 0.10492149E-14
-0.22522494E-15
 0.10492149E-14
 0.70029894E-14
-0.22522494E-15
-0.11715238E-15
-0.46953198E-15
-0.95119392E-15
-0.10718210E-14
 0.79246648E-14
 0.41702322E-16
-0.98970370E-15
-0.16798411E-15
 0.12359288E-14
 0.49701634E-14
-0.38161663E-15
 0.15189264E-15
 0.45165366E-15
-0.17210145E-15
 0.40972545E-14
-0.23885793E-15
 0.63912122E-15
-0.71089698E-15
-0.32131843E-15
 0.60758398E-14
 0.86207262E-15
-0.25133711E-15
 0.51290407E-15
 0.77380308E-15
 0.63260244E-14
 0.60283502E-15
-0.53622760E-16
-0.60896858E-15
 0.54119062E-16
 0.63022686E-14
-0.13224034E-16
 0.69073797E-15
 0.70773562E-15
 0.79466671E-15
 0.70849836E-14
 0.25097643E-15
-0.45479122E-15
 0.22044966E-15
-0.66558732E-15
 0.67651752E-14
 0.54490235E-15
 0.23368247E-15
-0.19235033E-14
 0.28263759E-15
 0.78452261E-14
 0.14805860E-15
-0.17712867E-14
-0.11483938E-14
 0.40641408E-15
 0.96928570E-14
 0.54770314E-15
 0.26084201E-15
 0.18706664E-14
 0.32643224E-15
 0.77208624E-14
 0.13744701E-15
-0.17223234E-14
-0.11514982E-14
 0.49348384E-15
 0.96477744E-14
 0.25565062E-15
-0.15982856E-15
-0.36954816E-15
-0.16045541E-14
 0.62050030E-14
-0.53833431E-15
 0.48836704E-15
-0.78241753E-15
 0.51581895E-15
 0.79407594E-14
-0.33297849E-15
 0.16025369E-15
 0.32823018E-15
-0.16494909E-15
 0.46212612E-14
 0.96522781E-15
-0.22522494E-15
-0.96522781E-15
-0.22522494E-15
 0.69868656E-14
 0.23034597E-15
 0.84795275E-15
-0.54159962E-15
 0.77157492E-15
 0.62948100E-14
 0.49730662E-15
-0.80545783E-15
 0.45557182E-15
 0.56104136E-15
 0.80396422E-14
-0.12686655E-14
-0.65148230E-15
 0.12442625E-14
 0.64678835E-15
 0.73434811E-14
 0.15875308E-14
-0.44430452E-15
 0.29682003E-15
-0.27538697E-15
 0.62398481E-14
-0.32823018E-15
 0.16494908E-15
 0.33297849E-15
-0.16025369E-15
 0.46212612E-14
 0.86207262E-15
 0.25133710E-15
-0.51290407E-15
 0.77380307E-15
 0.63260244E-14
-0.10492149E-14
-0.22522494E-15
 0.10492149E-14
 0.22522494E-15
 0.70029894E-14
-0.96522781E-15
-0.22522494E-15
 0.96522781E-15
 0.22522494E-15
 0.69868656E-14
-0.12581337E-15
 0.37810383E-15
 0.13076900E-15
-0.37521144E-15
 0.59682153E-14
-0.32131843E-15
 0.71089699E-15
 0.23885793E-15
-0.63912122E-15
 0.60758398E-14
 0.44716324E-15
-0.26699443E-15
 0.60821570E-15
-0.15189265E-15
 0.38875169E-14
-0.11715237E-15
 0.46953197E-15
 0.10718210E-14
-0.95119391E-15
 0.79246647E-14
 0.10994706E-14
-0.93144666E-15
-0.97339769E-16
 0.45481469E-15
 0.79151190E-14
 0.39601110E-15
-0.40228892E-15
 0.41170830E-15
-0.49668707E-15
 0.39216660E-14
 0.22194036E-15
 0.44972659E-15
-0.29338150E-15
 0.63226388E-15
 0.70624211E-14
 0.51584402E-15
 0.13522256E-15
 0.60948226E-14
 0.20072254E-15
 0.47223713E-15
-0.84577584E-15
 0.51080360E-15
 0.20072254E-15
 0.59703925E-14
-0.10315503E-14
 0.23715664E-16
-0.81482478E-16
-0.34485686E-15
-0.10784348E-14
 0.62884046E-14
 0.65869991E-15
 0.46724300E-16
 0.61031480E-14
 0.33953738E-16
 0.36090786E-15
 0.49160075E-15
-0.65973574E-15
 0.33953738E-16
 0.55143753E-14
-0.11572416E-14
-0.16798411E-15
 0.16858256E-15
 0.30308122E-16
 0.65007392E-15
 0.55891019E-14
 0.14782114E-15
 0.11395847E-15
 0.28305856E-15
 0.13362004E-14
 0.52869187E-14
-0.94964675E-15
-0.23160715E-15
 0.49890646E-15
 0.14870029E-15
 0.60069766E-14
 0.13556160E-15
-0.76572585E-15
-0.24909568E-15
 0.31162069E-15
 0.50072033E-14
-0.70740925E-15
 0.10636935E-14
 0.42941421E-15
-0.10311027E-14
 0.56125788E-14
 0.10155693E-15
-0.35433953E-15
-0.80020513E-15
-0.35845329E-15
 0.64348940E-14
 0.54770314E-15
-0.26084201E-15
 0.18706664E-14
-0.32643224E-15
 0.77208624E-14
 0.65377921E-15
 0.26141719E-15
-0.10579829E-14
 0.11514982E-14
 0.76377584E-14
-0.38596780E-15
 0.61362454E-15
 0.10020890E-14
-0.30308112E-16
 0.59624304E-14
 0.36090785E-15
-0.33953735E-16
-0.65869991E-15
 0.46724290E-16
 0.61031480E-14
 0.92296710E-15
-0.69998735E-15
 0.47223713E-15
-0.10315503E-14
 0.57486417E-14
 0.54119062E-16
-0.10623698E-14
-0.23368247E-15
 0.10527511E-14
 0.63413214E-14
-0.13362004E-14
 0.51617256E-15
 0.10820794E-14
 0.38626801E-17
 0.52046804E-14
-0.71130762E-15
 0.25833979E-15
 0.18825399E-15
-0.10820794E-14
 0.43111649E-14
 0.10015929E-14
 0.30944069E-15
-0.44318610E-15
-0.59606490E-15
 0.60864629E-14
 0.29923998E-16
-0.22363199E-15
 0.41630583E-14
-0.23862361E-16
 0.64184299E-15
-0.20373291E-15
 0.25833979E-15
-0.23862361E-16
 0.43753585E-14
 0.58975010E-15
 0.10693161E-06
-0.15865214E-06
 0.10935818E-15
 0.20824412E-15
 0.85295524E-07
-0.46296723E-16
 0.96705985E-16
-0.84371918E-16
-0.89898728E-15
 0.54027065E-14
-0.12670729E-06
-0.11999411E-06
 0.27385383E-06
-0.11850643E-06
-0.11988763E-06
 0.21159669E-06
-0.12473057E-06
 0.26102572E-06
-0.24693012E-15
 0.14975273E-14
 0.25541900E-14
-0.11216261E-06
 0.11805048E-06
 0.11353509E-06
-0.10408659E-06
 0.12336264E-06
 0.10111757E-06
-0.11961932E-06
-0.12960374E-06
 0.14808607E-06
-0.48310790E-15
-0.12707970E-14
 0.29068110E-14
 0.16676222E-15
 0.36178849E-15
 0.21574295E-14
-0.32836202E-15
 0.49404887E-15
 0.17867895E-14
 0.26825590E-15
 0.32558778E-15
 0.22493005E-14
 0.11395846E-15
 0.97277818E-15
 0.20852538E-14
 0.10155692E-15
 0.12227008E-14
 0.30692581E-14
 0.96572628E-16
-0.92053649E-15
 0.31033719E-14
-0.84557430E-16
 0.85507780E-15
 0.22863737E-14
 0.10769410E-06
-0.12493276E-06
 0.11486319E-06
-0.11850643E-06
 0.10826253E-06
 0.10952427E-06
-0.12861688E-06
 0.11148231E-06
 0.13016242E-06
-0.11988763E-06
 0.10952427E-06
 0.11080084E-06
-0.12304180E-06
-0.12618723E-06
 0.14865129E-06
-0.14757630E-06
 0.10263807E-06
 0.13165095E-06
-0.12529928E-06
 0.10625093E-06
 0.11140409E-06
-0.10742611E-06
 0.12864136E-06
 0.12017101E-06
-0.17926101E-06
 0.10000226E-06
 0.14945051E-06
 0.10701586E-06
-0.14612912E-06
 0.14466417E-06
-0.11841599E-06
-0.10667790E-06
 0.10057269E-06
-0.11514982E-14
 0.49348385E-15
 0.46281244E-14
 0.61754936E-16
-0.70736262E-17
 0.18369750E-14
-0.11117676E-06
-0.12720875E-06
 0.12720875E-06
-0.26141719E-15
-0.12242457E-14
 0.32820568E-14
 0.43183029E-15
-0.22999891E-15
 0.24493996E-14
 0.64184299E-15
 0.58975010E-15
 0.20494495E-14
 0.16990115E-15
 0.80205823E-15
 0.24659020E-14
 0.43206013E-15
 0.49160075E-15
 0.26833528E-14
-0.20597600E-15
 0.43693550E-15
 0.20033040E-14
-0.40277987E-15
 0.65421123E-15
 0.34327190E-14
 0.87488216E-15
-0.24297266E-15
 0.33787447E-14
-0.49730662E-15
-0.80545783E-15
 0.36359942E-14
 0.12442625E-14
-0.98711856E-15
 0.27548628E-14
-0.97339769E-16
 0.45481469E-15
 0.37592262E-14
-0.15768766E-14
-0.95119392E-15
 0.43158110E-14
 0.10500100E-14
 0.34485686E-15
 0.36113452E-14
 0.62508259E-15
 0.44430452E-15
 0.36748742E-14
-0.51584402E-15
 0.13522256E-15
 0.30454695E-14
 0.36090786E-15
-0.11572416E-14
 0.26997993E-14
-0.68212907E-15
 0.77380308E-15
 0.32480862E-14
-0.10718210E-14
 0.15768766E-14
 0.30830292E-14
 0.77157492E-15
 0.65989694E-15
 0.32619159E-14
-0.16785513E-15
-0.60707387E-16
 0.22304354E-14
