         1
         2
         3
       269
       863
         1
         2
         4
       269
       270
         1
         3
         4
       863
       908
         2
         3
         4
       270
       908
         5
         6
         9
        71
        72
         5
         6
         7
        71
       125
         6
         7
         8
       125
       865
         7
         8
         9
       865
       912
         5
         8
         9
        72
       912
        10
        11
        14
        67
       893
        10
        11
        12
       887
       893
        11
        12
        13
       122
       887
        12
        13
        14
        66
       122
        10
        13
        14
        66
        67
        15
        16
        19
        76
       881
        15
        16
        17
       881
       890
        16
        17
        18
       129
       890
        17
        18
        19
        77
       129
        15
        18
        19
        76
        77
        20
        21
        23
       398
       862
        20
        21
        22
       350
       398
        21
        22
        24
        80
       350
        20
        23
        24
        81
       862
        22
        23
        24
        80
        81
        25
        26
        27
        84
       897
        25
        26
        28
       270
       897
        25
        27
        29
        84
        85
        26
        28
        29
       219
       270
        27
        28
        29
        85
       219
        30
        31
        32
       398
       859
        30
        31
        33
       127
       859
        30
        32
        34
       398
       399
        31
        33
        34
       126
       127
        32
        33
        34
       126
       399
        35
        36
        39
       269
       271
        35
        36
        38
       269
       864
        37
        38
        40
       278
       856
        36
        37
        38
       856
       864
        35
        39
        40
       271
       277
        37
        39
        40
       277
       278
        41
        42
        45
       136
       137
        41
        42
        43
       136
       857
        42
        43
        44
       854
       857
        43
        44
        46
       347
       854
        41
        45
        46
       137
       301
        44
        45
        46
       301
       347
        47
        48
        49
       122
       123
        47
        48
        53
       122
       888
        47
        49
        50
        87
       123
        49
        50
        52
        87
        88
        51
        52
        53
       885
       886
        50
        51
        52
        88
       885
        48
        51
        53
       886
       888
        54
        55
        58
       142
       226
        54
        55
        56
       226
       917
        55
        56
        57
       290
       917
        56
        57
        58
       141
       290
        54
        57
        58
       141
       142
        59
        60
        61
       272
       274
        59
        60
        62
       145
       272
        59
        61
       274
        60
        62
       145
        63
        64
        65
       315
       316
        63
        64
       315
        63
        65
       316
        13
        14
        66
        69
       124
        10
        14
        67
        68
       914
        67
        68
        70
       914
       915
        66
        69
        70
       124
       226
        68
        69
        70
       226
       915
         5
         6
        71
        75
       128
         5
         9
        72
        73
       913
        72
        73
        74
       374
       913
        73
        74
        75
       297
       374
        71
        74
        75
       128
       297
        15
        19
        76
        79
       275
        18
        19
        77
        78
       130
        77
        78
        79
       130
       222
        76
        78
        79
       222
       275
        22
        24
        80
        82
       351
        23
        24
        81
        83
       861
        80
        82
        83
       351
       417
        81
        82
        83
       417
       861
        25
        27
        84
        27
        29
        85
        86
       133
        85
        86
       133
        49
        50
        87
        89
       336
        50
        52
        88
        90
       889
        87
        89
        90
       336
       337
        88
        89
        90
       337
       889
        91
        92
        94
       377
       378
        91
        92
        93
       377
       383
        92
        93
        94
       383
       384
        91
        93
        94
       378
       384
        95
        96
        99
       233
       283
        95
        96
        97
       283
       347
        96
        97
        98
       279
       347
        97
        98
        99
       234
       279
        95
        98
        99
       233
       234
       100
       101
       103
       298
       299
       100
       101
       102
       298
       370
       101
       102
       103
       370
       371
       100
       102
       103
       299
       371
       104
       105
       106
       326
       344
       104
       105
       107
       326
       327
       104
       106
       107
       344
       363
       105
       106
       107
       327
       363
       108
       109
       111
       328
       373
       108
       109
       112
       291
       328
       110
       111
       113
       374
       916
       108
       110
       111
       373
       374
       109
       112
       113
       291
       292
       110
       112
       113
       292
       916
       114
       115
       237
       114
       115
       117
       237
       238
       116
       117
       293
       115
       116
       117
       238
       293
       118
       119
       331
       118
       119
       121
       242
       331
       120
       121
       241
       119
       120
       121
       241
       242
        12
        13
        47
        48
       122
        47
        49
       123
       124
       227
        66
        69
       123
       124
       227
         6
         7
       125
       127
       860
        33
        34
       126
       128
       300
        31
        33
       125
       127
       860
        71
        75
       126
       128
       300
        17
        18
       129
       131
       394
        77
        78
       130
       132
       223
       129
       131
       132
       286
       394
       130
       131
       132
       223
       286
        85
        86
       133
       134
       220
       133
       134
       135
       220
       281
       134
       135
       281
        41
        42
       136
       140
       858
        41
        45
       137
       138
       302
       137
       138
       139
       302
       414
       138
       139
       140
       414
       417
       136
       139
       140
       417
       858
        57
        58
       141
       144
       291
        54
        58
       142
       143
       228
       142
       143
       144
       228
       329
       141
       143
       144
       291
       329
        60
        62
       145
       147
       230
       146
       147
       229
       145
       146
       147
       229
       230
       148
       149
       152
       316
       385
       148
       149
       150
       384
       385
       149
       150
       151
       333
       384
       150
       151
       152
       317
       333
       148
       151
       152
       316
       317
       153
       154
       157
       387
       407
       153
       154
       155
       311
       387
       154
       155
       156
       310
       311
       155
       156
       157
       310
       405
       153
       156
       157
       405
       407
       158
       159
       162
       369
       415
       158
       159
       160
       403
       415
       159
       160
       161
       353
       403
       160
       161
       162
       353
       354
       158
       161
       162
       354
       369
       163
       164
       167
       332
       366
       163
       164
       166
       349
       366
       165
       166
       167
       284
       285
       164
       165
       166
       284
       349
       163
       165
       167
       285
       332
       168
       169
       171
       306
       350
       168
       169
       170
       350
       399
       169
       170
       172
       396
       399
       168
       171
       172
       306
       307
       170
       171
       172
       307
       396
       173
       174
       175
       383
       386
       173
       174
       176
       386
       402
       173
       175
       177
       375
       383
       174
       176
       177
       376
       402
       175
       176
       177
       375
       376
       178
       179
       181
       414
       415
       178
       179
       182
       415
       416
       180
       181
       182
       351
       352
       178
       180
       181
       351
       414
       179
       180
       182
       352
       416
       183
       184
       186
       363
       365
       183
       184
       187
       315
       365
       185
       186
       187
       317
       334
       183
       185
       186
       334
       363
       184
       185
       187
       315
       317
       188
       189
       192
       390
       391
       188
       189
       190
       390
       409
       189
       190
       191
       408
       409
       190
       191
       192
       407
       408
       188
       191
       192
       391
       407
       193
       194
       196
       319
       411
       193
       194
       197
       395
       411
       195
       196
       197
       318
       392
       193
       195
       196
       318
       319
       194
       195
       197
       392
       395
       198
       199
       201
       341
       342
       198
       199
       202
       341
       357
       200
       201
       202
       358
       372
       198
       200
       201
       342
       372
       199
       200
       202
       357
       358
       203
       204
       205
       323
       360
       203
       204
       208
       323
       324
       203
       205
       206
       360
       361
       205
       206
       207
       361
       412
       206
       207
       208
       338
       412
       204
       207
       208
       324
       338
       209
       210
       212
       345
       400
       209
       210
       211
       344
       345
       210
       211
       213
       344
       364
       209
       212
       213
       376
       400
       211
       212
       213
       364
       376
       214
       215
       217
       339
       340
       214
       215
       216
       325
       339
       215
       216
       218
       323
       325
       214
       217
       218
       340
       341
       216
       217
       218
       323
       341
        28
        29
       219
       221
       271
       133
       134
       220
       221
       280
       219
       220
       221
       271
       280
        78
        79
       222
       224
       272
       130
       132
       223
       225
       287
       222
       224
       225
       272
       273
       223
       224
       225
       273
       287
        54
        55
        69
        70
       226
       123
       124
       227
       228
       339
       142
       143
       227
       228
       339
       146
       147
       229
       231
       365
       145
       147
       230
       232
       273
       229
       231
       232
       327
       365
       230
       231
       232
       273
       327
        95
        99
       233
       236
       282
        98
        99
       234
       235
       277
       234
       235
       236
       277
       280
       233
       235
       236
       280
       282
       114
       115
       237
       239
       385
       115
       117
       238
       240
       294
       237
       239
       240
       378
       385
       238
       239
       240
       294
       378
       120
       121
       241
       244
       281
       119
       121
       242
       243
       285
       242
       243
       244
       282
       285
       241
       243
       244
       281
       282
       245
       246
       248
       355
       377
       245
       246
       249
       368
       377
       247
       248
       250
       354
       367
       245
       247
       248
       354
       355
       246
       249
       250
       366
       368
       247
       249
       250
       366
       367
       251
       252
       254
       357
       359
       251
       252
       255
       357
       360
       253
       254
       256
       390
       410
       251
       253
       254
       359
       390
       252
       255
       256
       360
       362
       253
       255
       256
       362
       410
       257
       258
       261
       400
       402
       257
       258
       259
       400
       401
       258
       259
       260
       401
       408
       259
       260
       262
       387
       408
       257
       261
       262
       388
       402
       260
       261
       262
       387
       388
       263
       264
       267
       379
       380
       263
       264
       266
       379
       382
       265
       266
       268
       391
       405
       264
       265
       266
       382
       391
       263
       267
       268
       380
       397
       265
       267
       268
       397
       405
         1
         2
        35
        36
       269
         2
         4
        26
        28
       270
        35
        39
       219
       221
       271
        59
        60
       222
       224
       272
       224
       225
       230
       232
       273
        59
        61
       274
       276
       866
        76
        79
       275
       276
       882
       274
       275
       276
       866
       882
        39
        40
       234
       235
       277
        37
        40
       278
       279
       855
        97
        98
       278
       279
       855
       220
       221
       235
       236
       280
       134
       135
       241
       244
       281
       233
       236
       243
       244
       282
        95
        96
       283
       284
       348
       165
       166
       283
       284
       348
       165
       167
       242
       243
       285
       131
       132
       286
       289
       392
       223
       225
       287
       288
       326
       287
       288
       289
       326
       346
       286
       288
       289
       346
       392
        56
        57
       290
       292
       918
       109
       112
       141
       144
       291
       112
       113
       290
       292
       918
       116
       117
       293
       295
       331
       238
       240
       294
       296
       368
       293
       295
       296
       331
       332
       294
       295
       296
       332
       368
        74
        75
       297
       298
       373
       100
       101
       297
       298
       373
       100
       103
       299
       300
       381
       126
       128
       299
       300
       381
        45
        46
       301
       305
       348
       137
       138
       302
       303
       369
       302
       303
       304
       367
       369
       303
       304
       305
       349
       367
       301
       304
       305
       348
       349
       168
       171
       306
       308
       352
       171
       172
       307
       309
       397
       306
       308
       309
       352
       406
       307
       308
       309
       397
       406
       155
       156
       310
       313
       406
       154
       155
       311
       312
       389
       311
       312
       314
       389
       403
       310
       313
       314
       406
       416
       312
       313
       314
       403
       416
        63
        64
       184
       187
       315
        63
        65
       148
       152
       316
       151
       152
       185
       187
       317
       195
       196
       318
       320
       393
       193
       196
       319
       321
       410
       318
       320
       322
       393
       401
       319
       321
       322
       409
       410
       320
       321
       322
       401
       409
       203
       204
       216
       218
       323
       204
       208
       324
       325
       336
       215
       216
       324
       325
       336
       104
       105
       287
       288
       326
       105
       107
       231
       232
       327
       108
       109
       328
       330
       343
       143
       144
       329
       330
       340
       328
       329
       330
       340
       343
       118
       119
       293
       295
       331
       163
       167
       295
       296
       332
       150
       151
       333
       335
       375
       185
       186
       334
       335
       364
       333
       334
       335
       364
       375
        87
        89
       324
       325
       336
        89
        90
       337
       338
       883
       207
       208
       337
       338
       883
       214
       215
       227
       228
       339
       214
       217
       329
       330
       340
       198
       199
       217
       218
       341
       198
       201
       342
       343
       370
       328
       330
       342
       343
       370
       104
       106
       210
       211
       344
       209
       210
       345
       346
       393
       288
       289
       345
       346
       393
        44
        46
        96
        97
       347
       283
       284
       301
       305
       348
       164
       166
       304
       305
       349
        21
        22
       168
       169
       350
        80
        82
       180
       181
       351
       180
       182
       306
       308
       352
       160
       161
       353
       356
       404
       161
       162
       247
       248
       354
       245
       248
       355
       356
       386
       353
       355
       356
       386
       404
       199
       202
       251
       252
       357
       200
       202
       358
       359
       382
       251
       254
       358
       359
       382
       203
       205
       252
       255
       360
       205
       206
       361
       362
       411
       255
       256
       361
       362
       411
       106
       107
       183
       186
       363
       211
       213
       334
       335
       364
       183
       184
       229
       231
       365
       163
       164
       249
       250
       366
       247
       250
       303
       304
       367
       246
       249
       294
       296
       368
       158
       162
       302
       303
       369
       101
       102
       342
       343
       370
       102
       103
       371
       372
       379
       200
       201
       371
       372
       379
       108
       111
       297
       298
       373
        73
        74
       110
       111
       374
       175
       177
       333
       335
       375
       176
       177
       212
       213
       376
        91
        92
       245
       246
       377
        91
        94
       239
       240
       378
       263
       264
       371
       372
       379
       263
       267
       380
       381
       396
       299
       300
       380
       381
       396
       264
       266
       358
       359
       382
        92
        93
       173
       175
       383
        93
        94
       149
       150
       384
       148
       149
       237
       239
       385
       173
       174
       355
       356
       386
       153
       154
       260
       262
       387
       261
       262
       388
       389
       404
       311
       312
       388
       389
       404
       188
       189
       253
       254
       390
       188
       192
       265
       266
       391
       195
       197
       286
       289
       392
       318
       320
       345
       346
       393
       129
       131
       394
       395
       413
       194
       197
       394
       395
       413
       170
       172
       380
       381
       396
       267
       268
       307
       309
       397
        20
        21
        30
        32
       398
        32
        34
       169
       170
       399
       209
       212
       257
       258
       400
       258
       259
       320
       322
       401
       174
       176
       257
       261
       402
       159
       160
       312
       314
       403
       353
       356
       388
       389
       404
       156
       157
       265
       268
       405
       308
       309
       310
       313
       406
       153
       157
       191
       192
       407
       190
       191
       259
       260
       408
       189
       190
       321
       322
       409
       253
       256
       319
       321
       410
       193
       194
       361
       362
       411
       206
       207
       412
       413
       884
       394
       395
       412
       413
       884
       138
       139
       178
       181
       414
       158
       159
       178
       179
       415
       179
       182
       313
       314
       416
        82
        83
       139
       140
       417
       418
       419
       421
       791
       898
       418
       419
       420
       539
       791
       419
       420
       421
       539
       540
       418
       420
       421
       540
       898
       422
       423
       425
       479
       525
       422
       423
       424
       525
       863
       423
       424
       426
       863
       901
       422
       425
       426
       479
       480
       424
       425
       426
       480
       901
       427
       428
       429
       484
       814
       427
       428
       431
       484
       485
       427
       429
       430
       814
       861
       429
       430
       431
       858
       861
       428
       430
       431
       485
       858
       432
       433
       436
       544
       545
       432
       433
       437
       544
       878
       434
       435
       436
       770
       873
       434
       435
       437
       873
       874
       432
       434
       436
       545
       770
       433
       435
       437
       874
       878
       438
       439
       440
       847
       879
       438
       439
       441
       660
       879
       438
       440
       441
       659
       847
       439
       440
       441
       659
       660
       442
       443
       444
       489
       875
       442
       443
       445
       489
       490
       442
       444
       446
       870
       875
       443
       445
       447
       490
       534
       444
       446
       447
       870
       871
       445
       446
       447
       534
       871
       448
       449
       452
       663
       704
       448
       449
       450
       704
       859
       449
       450
       451
       549
       859
       450
       451
       452
       549
       550
       448
       451
       452
       550
       663
       453
       454
       456
       554
       739
       453
       454
       457
       554
       555
       455
       456
       457
       741
       856
       453
       455
       456
       739
       741
       454
       455
       457
       555
       856
       458
       459
       461
       561
       841
       458
       459
       460
       732
       841
       459
       460
       461
       560
       732
       458
       460
       461
       560
       561
       462
       463
       464
       847
       880
       462
       463
       466
       758
       847
       462
       464
       465
       655
       880
       464
       465
       466
       655
       656
       463
       465
       466
       656
       758
       467
       468
       471
       745
       900
       467
       468
       470
       900
       906
       469
       470
       472
       691
       692
       468
       469
       470
       691
       906
       467
       471
       472
       744
       745
       469
       471
       472
       692
       744
       473
       474
       478
       565
       899
       473
       474
       475
       895
       899
       474
       475
       476
       715
       895
       475
       476
       477
       715
       716
       476
       477
       478
       564
       716
       473
       477
       478
       564
       565
       422
       425
       479
       481
       526
       425
       426
       480
       483
       902
       479
       481
       482
       526
       648
       481
       482
       483
       648
       903
       480
       482
       483
       902
       903
       427
       428
       484
       486
       530
       428
       431
       485
       488
       857
       484
       486
       487
       530
       531
       486
       487
       488
       531
       746
       485
       487
       488
       746
       857
       442
       443
       489
       492
       820
       443
       445
       490
       491
       535
       490
       491
       492
       535
       695
       489
       491
       492
       695
       820
       493
       494
       496
       711
       736
       493
       494
       495
       711
       712
       494
       495
       497
       712
       919
       493
       496
       498
       736
       835
       495
       497
       498
       838
       919
       496
       497
       498
       835
       838
       499
       500
       503
       838
       920
       499
       500
       501
       865
       920
       500
       501
       502
       705
       865
       501
       502
       505
       705
       706
       499
       503
       504
       764
       838
       503
       504
       505
       729
       764
       502
       504
       505
       706
       729
       506
       507
       510
       649
       650
       506
       507
       508
       649
       905
       507
       508
       509
       693
       905
       508
       509
       511
       693
       694
       506
       510
       511
       650
       726
       509
       510
       511
       694
       726
       512
       513
       515
       894
       911
       512
       513
       514
       717
       894
       513
       514
       518
       717
       718
       512
       515
       516
       842
       911
       515
       516
       517
       842
       843
       516
       517
       518
       801
       843
       514
       517
       518
       718
       801
       519
       520
       523
       713
       867
       519
       520
       521
       770
       867
       520
       521
       522
       770
       771
       521
       522
       524
       675
       771
       519
       523
       524
       676
       713
       522
       523
       524
       675
       676
       422
       423
       525
       527
       864
       479
       481
       526
       529
       650
       525
       527
       528
       741
       864
       527
       528
       529
       728
       741
       526
       528
       529
       650
       728
       484
       486
       530
       532
       651
       486
       487
       531
       533
       747
       530
       532
       533
       651
       652
       531
       532
       533
       652
       747
       445
       447
       534
       537
       876
       490
       491
       535
       536
       696
       535
       536
       538
       657
       696
       534
       537
       538
       658
       876
       536
       537
       538
       657
       658
       419
       420
       539
       541
       749
       420
       421
       540
       542
       745
       539
       541
       543
       724
       749
       540
       542
       543
       723
       745
       541
       542
       543
       723
       724
       432
       433
       544
       546
       660
       432
       436
       545
       547
       700
       544
       546
       548
       660
       661
       545
       547
       548
       700
       701
       546
       547
       548
       661
       701
       450
       451
       549
       553
       862
       451
       452
       550
       551
       664
       550
       551
       552
       664
       815
       551
       552
       553
       814
       815
       549
       552
       553
       814
       862
       453
       454
       554
       558
       667
       454
       457
       555
       557
       855
       556
       557
       559
       746
       854
       555
       556
       557
       854
       855
       554
       558
       559
       667
       668
       556
       558
       559
       668
       746
       460
       461
       560
       562
       707
       458
       461
       561
       563
       671
       560
       562
       563
       672
       707
       561
       562
       563
       671
       672
       477
       478
       564
       566
       774
       473
       478
       565
       567
       791
       564
       566
       567
       774
       790
       565
       566
       567
       790
       791
       568
       569
       571
       781
       852
       568
       569
       572
       781
       782
       570
       571
       572
       833
       834
       568
       570
       571
       833
       852
       569
       570
       572
       782
       834
       573
       574
       577
       752
       753
       573
       574
       575
       752
       785
       574
       575
       576
       719
       785
       575
       576
       577
       719
       720
       573
       576
       577
       720
       753
       578
       579
       580
       827
       828
       578
       579
       581
       827
       849
       578
       580
       582
       828
       833
       579
       581
       582
       849
       853
       580
       581
       582
       833
       853
       583
       584
       587
       798
       802
       583
       584
       585
       802
       850
       584
       585
       586
       827
       850
       585
       586
       587
       799
       827
       583
       586
       587
       798
       799
       588
       589
       590
       777
       809
       588
       589
       592
       777
       778
       588
       590
       591
       806
       809
       590
       591
       592
       806
       807
       589
       591
       592
       778
       807
       593
       594
       597
       774
       775
       593
       594
       595
       775
       800
       594
       595
       596
       788
       800
       595
       596
       597
       788
       789
       593
       596
       597
       774
       789
       598
       599
       601
       760
       795
       598
       599
       602
       795
       852
       600
       601
       602
       759
       853
       598
       600
       601
       759
       760
       599
       600
       602
       852
       853
       603
       604
       606
       803
       804
       603
       604
       605
       803
       812
       604
       605
       607
       812
       828
       603
       606
       607
       804
       834
       605
       606
       607
       828
       834
       608
       609
       611
       725
       742
       608
       609
       610
       742
       743
       609
       610
       612
       743
       744
       608
       611
       612
       723
       725
       610
       611
       612
       723
       744
       613
       614
       617
       831
       849
       613
       614
       615
       780
       849
       614
       615
       616
       779
       780
       615
       616
       617
       779
       819
       613
       616
       617
       819
       831
       618
       619
       621
       781
       783
       618
       619
       622
       781
       846
       620
       621
       622
       823
       825
       618
       620
       621
       783
       823
       619
       620
       622
       825
       846
       623
       624
       625
       765
       804
       623
       624
       626
       765
       766
       623
       625
       627
       804
       837
       624
       626
       627
       766
       836
       625
       626
       627
       836
       837
       628
       629
       632
       755
       792
       628
       629
       630
       697
       792
       629
       630
       631
       696
       697
       630
       631
       632
       696
       698
       628
       631
       632
       698
       755
       633
       634
       635
       796
       832
       633
       634
       636
       832
       840
       633
       635
       637
       796
       797
       634
       636
       637
       839
       840
       635
       636
       637
       797
       839
       638
       639
       640
       819
       829
       638
       639
       642
       817
       819
       638
       640
       641
       793
       829
       640
       641
       642
       793
       794
       639
       641
       642
       794
       817
       643
       644
       645
       810
       818
       643
       644
       646
       809
       810
       643
       645
       647
       768
       818
       644
       646
       647
       767
       809
       645
       646
       647
       767
       768
       481
       482
       648
       649
       904
       506
       507
       648
       649
       904
       506
       510
       526
       529
       650
       530
       532
       651
       653
       754
       532
       533
       652
       654
       748
       651
       653
       654
       750
       754
       652
       653
       654
       748
       750
       464
       465
       655
       658
       877
       465
       466
       656
       657
       699
       536
       538
       656
       657
       699
       537
       538
       655
       658
       877
       440
       441
       659
       662
       848
       439
       441
       544
       546
       660
       546
       548
       661
       662
       840
       659
       661
       662
       840
       848
       448
       452
       663
       665
       706
       550
       551
       664
       666
       816
       663
       665
       666
       706
       730
       664
       665
       666
       730
       816
       554
       558
       667
       670
       740
       558
       559
       668
       669
       747
       668
       669
       670
       742
       747
       667
       669
       670
       740
       742
       561
       563
       671
       674
       843
       562
       563
       672
       673
       708
       672
       673
       674
       708
       808
       671
       673
       674
       808
       843
       522
       524
       675
       677
       772
       523
       524
       676
       678
       711
       675
       677
       678
       737
       772
       676
       677
       678
       711
       737
       679
       680
       684
       727
       743
       679
       680
       683
       740
       743
       681
       682
       683
       728
       739
       681
       682
       684
       726
       728
       680
       681
       683
       739
       740
       679
       682
       684
       726
       727
       685
       686
       689
       832
       848
       685
       686
       690
       758
       848
       687
       688
       689
       756
       830
       687
       688
       690
       756
       757
       685
       687
       689
       830
       832
       686
       688
       690
       757
       758
       469
       470
       691
       693
       907
       469
       472
       692
       694
       727
       508
       509
       691
       693
       907
       509
       511
       692
       694
       727
       491
       492
       695
       697
       821
       535
       536
       630
       631
       696
       629
       630
       695
       697
       821
       631
       632
       698
       699
       757
       656
       657
       698
       699
       757
       545
       547
       700
       702
       771
       547
       548
       701
       703
       826
       700
       702
       703
       771
       773
       701
       702
       703
       773
       826
       448
       449
       704
       705
       860
       501
       502
       704
       705
       860
       502
       505
       663
       665
       706
       560
       562
       707
       709
       733
       672
       673
       708
       710
       806
       707
       709
       710
       733
       767
       708
       709
       710
       767
       806
       493
       494
       676
       678
       711
       494
       495
       712
       714
       896
       519
       523
       713
       714
       868
       712
       713
       714
       868
       896
       475
       476
       715
       717
       891
       476
       477
       716
       718
       776
       513
       514
       715
       717
       891
       514
       518
       716
       718
       776
       575
       576
       719
       722
       788
       576
       577
       720
       721
       816
       720
       721
       722
       813
       816
       719
       721
       722
       788
       813
       542
       543
       611
       612
       723
       541
       543
       724
       725
       748
       608
       611
       724
       725
       748
       510
       511
       682
       684
       726
       679
       684
       692
       694
       727
       528
       529
       681
       682
       728
       504
       505
       729
       731
       765
       665
       666
       730
       731
       805
       729
       730
       731
       765
       805
       459
       460
       732
       735
       869
       707
       709
       733
       734
       769
       733
       734
       735
       769
       822
       732
       734
       735
       822
       869
       493
       496
       736
       738
       836
       677
       678
       737
       738
       824
       736
       737
       738
       824
       836
       453
       456
       681
       683
       739
       667
       670
       680
       683
       740
       455
       456
       527
       528
       741
       608
       609
       669
       670
       742
       609
       610
       679
       680
       743
       471
       472
       610
       612
       744
       467
       471
       540
       542
       745
       487
       488
       556
       559
       746
       531
       533
       668
       669
       747
       652
       654
       724
       725
       748
       539
       541
       749
       751
       786
       653
       654
       750
       751
       752
       749
       750
       751
       752
       786
       573
       574
       750
       751
       752
       573
       577
       753
       754
       815
       651
       653
       753
       754
       815
       628
       632
       755
       756
       793
       687
       688
       755
       756
       793
       688
       690
       698
       699
       757
       463
       466
       686
       690
       758
       600
       601
       759
       761
       831
       598
       601
       760
       763
       796
       759
       761
       762
       829
       831
       761
       762
       763
       829
       830
       760
       762
       763
       796
       830
       503
       504
       764
       766
       835
       623
       624
       729
       731
       765
       624
       626
       764
       766
       835
       646
       647
       709
       710
       767
       645
       647
       768
       769
       821
       733
       734
       768
       769
       821
       434
       436
       520
       521
       770
       521
       522
       700
       702
       771
       675
       677
       772
       773
       823
       702
       703
       772
       773
       823
       564
       566
       593
       597
       774
       593
       594
       775
       776
       798
       716
       718
       775
       776
       798
       588
       589
       777
       779
       811
       589
       592
       778
       780
       850
       615
       616
       777
       779
       811
       614
       615
       778
       780
       850
       568
       569
       618
       619
       781
       569
       572
       782
       784
       837
       618
       621
       783
       784
       824
       782
       783
       784
       824
       837
       574
       575
       785
       787
       789
       749
       751
       786
       787
       790
       785
       786
       787
       789
       790
       595
       596
       719
       722
       788
       596
       597
       785
       787
       789
       566
       567
       786
       787
       790
       418
       419
       565
       567
       791
       628
       629
       792
       794
       818
       640
       641
       755
       756
       793
       641
       642
       792
       794
       818
       598
       599
       795
       797
       846
       633
       635
       760
       763
       796
       635
       637
       795
       797
       846
       583
       587
       775
       776
       798
       586
       587
       799
       800
       812
       594
       595
       799
       800
       812
       517
       518
       801
       802
       851
       583
       584
       801
       802
       851
       603
       604
       803
       805
       813
       603
       606
       623
       625
       804
       730
       731
       803
       805
       813
       590
       591
       708
       710
       806
       591
       592
       807
       808
       851
       673
       674
       807
       808
       851
       588
       590
       644
       646
       809
       643
       644
       810
       811
       817
       777
       779
       810
       811
       817
       604
       605
       799
       800
       812
       721
       722
       803
       805
       813
       427
       429
       552
       553
       814
       551
       552
       753
       754
       815
       664
       666
       720
       721
       816
       639
       642
       810
       811
       817
       643
       645
       792
       794
       818
       616
       617
       638
       639
       819
       489
       492
       820
       822
       872
       695
       697
       768
       769
       821
       734
       735
       820
       822
       872
       620
       621
       772
       773
       823
       737
       738
       783
       784
       824
       620
       622
       825
       826
       839
       701
       703
       825
       826
       839
       578
       579
       585
       586
       827
       578
       580
       605
       607
       828
       638
       640
       761
       762
       829
       687
       689
       762
       763
       830
       613
       617
       759
       761
       831
       633
       634
       685
       689
       832
       570
       571
       580
       582
       833
       570
       572
       606
       607
       834
       496
       498
       764
       766
       835
       626
       627
       736
       738
       836
       625
       627
       782
       784
       837
       497
       498
       499
       503
       838
       636
       637
       825
       826
       839
       634
       636
       661
       662
       840
       458
       459
       841
       844
       892
       515
       516
       842
       845
       910
       516
       517
       671
       674
       843
       841
       844
       845
       892
       909
       842
       844
       845
       909
       910
       619
       622
       795
       797
       846
       438
       440
       462
       463
       847
       659
       662
       685
       686
       848
       579
       581
       613
       614
       849
       584
       585
       778
       780
       850
       801
       802
       807
       808
       851
       568
       571
       599
       602
       852
       581
       582
       600
       602
       853
        43
        44
       556
       557
       854
       278
       279
       555
       557
       855
        37
        38
       455
       457
       856
        42
        43
       485
       488
       857
       136
       140
       430
       431
       858
        30
        31
       449
       450
       859
       125
       127
       704
       705
       860
        81
        83
       429
       430
       861
        20
        23
       549
       553
       862
         1
         3
       423
       424
       863
        36
        38
       525
       527
       864
         7
         8
       500
       501
       865
       274
       276
       866
       519
       520
       867
       713
       714
       868
       732
       735
       869
       444
       446
       870
       446
       447
       871
       820
       822
       872
       434
       435
       873
       435
       437
       874
       442
       444
       875
       534
       537
       876
       655
       658
       877
       433
       437
       878
       438
       439
       879
       462
       464
       880
        15
        16
       881
       275
       276
       882
       337
       338
       883
       412
       413
       884
        51
        52
       885
        51
        53
       886
        11
        12
       887
        48
        53
       888
        88
        90
       889
        16
        17
       890
       715
       717
       891
       841
       844
       892
        10
        11
       893
       512
       513
       894
       474
       475
       895
       712
       714
       896
        25
        26
       897
       418
       421
       898
       473
       474
       899
       467
       468
       900
       424
       426
       901
       480
       483
       902
       482
       483
       903
       648
       649
       904
       507
       508
       905
       468
       470
       906
       691
       693
       907
         3
         4
       908
       844
       845
       909
       842
       845
       910
       512
       515
       911
         8
         9
       912
        72
        73
       913
        67
        68
       914
        68
        70
       915
       110
       113
       916
        55
        56
       917
       290
       292
       918
       495
       497
       919
       499
       500
       920
