       272         1
         1        59
       315         1
         1       316
         2        15
         2        28
       274         2
       330         2
       321         2
       322         3
       295         3
       293         3
         3        27
         3        14
         4       290
       299         4
       296         4
         4        29
         4        16
       270         5
         5       116
         5        89
       269         5
         5        17
       304         6
       316         6
         6        18
        59         6
         6        48
       270         7
       267         7
         7       116
        28         7
         7       117
        59         8
       272         8
       265         8
       273         8
         8        63
         8        62
         9        31
       266         9
       271         9
       264         9
         9        71
         9        87
        27        10
       293        10
        10        84
        10        19
       292        10
        10       300
       298        10
        11        50
       325        11
       327        11
        11        68
        11        32
        61        12
        60        12
       275        12
        12        33
        74        13
        95        13
       108        13
        14        27
       322        14
       323        14
        14        50
        14       325
        15        28
       321        15
       324        15
        15       102
        15        70
       290        16
        29        16
        16        49
        16        61
        17        89
       269        17
        17       131
        17       268
       304        18
        18        48
        18        30
        84        19
       300        19
        19        82
        19       294
       104        20
       109        20
        20       107
        20       110
        21        66
        21        87
       264        21
        62        21
        21        52
        70        22
       101        22
        22       100
        22       105
        86        23
        77        23
        23        94
        23        96
        24       101
        24        78
       324        24
        24       102
        68        24
       326        24
        25       108
        53        25
        79        25
        69        25
        26        79
        80        26
        65        26
        54        26
       293        27
        27        84
        27        50
       274        28
        28       117
       267        28
        28        70
       296        29
        29        49
       114        29
        29        67
        48        30
        30        64
        30        65
       266        31
        31        71
        31       129
       131        31
       268        31
        68        32
        50        32
        32        83
        32        78
        60        33
        33        95
        51        33
        34       108
       110        34
       107        34
        81        34
        34        74
        35       124
        35       111
        35        73
       122        35
       123        35
       129        36
       130        36
        36       120
        36        90
        36        99
        37        98
        97        37
        66        37
        88        37
        37        80
        38        89
       116        38
       117        38
        38        72
        38       115
       109        39
       121        39
        39       107
       119        39
        39       103
        40       129
        40       130
        89        40
       131        40
        40       132
        96        41
        41        95
        81        41
        94        41
        41        74
       112        42
        42       125
        42       128
        42       124
       123        42
       126        43
       127        43
        43       113
        43        75
        43       114
        85        44
        44        93
        44       106
       100        44
        44        91
        93        45
        76        45
        45        92
        45       127
        45       291
        82        45
       118        46
        86        46
        46        94
       119        46
        46       103
        83        47
        84        47
        47        76
        85        47
        47        93
        59        48
        48        64
        63        48
        49        61
        67        49
        49        60
        49        77
       325        50
        50        84
        50        83
        51        95
        60        51
        96        51
        77        51
        52        66
        62        52
        63        52
        52        64
        53       108
        69        53
       110        53
       104        53
        54        65
        54        80
        66        54
        64        54
        55       109
        55       104
        99        55
        90        55
        55        98
        97        55
        91        56
        93        56
        56       125
       112        56
        92        56
        56       126
        57       119
        57       118
       128        57
       124        57
        57       121
       111        57
       105        58
       106        58
        58       123
        58       112
       115        58
        58       122
       272        59
       316        59
        59        63
        61        60
        77        60
        61       275
       290        61
       297        61
        62        63
       265        62
       264        62
        63        64
        64        65
        64        66
        87        66
        88        66
        66        80
       114        67
        67        77
        67        86
       113        67
       327        68
        68        78
       326        68
        69        79
       104        69
        80        69
        98        69
       102        70
       101        70
        70       105
        70       117
        87        71
       129        71
        71        99
        71        97
        71        88
        89        72
       115        72
        72       132
        72       122
       122        73
        73       111
        73       120
       132        73
       130        73
        74        95
        74       108
        81        74
        75       113
       126        75
        75       118
       125        75
       128        75
        76        93
        82        76
        84        76
        86        77
        77        96
        78       101
        78        83
        78        85
        80        79
        98        80
       107        81
        94        81
       103        81
        84        82
       294        82
        82       291
        83        84
        83        85
        85        93
        85       100
       101        85
        86        94
       118        86
       113        86
       264        87
        87        88
        88        97
       116        89
        89       131
        89       132
       120        90
        99        90
        90       109
        90       121
        93        91
       106        91
        91       112
        93        92
        92       127
        92       126
        94        96
       103        94
        96        95
        97        98
        99        97
        98       104
       129        99
       101       100
       100       105
       100       106
       102       101
       324       102
       103       107
       119       103
       109       104
       104       110
       105       106
       105       115
       117       105
       106       112
       109       107
       107       110
       110       108
       121       109
       124       111
       111       121
       111       120
       112       125
       112       123
       114       113
       113       118
       296       114
       127       114
       117       115
       115       122
       270       116
       116       117
       118       119
       128       118
       121       119
       130       120
       120       121
       122       123
       122       132
       123       124
       124       128
       125       128
       126       125
       127       126
       291       127
       127       296
       131       129
       129       130
       132       130
       268       131
       305       133
       133       225
       133       156
       306       133
       134       153
       134       272
       134       315
       145       134
       307       134
       235       135
       146       135
       269       135
       135       268
       135       266
       157       136
       285       136
       136       280
       136       281
       136       217
       284       136
       286       137
       137       285
       256       137
       137       181
       288       138
       138       147
       282       138
       138       155
       278       138
       138       289
       192       139
       139       267
       139       270
       139       158
       182       139
       203       140
       140       159
       273       140
       204       140
       140       265
       254       141
       277       141
       141       201
       141       160
       142       286
       142       256
       287       142
       180       142
       213       142
       143       306
       311       143
       188       143
       313       143
       143       207
       143       206
       305       144
       308       144
       302       144
       144       195
       144       219
       144       161
       145       153
       307       145
       145       178
       309       145
       312       145
       235       146
       146       266
       154       146
       208       146
       146       271
       288       147
       147       155
       147       189
       240       147
       202       148
       194       148
       329       148
       148       249
       148       328
       148       252
       328       149
       149       330
       149       274
       149       192
       252       149
       215       149
       200       149
       178       150
       310       150
       314       150
       150       188
       150       199
       150       198
       319       151
       301       151
       195       151
       320       151
       151       254
       151       263
       151       229
       152       276
       280       152
       217       152
       218       152
       152       194
       152       185
       153       272
       178       153
       153       273
       153       204
       199       153
       154       235
       154       208
       179       154
       209       154
       289       155
       155       189
       155       190
       155       283
       155       180
       156       225
       306       156
       156       210
       207       156
       156       197
       285       157
       157       217
       181       157
       157       191
       253       157
       158       270
       182       158
       237       158
       158       235
       158       269
       203       159
       159       265
       159       271
       159       264
       183       159
       208       159
       160       201
       254       160
       160       193
       160       184
       161       219
       305       161
       161       224
       161       225
       261       162
       162       221
       248       162
       260       162
       162       251
       163       211
       222       163
       223       163
       196       163
       163       237
       164       244
       258       164
       164       248
       262       164
       164       260
       229       165
       259       165
       165       258
       165       244
       165       228
       166       233
       166       220
       232       166
       231       166
       166       259
       219       167
       228       167
       167       234
       167       223
       224       167
       227       168
       168       261
       262       168
       214       168
       168       260
       169       230
       169       234
       244       169
       169       251
       248       169
       170       209
       170       205
       206       170
       170       197
       207       170
       171       262
       171       258
       220       171
       239       171
       171       246
       172       221
       261       172
       243       172
       172       242
       255       172
       173       230
       173       215
       251       173
       173       249
       250       173
       174       226
       241       174
       189       174
       190       174
       174       212
       247       175
       257       175
       227       175
       175       253
       175       255
       176       246
       239       176
       176       245
       226       176
       238       176
       177       238
       177       233
       177       241
       232       177
       216       177
       309       178
       310       178
       178       199
       179       235
       209       179
       211       179
       210       179
       180       287
       180       213
       190       180
       283       180
       256       181
       181       285
       181       253
       257       181
       182       192
       237       182
       200       182
       236       182
       203       183
       183       208
       209       183
       205       183
       254       184
       184       193
       184       231
       184       263
       218       185
       185       194
       242       185
       185       202
       206       186
       186       205
       186       204
       199       186
       186       203
       198       186
       187       257
       187       256
       245       187
       212       187
       187       247
       213       187
       313       188
       188       206
       314       188
       188       198
       240       189
       189       190
       189       241
       190       212
       190       213
       191       217
       253       191
       191       218
       191       243
       192       267
       192       274
       200       192
       201       193
       193       231
       193       216
       193       232
       194       202
       194       329
       276       194
       194       303
       302       195
       195       219
       301       195
       195       229
       223       196
       196       237
       196       236
       234       196
       207       197
       197       210
       197       209
       198       199
       198       206
       199       204
       215       200
       236       200
       230       200
       277       201
       201       216
       201       240
       279       201
       202       249
       242       202
       250       202
       204       203
       205       203
       204       273
       205       209
       206       205
       207       206
       306       207
       208       271
       209       208
       210       209
       225       210
       210       211
       222       210
       222       211
       211       237
       211       235
       226       212
       212       245
       212       213
       213       256
       214       262
       214       227
       246       214
       245       214
       214       247
       215       252
       230       215
       249       215
       216       232
       216       241
       240       216
       217       280
       217       218
       218       242
       243       218
       219       224
       219       228
       229       219
       233       220
       259       220
       220       239
       220       258
       261       221
       221       251
       221       242
       221       250
       223       222
       225       222
       224       222
       223       234
       224       223
       225       224
       305       225
       241       226
       226       245
       238       226
       227       261
       247       227
       227       255
       229       228
       228       244
       228       234
       263       229
       229       259
       234       230
       251       230
       230       236
       231       232
       231       259
       263       231
       232       233
       233       238
       233       239
       244       234
       234       236
       235       269
       237       235
       236       237
       238       239
       241       238
       239       246
       288       240
       240       241
       279       240
       243       242
       242       250
       255       243
       253       243
       258       244
       244       248
       245       246
       245       247
       246       262
       247       257
       260       248
       248       251
       249       252
       250       249
       251       250
       328       252
       253       255
       257       253
       254       277
       320       254
       254       263
       318       254
       317       254
       255       261
       286       256
       256       257
       258       262
       259       258
       263       259
       260       261
       262       260
       271       264
       265       264
       273       265
       271       266
       266       268
       267       270
       274       267
       269       268
       270       269
       315       272
       272       273
       330       274
       297       275
       280       276
       276       303
       277       279
       282       278
       278       289
       279       288
       281       280
       284       281
       282       288
       289       283
       283       287
       285       284
       286       285
       287       286
       299       290
       290       297
       294       291
       291       296
       292       300
       298       292
       295       293
       293       298
       300       294
       299       296
       301       302
       318       277
       295       322
       301       319
       308       302
       303       329
       304       316
       306       305
       308       305
       311       306
       307       315
       312       307
       309       312
       309       310
       310       314
       313       311
       313       314
       315       316
       317       318
       320       317
       319       320
       330       321
       321       324
       322       323
       323       325
       326       324
       325       327
       327       326
       329       328
       328       330
