         1
         6
        11
        16
        21
        26
        31
        36
        41
        46
        51
        56
        61
        66
        71
        76
        81
        86
        91
        96
       101
       106
       111
       116
       119
       122
       127
       130
       133
       138
       143
       148
       153
       158
       163
       168
       173
       178
       183
       188
       193
       198
       203
       208
       213
       218
       223
       228
       233
       238
       243
       248
       253
       258
       263
       268
       273
       278
       283
       288
       293
       298
       303
       308
       313
       318
       323
       328
       333
       338
       343
       348
       353
       358
       363
       368
       373
       378
       383
       388
       393
       398
       403
       408
       413
       418
       423
       428
       433
       438
       443
       448
       453
       458
       463
       468
       473
       478
       483
       488
       493
       498
       503
       508
       513
       518
       523
       528
       533
       538
       543
       548
       553
       558
       563
       568
       571
       576
       579
       584
       587
       592
       595
       600
       605
       610
       613
       616
       621
       626
       631
       636
       641
       646
       651
       656
       661
       666
       671
       676
       681
       686
       691
       696
       701
       706
       711
       716
       721
       726
       731
       736
       741
       746
       751
       756
       761
       766
       771
       776
       781
       786
       791
       796
       801
       806
       811
       816
       821
       826
       831
       836
       841
       846
       851
       856
       861
       866
       871
       876
       881
       886
       891
       896
       901
       906
       911
       916
       921
       926
       931
       936
       941
       946
       951
       956
       961
       966
       971
       976
       981
       986
       991
       996
      1001
      1006
      1011
      1016
      1021
      1026
      1031
      1036
      1041
      1046
      1051
      1056
      1061
      1066
      1071
      1076
      1081
      1086
      1091
      1096
      1101
      1106
      1111
      1116
      1121
      1126
      1131
      1136
      1141
      1146
      1151
      1156
      1161
      1166
      1171
      1176
      1181
      1186
      1191
      1196
      1201
      1206
      1211
      1216
      1221
      1226
      1231
      1236
      1241
      1246
      1251
      1256
      1261
      1266
      1271
      1276
      1281
      1286
      1291
      1296
      1301
      1306
      1311
      1316
      1321
      1326
      1331
      1336
      1341
      1346
      1351
      1356
      1361
      1366
      1371
      1376
      1381
      1386
      1391
      1396
      1401
      1406
      1411
      1416
      1421
      1426
      1431
      1436
      1441
      1446
      1451
      1456
      1461
      1466
      1471
      1476
      1481
      1486
      1491
      1496
      1501
      1506
      1511
      1516
      1521
      1526
      1531
      1536
      1541
      1546
      1551
      1556
      1561
      1566
      1571
      1576
      1581
      1586
      1591
      1596
      1601
      1606
      1611
      1616
      1621
      1626
      1631
      1636
      1641
      1646
      1651
      1656
      1661
      1666
      1671
      1676
      1681
      1686
      1691
      1696
      1699
      1704
      1709
      1714
      1719
      1724
      1729
      1734
      1739
      1744
      1749
      1754
      1759
      1764
      1769
      1774
      1779
      1784
      1789
      1794
      1799
      1804
      1809
      1814
      1819
      1824
      1829
      1834
      1839
      1844
      1849
      1854
      1859
      1864
      1869
      1874
      1879
      1884
      1889
      1894
      1899
      1904
      1909
      1914
      1919
      1924
      1929
      1934
      1939
      1944
      1949
      1954
      1959
      1964
      1969
      1974
      1979
      1984
      1989
      1994
      1999
      2004
      2009
      2014
      2019
      2024
      2029
      2034
      2039
      2044
      2049
      2054
      2059
      2064
      2069
      2074
      2079
      2084
      2089
      2094
      2099
      2104
      2109
      2114
      2119
      2124
      2129
      2134
      2139
      2144
      2149
      2154
      2159
      2164
      2169
      2174
      2179
      2184
      2189
      2194
      2199
      2204
      2209
      2214
      2219
      2224
      2229
      2234
      2239
      2244
      2249
      2254
      2259
      2264
      2269
      2274
      2279
      2284
      2289
      2294
      2299
      2304
      2309
      2314
      2319
      2324
      2329
      2334
      2339
      2344
      2349
      2354
      2359
      2364
      2369
      2374
      2379
      2384
      2389
      2394
      2399
      2404
      2409
      2414
      2419
      2424
      2429
      2434
      2439
      2444
      2449
      2454
      2459
      2464
      2469
      2474
      2479
      2484
      2487
      2492
      2495
      2500
      2505
      2510
      2515
      2520
      2525
      2530
      2535
      2540
      2545
      2550
      2555
      2560
      2565
      2570
      2575
      2580
      2585
      2588
      2593
      2596
      2601
      2604
      2609
      2612
      2617
      2622
      2627
      2632
      2637
      2642
      2647
      2652
      2657
      2662
      2667
      2672
      2677
      2682
      2687
      2692
      2697
      2700
      2705
      2710
      2715
      2720
      2725
      2730
      2735
      2740
      2745
      2750
      2755
      2760
      2765
      2770
      2775
      2780
      2785
      2790
      2795
      2800
      2805
      2810
      2815
      2818
      2823
      2826
      2831
      2836
      2841
      2844
      2847
      2852
      2857
      2862
      2867
      2872
      2877
      2882
      2887
      2892
      2897
      2902
      2907
      2912
      2915
      2920
      2925
      2930
      2935
      2940
      2945
      2950
      2955
      2960
      2965
      2970
      2975
      2980
      2985
      2990
      2995
      3000
      3005
      3010
      3015
      3020
      3025
      3030
      3035
      3040
      3045
      3050
      3055
      3060
      3065
      3070
      3075
      3080
      3085
      3090
      3095
      3100
      3105
      3110
      3115
      3120
      3125
      3130
      3135
      3140
      3145
      3150
      3155
      3160
      3165
      3170
      3175
      3180
      3185
      3190
      3195
      3200
      3205
      3210
      3215
      3220
      3225
      3230
      3235
      3240
      3245
      3250
      3255
      3260
      3265
      3270
      3275
      3280
      3285
      3290
      3295
      3300
      3305
      3310
      3315
      3320
      3325
      3330
      3335
      3340
      3345
      3350
      3355
      3360
      3365
      3370
      3375
      3380
      3385
      3390
      3395
      3400
      3405
      3410
      3415
      3420
      3425
      3430
      3435
      3440
      3445
      3450
      3455
      3460
      3465
      3470
      3475
      3480
      3485
      3490
      3495
      3500
      3505
      3510
      3515
      3520
      3525
      3530
      3535
      3540
      3545
      3550
      3555
      3560
      3565
      3570
      3575
      3580
      3585
      3590
      3595
      3600
      3605
      3610
      3615
      3620
      3625
      3630
      3635
      3640
      3645
      3650
      3655
      3660
      3665
      3670
      3675
      3680
      3685
      3690
      3695
      3700
      3705
      3710
      3715
      3720
      3725
      3730
      3735
      3740
      3745
      3750
      3755
      3760
      3765
      3770
      3775
      3780
      3785
      3790
      3795
      3800
      3805
      3810
      3815
      3820
      3825
      3830
      3835
      3840
      3845
      3850
      3855
      3860
      3865
      3870
      3875
      3880
      3885
      3890
      3895
      3900
      3905
      3910
      3915
      3920
      3925
      3930
      3935
      3940
      3945
      3950
      3955
      3960
      3965
      3970
      3975
      3980
      3985
      3988
      3993
      3998
      4003
      4008
      4013
      4018
      4023
      4028
      4033
      4038
      4043
      4048
      4053
      4058
      4063
      4068
      4073
      4078
      4083
      4088
      4093
      4098
      4103
      4108
      4113
      4118
      4123
      4128
      4133
      4138
      4143
      4148
      4153
      4158
      4163
      4168
      4173
      4178
      4183
      4188
      4193
      4198
      4203
      4208
      4213
      4218
      4223
      4228
      4233
      4238
      4243
      4248
      4253
      4258
      4263
      4268
      4273
      4278
      4283
      4288
      4293
      4298
      4303
      4308
      4313
      4318
      4323
      4328
      4333
      4338
      4343
      4346
      4349
      4352
      4355
      4358
      4361
      4364
      4367
      4370
      4373
      4376
      4379
      4382
      4385
      4388
      4391
      4394
      4397
      4400
      4403
      4406
      4409
      4412
      4415
      4418
      4421
      4424
      4427
      4430
      4433
      4436
      4439
      4442
      4445
      4448
      4451
      4454
      4457
      4460
      4463
      4466
      4469
      4472
      4475
