         2
         3
         4
        36
       269
       423
       525
       863
       864
         1
         3
         4
        28
        35
       219
       269
       270
       271
         1
         2
         4
       424
       863
       901
       908
         1
         2
         3
        26
       270
       897
       908
         6
         7
         8
         9
        71
        72
        73
        74
        75
         5
         7
         8
         9
        33
        71
       125
       126
       127
       128
         5
         6
         8
         9
       125
       501
       705
       860
       865
         5
         6
         7
         9
       500
       865
       912
       920
         5
         6
         7
         8
        72
       912
       913
        11
        12
        13
        14
        67
       893
       914
        10
        12
        13
        14
       887
       893
        10
        11
        13
        14
        48
       122
       887
       888
        10
        11
        12
        14
        47
        66
       122
       123
       124
        10
        11
        12
        13
        66
        67
        68
        69
        70
        16
        17
        18
        19
        76
       275
       881
       882
        15
        17
        18
        19
       881
       890
        15
        16
        18
        19
       129
       394
       413
       884
       890
        15
        16
        17
        19
        77
       129
       130
       131
       132
        15
        16
        17
        18
        76
        77
        78
        79
        21
        22
        23
        24
        30
       398
       450
       549
       859
       862
        20
        22
        23
        24
        32
       169
       350
       398
       399
        20
        21
        23
        24
        80
       168
       180
       306
       350
       351
       352
        20
        21
        22
        24
        81
       429
       553
       814
       861
       862
        20
        21
        22
        23
        80
        81
        82
        83
        26
        27
        28
        29
        84
       897
        25
        27
        28
        29
         4
       270
       897
       908
        25
        26
        28
        29
        84
        85
        86
        25
        26
        27
        29
         2
        35
       219
       269
       270
       271
        25
        26
        27
        28
        85
       133
       219
       220
       221
        31
        32
        33
        34
        20
       398
       450
       549
       859
       862
        30
        32
        33
        34
       127
       449
       704
       859
       860
        30
        31
        33
        34
        21
       169
       350
       398
       399
        30
        31
        32
        34
         6
        71
       125
       126
       127
       128
        30
        31
        32
        33
       126
       170
       300
       381
       396
       399
        36
        37
        38
        39
        40
         2
        28
       219
       269
       270
       271
        35
        37
        38
        39
        40
         1
       269
       423
       525
       863
       864
        35
        36
        38
        39
        40
       278
       457
       555
       855
       856
        35
        36
        37
        39
        40
       455
       527
       741
       856
       864
        35
        36
        37
        38
        40
       221
       235
       271
       277
       280
        35
        36
        37
        38
        39
        98
       234
       277
       278
       279
        42
        43
        44
        45
        46
       136
       137
       138
       139
       140
        41
        43
        44
        45
        46
       136
       431
       485
       857
       858
        41
        42
        44
        45
        46
       488
       556
       746
       854
       857
        41
        42
        43
        45
        46
        97
       279
       347
       557
       854
       855
        41
        42
        43
        44
        46
       137
       301
       302
       303
       304
       305
        41
        42
        43
        44
        45
        96
       283
       301
       347
       348
        48
        49
        50
        51
        52
        53
        13
        66
       122
       123
       124
        47
        49
        50
        51
        52
        53
        12
       122
       887
       888
        47
        48
        50
        51
        52
        53
        87
       123
       215
       227
       325
       336
       339
        47
        48
        49
        51
        52
        53
        87
        88
        89
        90
        47
        48
        49
        50
        52
        53
       885
       886
        47
        48
        49
        50
        51
        53
        88
       885
       889
        47
        48
        49
        50
        51
        52
       886
       888
        55
        56
        57
        58
        69
       124
       142
       226
       227
       228
        54
        56
        57
        58
        70
       226
       915
       917
        54
        55
        57
        58
       290
       917
       918
        54
        55
        56
        58
       112
       141
       290
       291
       292
        54
        55
        56
        57
       141
       142
       143
       144
        60
        61
        62
        79
       222
       272
       274
       275
       276
        59
        61
        62
       145
       224
       230
       272
       273
        59
        60
        62
       274
       866
        59
        60
        61
       145
       146
       147
        64
        65
       152
       187
       315
       316
       317
        63
        65
       146
       184
       229
       315
       365
        63
        64
       114
       148
       237
       316
       385
        14
        67
        68
        69
        70
        13
        47
       122
       123
       124
        14
        66
        68
        69
        70
        10
       893
       914
        14
        66
        67
        69
        70
       914
       915
        14
        66
        67
        68
        70
        54
       124
       142
       226
       227
       228
        14
        66
        67
        68
        69
        55
       226
       915
       917
         5
        72
        73
        74
        75
         6
        33
       125
       126
       127
       128
         5
        71
        73
        74
        75
         9
       912
       913
         5
        71
        72
        74
        75
       110
       374
       913
       916
         5
        71
        72
        73
        75
       111
       297
       373
       374
         5
        71
        72
        73
        74
       100
       128
       297
       298
       299
       300
        19
        77
        78
        79
        15
       275
       881
       882
        19
        76
        78
        79
        18
       129
       130
       131
       132
        19
        76
        77
        79
       130
       222
       223
       224
       225
        19
        76
        77
        78
        59
       222
       272
       274
       275
       276
        24
        81
        82
        83
        22
       168
       180
       306
       350
       351
       352
        24
        80
        82
        83
        23
       429
       553
       814
       861
       862
        24
        80
        81
        83
       139
       181
       351
       414
       417
        24
        80
        81
        82
       140
       417
       430
       858
       861
        27
        85
        86
        25
       897
        27
        84
        86
        29
       133
       219
       220
       221
        27
        84
        85
       133
       134
       135
        50
        88
        89
        90
        49
       123
       215
       227
       325
       336
       339
        50
        87
        89
        90
        52
       885
       889
        50
        87
        88
        90
       208
       324
       336
       337
       338
        50
        87
        88
        89
       337
       883
       889
        92
        93
        94
       240
       246
       294
       368
       377
       378
        91
        93
        94
       173
       245
       355
       377
       383
       386
        91
        92
        94
       150
       175
       333
       375
       383
       384
        91
        92
        93
       149
       239
       378
       384
       385
        96
        97
        98
        99
       165
       233
       243
       282
       283
       284
       285
        95
        97
        98
        99
        46
       283
       301
       347
       348
        95
        96
        98
        99
        44
       279
       347
       557
       854
       855
        95
        96
        97
        99
        40
       234
       277
       278
       279
        95
        96
        97
        98
       233
       234
       235
       236
       101
       102
       103
        75
       128
       297
       298
       299
       300
       100
       102
       103
       108
       298
       328
       343
       370
       373
       100
       101
       103
       201
       342
       370
       371
       372
       100
       101
       102
       263
       299
       371
       379
       380
       381
       105
       106
       107
       210
       288
       326
       344
       345
       346
       104
       106
       107
       225
       232
       273
       287
       326
       327
       104
       105
       107
       186
       211
       334
       344
       363
       364
       104
       105
       106
       183
       231
       327
       363
       365
       109
       110
       111
       112
       113
       101
       298
       328
       343
       370
       373
       108
       110
       111
       112
       113
       144
       291
       328
       329
       330
       108
       109
       111
       112
       113
        73
       374
       913
       916
       108
       109
       110
       112
       113
        74
       297
       373
       374
       108
       109
       110
       111
       113
        57
       141
       290
       291
       292
       108
       109
       110
       111
       112
       292
       916
       918
       115
       116
       117
        65
       148
       237
       316
       385
       114
       116
       117
       237
       238
       239
       240
       114
       115
       117
       118
       293
       331
       114
       115
       116
       238
       293
       294
       295
       296
       119
       120
       121
       116
       293
       331
       118
       120
       121
       167
       242
       285
       295
       331
       332
       118
       119
       121
       135
       241
       281
       118
       119
       120
       241
       242
       243
       244
        13
        47
        66
       123
       124
        12
        48
       887
       888
        13
        47
        66
       122
       124
        49
        87
       215
       227
       325
       336
       339
        13
        47
        66
       122
       123
        54
        69
       142
       226
       227
       228
         6
        33
        71
       126
       127
       128
         7
       501
       705
       860
       865
         6
        33
        71
       125
       127
       128
        34
       170
       300
       381
       396
       399
         6
        33
        71
       125
       126
       128
        31
       449
       704
       859
       860
         6
        33
        71
       125
       126
       127
        75
       100
       297
       298
       299
       300
        18
        77
       130
       131
       132
        17
       394
       413
       884
       890
        18
        77
       129
       131
       132
        78
       222
       223
       224
       225
        18
        77
       129
       130
       132
       197
       286
       392
       394
       395
        18
        77
       129
       130
       131
       223
       286
       287
       288
       289
        86
       134
       135
        29
        85
       219
       220
       221
        86
       133
       135
       220
       236
       244
       280
       281
       282
        86
       133
       134
       120
       241
       281
        41
       137
       138
       139
       140
        42
       431
       485
       857
       858
        41
       136
       138
       139
       140
        45
       301
       302
       303
       304
       305
        41
       136
       137
       139
       140
       158
       178
       302
       369
       414
       415
        41
       136
       137
       138
       140
        82
       181
       351
       414
       417
        41
       136
       137
       138
       139
        83
       417
       430
       858
       861
        58
       142
       143
       144
        57
       112
       290
       291
       292
        58
       141
       143
       144
        54
        69
       124
       226
       227
       228
        58
       141
       142
       144
       214
       228
       329
       339
       340
        58
       141
       142
       143
       109
       291
       328
       329
       330
        62
       146
       147
        60
       224
       230
       272
       273
        62
       145
       147
        64
       184
       229
       315
       365
        62
       145
       146
       229
       230
       231
       232
       149
       150
       151
       152
        65
       114
       237
       316
       385
       148
       150
       151
       152
        94
       239
       378
       384
       385
       148
       149
       151
       152
        93
       175
       333
       375
       383
       384
       148
       149
       150
       152
       185
       317
       333
       334
       335
       148
       149
       150
       151
        63
       187
       315
       316
       317
       154
       155
       156
       157
       191
       260
       387
       407
       408
       153
       155
       156
       157
       262
       311
       387
       388
       389
       153
       154
       156
       157
       310
       311
       312
       313
       314
       153
       154
       155
       157
       268
       309
       310
       397
       405
       406
       153
       154
       155
       156
       192
       265
       391
       405
       407
       159
       160
       161
       162
       138
       178
       302
       369
       414
       415
       158
       160
       161
       162
       179
       314
       403
       415
       416
       158
       159
       161
       162
       312
       353
       389
       403
       404
       158
       159
       160
       162
       248
       353
       354
       355
       356
       158
       159
       160
       161
       247
       303
       354
       367
       369
       164
       165
       166
       167
       249
       296
       332
       366
       368
       163
       165
       166
       167
       250
       304
       349
       366
       367
       163
       164
       166
       167
        95
       233
       243
       282
       283
       284
       285
       163
       164
       165
       167
       284
       305
       348
       349
       163
       164
       165
       166
       119
       242
       285
       295
       331
       332
       169
       170
       171
       172
        22
        80
       180
       306
       350
       351
       352
       168
       170
       171
       172
        21
        32
       350
       398
       399
       168
       169
       171
       172
        34
       126
       300
       381
       396
       399
       168
       169
       170
       172
       306
       307
       308
       309
       168
       169
       170
       171
       267
       307
       380
       396
       397
       174
       175
       176
       177
        92
       245
       355
       377
       383
       386
       173
       175
       176
       177
       261
       356
       386
       388
       402
       404
       173
       174
       176
       177
        93
       150
       333
       375
       383
       384
       173
       174
       175
       177
       212
       257
       376
       400
       402
       173
       174
       175
       176
       213
       335
       364
       375
       376
       179
       180
       181
       182
       138
       158
       302
       369
       414
       415
       178
       180
       181
       182
       159
       314
       403
       415
       416
       178
       179
       181
       182
        22
        80
       168
       306
       350
       351
       352
       178
       179
       180
       182
        82
       139
       351
       414
       417
       178
       179
       180
       181
       308
       313
       352
       406
       416
       184
       185
       186
       187
       107
       231
       327
       363
       365
       183
       185
       186
       187
        64
       146
       229
       315
       365
       183
       184
       186
       187
       151
       317
       333
       334
       335
       183
       184
       185
       187
       106
       211
       334
       344
       363
       364
       183
       184
       185
       186
        63
       152
       315
       316
       317
       189
       190
       191
       192
       254
       266
       359
       382
       390
       391
       188
       190
       191
       192
       253
       321
       390
       409
       410
       188
       189
       191
       192
       259
       322
       401
       408
       409
       188
       189
       190
       192
       153
       260
       387
       407
       408
       188
       189
       190
       191
       157
       265
       391
       405
       407
       194
       195
       196
       197
       256
       319
       362
       410
       411
       193
       195
       196
       197
       206
       361
       395
       411
       412
       413
       193
       194
       196
       197
       289
       318
       346
       392
       393
       193
       194
       195
       197
       318
       319
       320
       321
       322
       193
       194
       195
       196
       131
       286
       392
       394
       395
       199
       200
       201
       202
       217
       330
       340
       341
       342
       343
       198
       200
       201
       202
       203
       218
       252
       323
       341
       357
       360
       198
       199
       201
       202
       264
       358
       372
       379
       382
       198
       199
       200
       202
       102
       342
       370
       371
       372
       198
       199
       200
       201
       251
       357
       358
       359
       204
       205
       206
       207
       208
       199
       218
       252
       323
       341
       357
       360
       203
       205
       206
       207
       208
       216
       323
       324
       325
       203
       204
       206
       207
       208
       255
       360
       361
       362
       203
       204
       205
       207
       208
       194
       361
       395
       411
       412
       413
       203
       204
       205
       206
       208
       338
       412
       883
       884
       203
       204
       205
       206
       207
        89
       324
       336
       337
       338
       210
       211
       212
       213
       258
       320
       345
       393
       400
       401
       209
       211
       212
       213
       104
       288
       326
       344
       345
       346
       209
       210
       212
       213
       106
       186
       334
       344
       363
       364
       209
       210
       211
       213
       176
       257
       376
       400
       402
       209
       210
       211
       212
       177
       335
       364
       375
       376
       215
       216
       217
       218
       143
       228
       329
       339
       340
       214
       216
       217
       218
        49
        87
       123
       227
       325
       336
       339
       214
       215
       217
       218
       204
       323
       324
       325
       214
       215
       216
       218
       198
       330
       340
       341
       342
       343
       214
       215
       216
       217
       199
       203
       252
       323
       341
       357
       360
        29
        85
       133
       220
       221
         2
        28
        35
       269
       270
       271
        29
        85
       133
       219
       221
       134
       236
       244
       280
       281
       282
        29
        85
       133
       219
       220
        39
       235
       271
       277
       280
        78
       130
       223
       224
       225
        59
        79
       272
       274
       275
       276
        78
       130
       222
       224
       225
       132
       286
       287
       288
       289
        78
       130
       222
       223
       225
        60
       145
       230
       272
       273
        78
       130
       222
       223
       224
       105
       232
       273
       287
       326
       327
        54
        69
       124
       142
       227
       228
        55
        70
       915
       917
        54
        69
       124
       142
       226
       228
        49
        87
       123
       215
       325
       336
       339
        54
        69
       124
       142
       226
       227
       143
       214
       329
       339
       340
       147
       230
       231
       232
        64
       146
       184
       315
       365
       147
       229
       231
       232
        60
       145
       224
       272
       273
       147
       229
       230
       232
       107
       183
       327
       363
       365
       147
       229
       230
       231
       105
       225
       273
       287
       326
       327
        99
       234
       235
       236
        95
       165
       243
       282
       283
       284
       285
        99
       233
       235
       236
        40
        98
       277
       278
       279
        99
       233
       234
       236
        39
       221
       271
       277
       280
        99
       233
       234
       235
       134
       220
       244
       280
       281
       282
       115
       238
       239
       240
        65
       114
       148
       316
       385
       115
       237
       239
       240
       117
       293
       294
       295
       296
       115
       237
       238
       240
        94
       149
       378
       384
       385
       115
       237
       238
       239
        91
       246
       294
       368
       377
       378
       121
       242
       243
       244
       120
       135
       281
       121
       241
       243
       244
       119
       167
       285
       295
       331
       332
       121
       241
       242
       244
        95
       165
       233
       282
       283
       284
       285
       121
       241
       242
       243
       134
       220
       236
       280
       281
       282
       246
       247
       248
       249
       250
        92
       173
       355
       377
       383
       386
       245
       247
       248
       249
       250
        91
       240
       294
       368
       377
       378
       245
       246
       248
       249
       250
       162
       303
       354
       367
       369
       245
       246
       247
       249
       250
       161
       353
       354
       355
       356
       245
       246
       247
       248
       250
       163
       296
       332
       366
       368
       245
       246
       247
       248
       249
       164
       304
       349
       366
       367
       252
       253
       254
       255
       256
       202
       357
       358
       359
       251
       253
       254
       255
       256
       199
       203
       218
       323
       341
       357
       360
       251
       252
       254
       255
       256
       189
       321
       390
       409
       410
       251
       252
       253
       255
       256
       188
       266
       359
       382
       390
       391
       251
       252
       253
       254
       256
       205
       360
       361
       362
       251
       252
       253
       254
       255
       193
       319
       362
       410
       411
       258
       259
       260
       261
       262
       176
       212
       376
       400
       402
       257
       259
       260
       261
       262
       209
       320
       345
       393
       400
       401
       257
       258
       260
       261
       262
       190
       322
       401
       408
       409
       257
       258
       259
       261
       262
       153
       191
       387
       407
       408
       257
       258
       259
       260
       262
       174
       356
       386
       388
       402
       404
       257
       258
       259
       260
       261
       154
       311
       387
       388
       389
       264
       265
       266
       267
       268
       103
       299
       371
       379
       380
       381
       263
       265
       266
       267
       268
       200
       358
       372
       379
       382
       263
       264
       266
       267
       268
       157
       192
       391
       405
       407
       263
       264
       265
       267
       268
       188
       254
       359
       382
       390
       391
       263
       264
       265
       266
       268
       172
       307
       380
       396
       397
       263
       264
       265
       266
       267
       156
       309
       310
       397
       405
       406
         2
        28
        35
       219
       270
       271
         1
        36
       423
       525
       863
       864
         2
        28
        35
       219
       269
       271
         4
        26
       897
       908
         2
        28
        35
       219
       269
       270
        39
       221
       235
       277
       280
        60
       145
       224
       230
       273
        59
        79
       222
       274
       275
       276
        60
       145
       224
       230
       272
       105
       225
       232
       287
       326
       327
        59
        79
       222
       272
       275
       276
        61
       866
        59
        79
       222
       272
       274
       276
        15
        76
       881
       882
        59
        79
       222
       272
       274
       275
       866
       882
        40
        98
       234
       278
       279
        39
       221
       235
       271
       280
        40
        98
       234
       277
       279
        37
       457
       555
       855
       856
        40
        98
       234
       277
       278
        44
        97
       347
       557
       854
       855
        39
       221
       235
       271
       277
       134
       220
       236
       244
       281
       282
       134
       220
       236
       244
       280
       282
       120
       135
       241
       134
       220
       236
       244
       280
       281
        95
       165
       233
       243
       283
       284
       285
        95
       165
       233
       243
       282
       284
       285
        46
        96
       301
       347
       348
        95
       165
       233
       243
       282
       283
       285
       166
       305
       348
       349
        95
       165
       233
       243
       282
       283
       284
       119
       167
       242
       295
       331
       332
       132
       223
       287
       288
       289
       131
       197
       392
       394
       395
       132
       223
       286
       288
       289
       105
       225
       232
       273
       326
       327
       132
       223
       286
       287
       289
       104
       210
       326
       344
       345
       346
       132
       223
       286
       287
       288
       195
       318
       346
       392
       393
        57
       112
       141
       291
       292
        56
       917
       918
        57
       112
       141
       290
       292
       109
       144
       328
       329
       330
        57
       112
       141
       290
       291
       113
       916
       918
       117
       238
       294
       295
       296
       116
       118
       331
       117
       238
       293
       295
       296
        91
       240
       246
       368
       377
       378
       117
       238
       293
       294
       296
       119
       167
       242
       285
       331
       332
       117
       238
       293
       294
       295
       163
       249
       332
       366
       368
        75
       100
       128
       298
       299
       300
        74
       111
       373
       374
        75
       100
       128
       297
       299
       300
       101
       108
       328
       343
       370
       373
        75
       100
       128
       297
       298
       300
       103
       263
       371
       379
       380
       381
        75
       100
       128
       297
       298
       299
        34
       126
       170
       381
       396
       399
        45
       137
       302
       303
       304
       305
        46
        96
       283
       347
       348
        45
       137
       301
       303
       304
       305
       138
       158
       178
       369
       414
       415
        45
       137
       301
       302
       304
       305
       162
       247
       354
       367
       369
        45
       137
       301
       302
       303
       305
       164
       250
       349
       366
       367
        45
       137
       301
       302
       303
       304
       166
       284
       348
       349
       171
       307
       308
       309
        22
        80
       168
       180
       350
       351
       352
       171
       306
       308
       309
       172
       267
       380
       396
       397
       171
       306
       307
       309
       182
       313
       352
       406
       416
       171
       306
       307
       308
       156
       268
       310
       397
       405
       406
       155
       311
       312
       313
       314
       156
       268
       309
       397
       405
       406
       155
       310
       312
       313
       314
       154
       262
       387
       388
       389
       155
       310
       311
       313
       314
       160
       353
       389
       403
       404
       155
       310
       311
       312
       314
       182
       308
       352
       406
       416
       155
       310
       311
       312
       313
       159
       179
       403
       415
       416
        63
       152
       187
       316
       317
        64
       146
       184
       229
       365
        63
       152
       187
       315
       317
        65
       114
       148
       237
       385
        63
       152
       187
       315
       316
       151
       185
       333
       334
       335
       196
       319
       320
       321
       322
       195
       289
       346
       392
       393
       196
       318
       320
       321
       322
       193
       256
       362
       410
       411
       196
       318
       319
       321
       322
       209
       258
       345
       393
       400
       401
       196
       318
       319
       320
       322
       189
       253
       390
       409
       410
       196
       318
       319
       320
       321
       190
       259
       401
       408
       409
       204
       216
       324
       325
       199
       203
       218
       252
       341
       357
       360
       204
       216
       323
       325
        89
       208
       336
       337
       338
       204
       216
       323
       324
        49
        87
       123
       215
       227
       336
       339
       105
       225
       232
       273
       287
       327
       104
       210
       288
       344
       345
       346
       105
       225
       232
       273
       287
       326
       107
       183
       231
       363
       365
       109
       144
       291
       329
       330
       101
       108
       298
       343
       370
       373
       109
       144
       291
       328
       330
       143
       214
       228
       339
       340
       109
       144
       291
       328
       329
       198
       217
       340
       341
       342
       343
       116
       118
       293
       119
       167
       242
       285
       295
       332
       119
       167
       242
       285
       295
       331
       163
       249
       296
       366
       368
       151
       185
       317
       334
       335
        93
       150
       175
       375
       383
       384
       151
       185
       317
       333
       335
       106
       186
       211
       344
       363
       364
       151
       185
       317
       333
       334
       177
       213
       364
       375
       376
        89
       208
       324
       337
       338
        49
        87
       123
       215
       227
       325
       339
        89
       208
       324
       336
       338
        90
       883
       889
        89
       208
       324
       336
       337
       207
       412
       883
       884
       143
       214
       228
       329
       340
        49
        87
       123
       215
       227
       325
       336
       143
       214
       228
       329
       339
       198
       217
       330
       341
       342
       343
       198
       217
       330
       340
       342
       343
       199
       203
       218
       252
       323
       357
       360
       198
       217
       330
       340
       341
       343
       102
       201
       370
       371
       372
       198
       217
       330
       340
       341
       342
       101
       108
       298
       328
       370
       373
       104
       210
       288
       326
       345
       346
       106
       186
       211
       334
       363
       364
       104
       210
       288
       326
       344
       346
       209
       258
       320
       393
       400
       401
       104
       210
       288
       326
       344
       345
       195
       289
       318
       392
       393
        46
        96
       283
       301
       348
        44
        97
       279
       557
       854
       855
        46
        96
       283
       301
       347
       166
       284
       305
       349
       166
       284
       305
       348
       164
       250
       304
       366
       367
        22
        80
       168
       180
       306
       351
       352
        21
        32
       169
       398
       399
        22
        80
       168
       180
       306
       350
       352
        82
       139
       181
       414
       417
        22
        80
       168
       180
       306
       350
       351
       182
       308
       313
       406
       416
       161
       248
       354
       355
       356
       160
       312
       389
       403
       404
       161
       248
       353
       355
       356
       162
       247
       303
       367
       369
       161
       248
       353
       354
       356
        92
       173
       245
       377
       383
       386
       161
       248
       353
       354
       355
       174
       261
       386
       388
       402
       404
       202
       251
       358
       359
       199
       203
       218
       252
       323
       341
       360
       202
       251
       357
       359
       200
       264
       372
       379
       382
       202
       251
       357
       358
       188
       254
       266
       382
       390
       391
       205
       255
       361
       362
       199
       203
       218
       252
       323
       341
       357
       205
       255
       360
       362
       194
       206
       395
       411
       412
       413
       205
       255
       360
       361
       193
       256
       319
       410
       411
       106
       186
       211
       334
       344
       364
       107
       183
       231
       327
       365
       106
       186
       211
       334
       344
       363
       177
       213
       335
       375
       376
        64
       146
       184
       229
       315
       107
       183
       231
       327
       363
       164
       250
       304
       349
       367
       163
       249
       296
       332
       368
       164
       250
       304
       349
       366
       162
       247
       303
       354
       369
       163
       249
       296
       332
       366
        91
       240
       246
       294
       377
       378
       162
       247
       303
       354
       367
       138
       158
       178
       302
       414
       415
       102
       201
       342
       371
       372
       101
       108
       298
       328
       343
       373
       102
       201
       342
       370
       372
       103
       263
       299
       379
       380
       381
       102
       201
       342
       370
       371
       200
       264
       358
       379
       382
       101
       108
       298
       328
       343
       370
        74
       111
       297
       374
        74
       111
       297
       373
        73
       110
       913
       916
       177
       213
       335
       364
       376
        93
       150
       175
       333
       383
       384
       177
       213
       335
       364
       375
       176
       212
       257
       400
       402
        91
       240
       246
       294
       368
       378
        92
       173
       245
       355
       383
       386
        91
       240
       246
       294
       368
       377
        94
       149
       239
       384
       385
       103
       263
       299
       371
       380
       381
       200
       264
       358
       372
       382
       103
       263
       299
       371
       379
       381
       172
       267
       307
       396
       397
       103
       263
       299
       371
       379
       380
        34
       126
       170
       300
       396
       399
       200
       264
       358
       372
       379
       188
       254
       266
       359
       390
       391
        93
       150
       175
       333
       375
       384
        92
       173
       245
       355
       377
       386
        93
       150
       175
       333
       375
       383
        94
       149
       239
       378
       385
        65
       114
       148
       237
       316
        94
       149
       239
       378
       384
        92
       173
       245
       355
       377
       383
       174
       261
       356
       388
       402
       404
       154
       262
       311
       388
       389
       153
       191
       260
       407
       408
       154
       262
       311
       387
       389
       174
       261
       356
       386
       402
       404
       154
       262
       311
       387
       388
       160
       312
       353
       403
       404
       188
       254
       266
       359
       382
       391
       189
       253
       321
       409
       410
       188
       254
       266
       359
       382
       390
       157
       192
       265
       405
       407
       195
       289
       318
       346
       393
       131
       197
       286
       394
       395
       195
       289
       318
       346
       392
       209
       258
       320
       345
       400
       401
       131
       197
       286
       392
       395
        17
       129
       413
       884
       890
       131
       197
       286
       392
       394
       194
       206
       361
       411
       412
       413
       172
       267
       307
       380
       397
        34
       126
       170
       300
       381
       399
       172
       267
       307
       380
       396
       156
       268
       309
       310
       405
       406
        21
        32
       169
       350
       399
        20
        30
       450
       549
       859
       862
        21
        32
       169
       350
       398
        34
       126
       170
       300
       381
       396
       209
       258
       320
       345
       393
       401
       176
       212
       257
       376
       402
       209
       258
       320
       345
       393
       400
       190
       259
       322
       408
       409
       176
       212
       257
       376
       400
       174
       261
       356
       386
       388
       404
       160
       312
       353
       389
       404
       159
       179
       314
       415
       416
       160
       312
       353
       389
       403
       174
       261
       356
       386
       388
       402
       156
       268
       309
       310
       397
       406
       157
       192
       265
       391
       407
       156
       268
       309
       310
       397
       405
       182
       308
       313
       352
       416
       157
       192
       265
       391
       405
       153
       191
       260
       387
       408
       153
       191
       260
       387
       407
       190
       259
       322
       401
       409
       189
       253
       321
       390
       410
       190
       259
       322
       401
       408
       189
       253
       321
       390
       409
       193
       256
       319
       362
       411
       193
       256
       319
       362
       410
       194
       206
       361
       395
       412
       413
       194
       206
       361
       395
       411
       413
       207
       338
       883
       884
       194
       206
       361
       395
       411
       412
        17
       129
       394
       884
       890
       138
       158
       178
       302
       369
       415
        82
       139
       181
       351
       417
       138
       158
       178
       302
       369
       414
       159
       179
       314
       403
       416
       159
       179
       314
       403
       415
       182
       308
       313
       352
       406
        82
       139
       181
       351
       414
        83
       140
       430
       858
       861
       419
       420
       421
       473
       565
       791
       898
       899
       418
       420
       421
       539
       567
       749
       786
       790
       791
       418
       419
       421
       539
       540
       541
       542
       543
       418
       419
       420
       467
       540
       745
       898
       900
       423
       424
       425
       426
       479
       525
       526
       527
       528
       529
       422
       424
       425
       426
         1
        36
       269
       525
       863
       864
       422
       423
       425
       426
         3
       863
       901
       908
       422
       423
       424
       426
       479
       480
       481
       482
       483
       422
       423
       424
       425
       480
       901
       902
       428
       429
       430
       431
       484
       530
       552
       651
       754
       814
       815
       427
       429
       430
       431
       484
       485
       486
       487
       488
       427
       428
       430
       431
        23
        81
       553
       814
       861
       862
       427
       428
       429
       431
        83
       140
       417
       858
       861
       427
       428
       429
       430
        42
       136
       485
       857
       858
       433
       434
       435
       436
       437
       544
       545
       546
       547
       548
       432
       434
       435
       436
       437
       439
       544
       660
       878
       879
       432
       433
       435
       436
       437
       520
       770
       867
       873
       432
       433
       434
       436
       437
       873
       874
       432
       433
       434
       435
       437
       521
       545
       700
       770
       771
       432
       433
       434
       435
       436
       874
       878
       439
       440
       441
       462
       847
       879
       880
       438
       440
       441
       433
       544
       660
       878
       879
       438
       439
       441
       463
       659
       686
       758
       847
       848
       438
       439
       440
       546
       659
       660
       661
       662
       443
       444
       445
       446
       447
       489
       820
       872
       875
       442
       444
       445
       446
       447
       489
       490
       491
       492
       442
       443
       445
       446
       447
       870
       875
       442
       443
       444
       446
       447
       490
       534
       535
       536
       537
       538
       442
       443
       444
       445
       447
       870
       871
       442
       443
       444
       445
       446
       534
       871
       876
       449
       450
       451
       452
       502
       663
       704
       705
       706
       448
       450
       451
       452
        31
       127
       704
       859
       860
       448
       449
       451
       452
        20
        30
       398
       549
       859
       862
       448
       449
       450
       452
       549
       550
       551
       552
       553
       448
       449
       450
       451
       550
       663
       664
       665
       666
       454
       455
       456
       457
       554
       667
       683
       739
       740
       453
       455
       456
       457
       554
       555
       556
       557
       558
       559
       453
       454
       456
       457
        38
       527
       741
       856
       864
       453
       454
       455
       457
       528
       681
       728
       739
       741
       453
       454
       455
       456
        37
       278
       555
       855
       856
       459
       460
       461
       516
       561
       671
       841
       842
       843
       844
       845
       458
       460
       461
       732
       841
       869
       892
       458
       459
       461
       560
       707
       732
       733
       734
       735
       458
       459
       460
       560
       561
       562
       563
       463
       464
       465
       466
       438
       847
       879
       880
       462
       464
       465
       466
       440
       659
       686
       758
       847
       848
       462
       463
       465
       466
       655
       877
       880
       462
       463
       464
       466
       538
       655
       656
       657
       658
       462
       463
       464
       465
       656
       690
       699
       757
       758
       468
       469
       470
       471
       472
       421
       540
       745
       898
       900
       467
       469
       470
       471
       472
       900
       906
       467
       468
       470
       471
       472
       509
       691
       692
       693
       694
       467
       468
       469
       471
       472
       691
       906
       907
       467
       468
       469
       470
       472
       542
       612
       723
       744
       745
       467
       468
       469
       470
       471
       610
       679
       692
       727
       743
       744
       474
       475
       476
       477
       478
       418
       565
       791
       898
       899
       473
       475
       476
       477
       478
       895
       899
       473
       474
       476
       477
       478
       715
       891
       895
       473
       474
       475
       477
       478
       514
       715
       716
       717
       718
       473
       474
       475
       476
       478
       564
       593
       716
       774
       775
       776
       473
       474
       475
       476
       477
       564
       565
       566
       567
       425
       480
       481
       482
       483
       422
       525
       526
       527
       528
       529
       425
       479
       481
       482
       483
       426
       901
       902
       425
       479
       480
       482
       483
       506
       526
       648
       649
       650
       425
       479
       480
       481
       483
       648
       903
       904
       425
       479
       480
       481
       482
       902
       903
       428
       485
       486
       487
       488
       427
       530
       552
       651
       754
       814
       815
       428
       484
       486
       487
       488
        42
       136
       431
       857
       858
       428
       484
       485
       487
       488
       530
       531
       532
       533
       428
       484
       485
       486
       488
       531
       559
       668
       746
       747
       428
       484
       485
       486
       487
        43
       556
       746
       854
       857
       443
       490
       491
       492
       442
       820
       872
       875
       443
       489
       491
       492
       445
       534
       535
       536
       537
       538
       443
       489
       490
       492
       535
       630
       695
       696
       697
       443
       489
       490
       491
       695
       734
       769
       820
       821
       822
       494
       495
       496
       497
       498
       678
       711
       736
       737
       738
       493
       495
       496
       497
       498
       523
       676
       711
       712
       713
       714
       493
       494
       496
       497
       498
       712
       896
       919
       493
       494
       495
       497
       498
       626
       736
       766
       835
       836
       493
       494
       495
       496
       498
       499
       838
       919
       920
       493
       494
       495
       496
       497
       503
       764
       835
       838
       500
       501
       502
       503
       504
       505
       497
       838
       919
       920
       499
       501
       502
       503
       504
       505
         8
       865
       912
       920
       499
       500
       502
       503
       504
       505
         7
       125
       705
       860
       865
       499
       500
       501
       503
       504
       505
       448
       663
       704
       705
       706
       499
       500
       501
       502
       504
       505
       498
       764
       835
       838
       499
       500
       501
       502
       503
       505
       624
       729
       764
       765
       766
       499
       500
       501
       502
       503
       504
       665
       706
       729
       730
       731
       507
       508
       509
       510
       511
       481
       526
       648
       649
       650
       506
       508
       509
       510
       511
       649
       904
       905
       506
       507
       509
       510
       511
       693
       905
       907
       506
       507
       508
       510
       511
       469
       691
       692
       693
       694
       506
       507
       508
       509
       511
       529
       650
       682
       726
       728
       506
       507
       508
       509
       510
       684
       694
       726
       727
       513
       514
       515
       516
       517
       518
       894
       911
       512
       514
       515
       516
       517
       518
       717
       891
       894
       512
       513
       515
       516
       517
       518
       476
       715
       716
       717
       718
       512
       513
       514
       516
       517
       518
       842
       910
       911
       512
       513
       514
       515
       517
       518
       458
       561
       671
       841
       842
       843
       844
       845
       512
       513
       514
       515
       516
       518
       674
       801
       808
       843
       851
       512
       513
       514
       515
       516
       517
       583
       718
       776
       798
       801
       802
       520
       521
       522
       523
       524
       713
       867
       868
       519
       521
       522
       523
       524
       434
       770
       867
       873
       519
       520
       522
       523
       524
       436
       545
       700
       770
       771
       519
       520
       521
       523
       524
       675
       702
       771
       772
       773
       519
       520
       521
       522
       524
       494
       676
       711
       712
       713
       714
       519
       520
       521
       522
       523
       675
       676
       677
       678
       422
       479
       526
       527
       528
       529
         1
        36
       269
       423
       863
       864
       422
       479
       525
       527
       528
       529
       481
       506
       648
       649
       650
       422
       479
       525
       526
       528
       529
        38
       455
       741
       856
       864
       422
       479
       525
       526
       527
       529
       456
       681
       728
       739
       741
       422
       479
       525
       526
       527
       528
       510
       650
       682
       726
       728
       486
       531
       532
       533
       427
       484
       552
       651
       754
       814
       815
       486
       530
       532
       533
       487
       559
       668
       746
       747
       486
       530
       531
       533
       651
       652
       653
       654
       486
       530
       531
       532
       608
       652
       669
       725
       742
       747
       748
       445
       490
       535
       536
       537
       538
       447
       871
       876
       445
       490
       534
       536
       537
       538
       491
       630
       695
       696
       697
       445
       490
       534
       535
       537
       538
       631
       657
       696
       698
       699
       445
       490
       534
       535
       536
       538
       658
       876
       877
       445
       490
       534
       535
       536
       537
       465
       655
       656
       657
       658
       420
       540
       541
       542
       543
       419
       567
       749
       786
       790
       791
       420
       539
       541
       542
       543
       421
       467
       745
       898
       900
       420
       539
       540
       542
       543
       654
       724
       748
       749
       750
       751
       420
       539
       540
       541
       543
       471
       612
       723
       744
       745
       420
       539
       540
       541
       542
       611
       723
       724
       725
       432
       545
       546
       547
       548
       433
       439
       660
       878
       879
       432
       544
       546
       547
       548
       436
       521
       700
       770
       771
       432
       544
       545
       547
       548
       441
       659
       660
       661
       662
       432
       544
       545
       546
       548
       700
       701
       702
       703
       432
       544
       545
       546
       547
       636
       661
       701
       826
       839
       840
       451
       550
       551
       552
       553
        20
        30
       398
       450
       859
       862
       451
       549
       551
       552
       553
       452
       663
       664
       665
       666
       451
       549
       550
       552
       553
       577
       664
       720
       753
       815
       816
       451
       549
       550
       551
       553
       427
       484
       530
       651
       754
       814
       815
       451
       549
       550
       551
       552
        23
        81
       429
       814
       861
       862
       454
       555
       556
       557
       558
       559
       453
       667
       683
       739
       740
       454
       554
       556
       557
       558
       559
        37
       278
       457
       855
       856
       454
       554
       555
       557
       558
       559
        43
       488
       746
       854
       857
       454
       554
       555
       556
       558
       559
        44
        97
       279
       347
       854
       855
       454
       554
       555
       556
       557
       559
       667
       668
       669
       670
       454
       554
       555
       556
       557
       558
       487
       531
       668
       746
       747
       461
       561
       562
       563
       460
       707
       732
       733
       734
       735
       461
       560
       562
       563
       458
       516
       671
       841
       842
       843
       844
       845
       461
       560
       561
       563
       672
       707
       708
       709
       710
       461
       560
       561
       562
       671
       672
       673
       674
       478
       565
       566
       567
       477
       593
       716
       774
       775
       776
       478
       564
       566
       567
       418
       473
       791
       898
       899
       478
       564
       565
       567
       597
       774
       787
       789
       790
       478
       564
       565
       566
       419
       539
       749
       786
       790
       791
       569
       570
       571
       572
       599
       619
       781
       795
       846
       852
       568
       570
       571
       572
       618
       781
       782
       783
       784
       568
       569
       571
       572
       580
       607
       828
       833
       834
       568
       569
       570
       572
       582
       602
       833
       852
       853
       568
       569
       570
       571
       606
       625
       782
       804
       834
       837
       574
       575
       576
       577
       653
       750
       752
       753
       754
       573
       575
       576
       577
       751
       752
       785
       786
       787
       573
       574
       576
       577
       596
       719
       785
       788
       789
       573
       574
       575
       577
       719
       720
       721
       722
       573
       574
       575
       576
       551
       664
       720
       753
       815
       816
       579
       580
       581
       582
       586
       605
       799
       812
       827
       828
       578
       580
       581
       582
       585
       614
       780
       827
       849
       850
       578
       579
       581
       582
       570
       607
       828
       833
       834
       578
       579
       580
       582
       600
       613
       759
       831
       849
       853
       578
       579
       580
       581
       571
       602
       833
       852
       853
       584
       585
       586
       587
       518
       718
       776
       798
       801
       802
       583
       585
       586
       587
       592
       778
       802
       807
       850
       851
       583
       584
       586
       587
       579
       614
       780
       827
       849
       850
       583
       584
       585
       587
       578
       605
       799
       812
       827
       828
       583
       584
       585
       586
       594
       775
       798
       799
       800
       589
       590
       591
       592
       644
       777
       809
       810
       811
       588
       590
       591
       592
       615
       777
       778
       779
       780
       588
       589
       591
       592
       646
       710
       767
       806
       809
       588
       589
       590
       592
       673
       708
       806
       807
       808
       588
       589
       590
       591
       584
       778
       802
       807
       850
       851
       594
       595
       596
       597
       477
       564
       716
       774
       775
       776
       593
       595
       596
       597
       587
       775
       798
       799
       800
       593
       594
       596
       597
       604
       722
       788
       800
       803
       812
       813
       593
       594
       595
       597
       575
       719
       785
       788
       789
       593
       594
       595
       596
       566
       774
       787
       789
       790
       599
       600
       601
       602
       635
       760
       795
       796
       797
       598
       600
       601
       602
       568
       619
       781
       795
       846
       852
       598
       599
       601
       602
       581
       613
       759
       831
       849
       853
       598
       599
       600
       602
       759
       760
       761
       762
       763
       598
       599
       600
       601
       571
       582
       833
       852
       853
       604
       605
       606
       607
       623
       731
       765
       803
       804
       805
       603
       605
       606
       607
       595
       722
       788
       800
       803
       812
       813
       603
       604
       606
       607
       578
       586
       799
       812
       827
       828
       603
       604
       605
       607
       572
       625
       782
       804
       834
       837
       603
       604
       605
       606
       570
       580
       828
       833
       834
       609
       610
       611
       612
       533
       652
       669
       725
       742
       747
       748
       608
       610
       611
       612
       670
       680
       740
       742
       743
       608
       609
       611
       612
       472
       679
       692
       727
       743
       744
       608
       609
       610
       612
       543
       723
       724
       725
       608
       609
       610
       611
       471
       542
       723
       744
       745
       614
       615
       616
       617
       581
       600
       759
       831
       849
       853
       613
       615
       616
       617
       579
       585
       780
       827
       849
       850
       613
       614
       616
       617
       589
       777
       778
       779
       780
       613
       614
       615
       617
       639
       779
       811
       817
       819
       613
       614
       615
       616
       638
       761
       819
       829
       831
       619
       620
       621
       622
       569
       781
       782
       783
       784
       618
       620
       621
       622
       568
       599
       781
       795
       846
       852
       618
       619
       621
       622
       703
       773
       823
       825
       826
       618
       619
       620
       622
       677
       737
       772
       783
       823
       824
       618
       619
       620
       621
       637
       797
       825
       839
       846
       624
       625
       626
       627
       603
       731
       765
       803
       804
       805
       623
       625
       626
       627
       504
       729
       764
       765
       766
       623
       624
       626
       627
       572
       606
       782
       804
       834
       837
       623
       624
       625
       627
       496
       736
       766
       835
       836
       623
       624
       625
       626
       738
       784
       824
       836
       837
       629
       630
       631
       632
       641
       755
       792
       793
       794
       628
       630
       631
       632
       645
       697
       768
       792
       818
       821
       628
       629
       631
       632
       491
       535
       695
       696
       697
       628
       629
       630
       632
       536
       657
       696
       698
       699
       628
       629
       630
       631
       688
       698
       755
       756
       757
       634
       635
       636
       637
       689
       763
       796
       830
       832
       633
       635
       636
       637
       662
       685
       832
       840
       848
       633
       634
       636
       637
       598
       760
       795
       796
       797
       633
       634
       635
       637
       548
       661
       701
       826
       839
       840
       633
       634
       635
       636
       622
       797
       825
       839
       846
       639
       640
       641
       642
       617
       761
       819
       829
       831
       638
       640
       641
       642
       616
       779
       811
       817
       819
       638
       639
       641
       642
       687
       756
       762
       793
       829
       830
       638
       639
       640
       642
       628
       755
       792
       793
       794
       638
       639
       640
       641
       643
       794
       810
       817
       818
       644
       645
       646
       647
       642
       794
       810
       817
       818
       643
       645
       646
       647
       588
       777
       809
       810
       811
       643
       644
       646
       647
       629
       697
       768
       792
       818
       821
       643
       644
       645
       647
       590
       710
       767
       806
       809
       643
       644
       645
       646
       709
       733
       767
       768
       769
       481
       506
       526
       649
       650
       482
       903
       904
       481
       506
       526
       648
       650
       507
       904
       905
       481
       506
       526
       648
       649
       510
       529
       682
       726
       728
       532
       652
       653
       654
       427
       484
       530
       552
       754
       814
       815
       532
       651
       653
       654
       533
       608
       669
       725
       742
       747
       748
       532
       651
       652
       654
       573
       750
       752
       753
       754
       532
       651
       652
       653
       541
       724
       748
       749
       750
       751
       465
       538
       656
       657
       658
       464
       877
       880
       465
       538
       655
       657
       658
       466
       690
       699
       757
       758
       465
       538
       655
       656
       658
       536
       631
       696
       698
       699
       465
       538
       655
       656
       657
       537
       876
       877
       441
       546
       660
       661
       662
       440
       463
       686
       758
       847
       848
       441
       546
       659
       661
       662
       433
       439
       544
       878
       879
       441
       546
       659
       660
       662
       548
       636
       701
       826
       839
       840
       441
       546
       659
       660
       661
       634
       685
       832
       840
       848
       452
       550
       664
       665
       666
       448
       502
       704
       705
       706
       452
       550
       663
       665
       666
       551
       577
       720
       753
       815
       816
       452
       550
       663
       664
       666
       505
       706
       729
       730
       731
       452
       550
       663
       664
       665
       721
       730
       805
       813
       816
       558
       668
       669
       670
       453
       554
       683
       739
       740
       558
       667
       669
       670
       487
       531
       559
       746
       747
       558
       667
       668
       670
       533
       608
       652
       725
       742
       747
       748
       558
       667
       668
       669
       609
       680
       740
       742
       743
       563
       672
       673
       674
       458
       516
       561
       841
       842
       843
       844
       845
       563
       671
       673
       674
       562
       707
       708
       709
       710
       563
       671
       672
       674
       591
       708
       806
       807
       808
       563
       671
       672
       673
       517
       801
       808
       843
       851
       524
       676
       677
       678
       522
       702
       771
       772
       773
       524
       675
       677
       678
       494
       523
       711
       712
       713
       714
       524
       675
       676
       678
       621
       737
       772
       783
       823
       824
       524
       675
       676
       677
       493
       711
       736
       737
       738
       680
       681
       682
       683
       684
       472
       610
       692
       727
       743
       744
       679
       681
       682
       683
       684
       609
       670
       740
       742
       743
       679
       680
       682
       683
       684
       456
       528
       728
       739
       741
       679
       680
       681
       683
       684
       510
       529
       650
       726
       728
       679
       680
       681
       682
       684
       453
       554
       667
       739
       740
       679
       680
       681
       682
       683
       511
       694
       726
       727
       686
       687
       688
       689
       690
       634
       662
       832
       840
       848
       685
       687
       688
       689
       690
       440
       463
       659
       758
       847
       848
       685
       686
       688
       689
       690
       640
       756
       762
       793
       829
       830
       685
       686
       687
       689
       690
       632
       698
       755
       756
       757
       685
       686
       687
       688
       690
       633
       763
       796
       830
       832
       685
       686
       687
       688
       689
       466
       656
       699
       757
       758
       469
       509
       692
       693
       694
       470
       906
       907
       469
       509
       691
       693
       694
       472
       610
       679
       727
       743
       744
       469
       509
       691
       692
       694
       508
       905
       907
       469
       509
       691
       692
       693
       511
       684
       726
       727
       491
       535
       630
       696
       697
       492
       734
       769
       820
       821
       822
       491
       535
       630
       695
       697
       536
       631
       657
       698
       699
       491
       535
       630
       695
       696
       629
       645
       768
       792
       818
       821
       536
       631
       657
       696
       699
       632
       688
       755
       756
       757
       536
       631
       657
       696
       698
       466
       656
       690
       757
       758
       547
       701
       702
       703
       436
       521
       545
       770
       771
       547
       700
       702
       703
       548
       636
       661
       826
       839
       840
       547
       700
       701
       703
       522
       675
       771
       772
       773
       547
       700
       701
       702
       620
       773
       823
       825
       826
       448
       502
       663
       705
       706
        31
       127
       449
       859
       860
       448
       502
       663
       704
       706
         7
       125
       501
       860
       865
       448
       502
       663
       704
       705
       505
       665
       729
       730
       731
       562
       672
       708
       709
       710
       460
       560
       732
       733
       734
       735
       562
       672
       707
       709
       710
       591
       673
       806
       807
       808
       562
       672
       707
       708
       710
       647
       733
       767
       768
       769
       562
       672
       707
       708
       709
       590
       646
       767
       806
       809
       494
       523
       676
       712
       713
       714
       493
       678
       736
       737
       738
       494
       523
       676
       711
       713
       714
       495
       896
       919
       494
       523
       676
       711
       712
       714
       519
       867
       868
       494
       523
       676
       711
       712
       713
       868
       896
       476
       514
       716
       717
       718
       475
       891
       895
       476
       514
       715
       717
       718
       477
       564
       593
       774
       775
       776
       476
       514
       715
       716
       718
       513
       891
       894
       476
       514
       715
       716
       717
       518
       583
       776
       798
       801
       802
       576
       720
       721
       722
       575
       596
       785
       788
       789
       576
       719
       721
       722
       551
       577
       664
       753
       815
       816
       576
       719
       720
       722
       666
       730
       805
       813
       816
       576
       719
       720
       721
       595
       604
       788
       800
       803
       812
       813
       543
       611
       724
       725
       471
       542
       612
       744
       745
       543
       611
       723
       725
       541
       654
       748
       749
       750
       751
       543
       611
       723
       724
       533
       608
       652
       669
       742
       747
       748
       511
       684
       694
       727
       510
       529
       650
       682
       728
       511
       684
       694
       726
       472
       610
       679
       692
       743
       744
       510
       529
       650
       682
       726
       456
       528
       681
       739
       741
       505
       665
       706
       730
       731
       504
       624
       764
       765
       766
       505
       665
       706
       729
       731
       666
       721
       805
       813
       816
       505
       665
       706
       729
       730
       603
       623
       765
       803
       804
       805
       460
       560
       707
       733
       734
       735
       459
       841
       869
       892
       460
       560
       707
       732
       734
       735
       647
       709
       767
       768
       769
       460
       560
       707
       732
       733
       735
       492
       695
       769
       820
       821
       822
       460
       560
       707
       732
       733
       734
       822
       869
       872
       493
       678
       711
       737
       738
       496
       626
       766
       835
       836
       493
       678
       711
       736
       738
       621
       677
       772
       783
       823
       824
       493
       678
       711
       736
       737
       627
       784
       824
       836
       837
       453
       554
       667
       683
       740
       456
       528
       681
       728
       741
       453
       554
       667
       683
       739
       609
       670
       680
       742
       743
       456
       528
       681
       728
       739
        38
       455
       527
       856
       864
       609
       670
       680
       740
       743
       533
       608
       652
       669
       725
       747
       748
       609
       670
       680
       740
       742
       472
       610
       679
       692
       727
       744
       472
       610
       679
       692
       727
       743
       471
       542
       612
       723
       745
       471
       542
       612
       723
       744
       421
       467
       540
       898
       900
       487
       531
       559
       668
       747
        43
       488
       556
       854
       857
       487
       531
       559
       668
       746
       533
       608
       652
       669
       725
       742
       748
       533
       608
       652
       669
       725
       742
       747
       541
       654
       724
       749
       750
       751
       541
       654
       724
       748
       750
       751
       419
       539
       567
       786
       790
       791
       541
       654
       724
       748
       749
       751
       573
       653
       752
       753
       754
       541
       654
       724
       748
       749
       750
       574
       752
       785
       786
       787
       573
       653
       750
       753
       754
       574
       751
       785
       786
       787
       573
       653
       750
       752
       754
       551
       577
       664
       720
       815
       816
       573
       653
       750
       752
       753
       427
       484
       530
       552
       651
       814
       815
       632
       688
       698
       756
       757
       628
       641
       792
       793
       794
       632
       688
       698
       755
       757
       640
       687
       762
       793
       829
       830
       632
       688
       698
       755
       756
       466
       656
       690
       699
       758
       466
       656
       690
       699
       757
       440
       463
       659
       686
       847
       848
       601
       760
       761
       762
       763
       581
       600
       613
       831
       849
       853
       601
       759
       761
       762
       763
       598
       635
       795
       796
       797
       601
       759
       760
       762
       763
       617
       638
       819
       829
       831
       601
       759
       760
       761
       763
       640
       687
       756
       793
       829
       830
       601
       759
       760
       761
       762
       633
       689
       796
       830
       832
       504
       624
       729
       765
       766
       498
       503
       835
       838
       504
       624
       729
       764
       766
       603
       623
       731
       803
       804
       805
       504
       624
       729
       764
       765
       496
       626
       736
       835
       836
       647
       709
       733
       768
       769
       590
       646
       710
       806
       809
       647
       709
       733
       767
       769
       629
       645
       697
       792
       818
       821
       647
       709
       733
       767
       768
       492
       695
       734
       820
       821
       822
       436
       521
       545
       700
       771
       434
       520
       867
       873
       436
       521
       545
       700
       770
       522
       675
       702
       772
       773
       522
       675
       702
       771
       773
       621
       677
       737
       783
       823
       824
       522
       675
       702
       771
       772
       620
       703
       823
       825
       826
       477
       564
       593
       716
       775
       776
       566
       597
       787
       789
       790
       477
       564
       593
       716
       774
       776
       587
       594
       798
       799
       800
       477
       564
       593
       716
       774
       775
       518
       583
       718
       798
       801
       802
       589
       615
       778
       779
       780
       588
       644
       809
       810
       811
       589
       615
       777
       779
       780
       584
       592
       802
       807
       850
       851
       589
       615
       777
       778
       780
       616
       639
       811
       817
       819
       589
       615
       777
       778
       779
       579
       585
       614
       827
       849
       850
       569
       618
       782
       783
       784
       568
       599
       619
       795
       846
       852
       569
       618
       781
       783
       784
       572
       606
       625
       804
       834
       837
       569
       618
       781
       782
       784
       621
       677
       737
       772
       823
       824
       569
       618
       781
       782
       783
       627
       738
       824
       836
       837
       574
       751
       752
       786
       787
       575
       596
       719
       788
       789
       574
       751
       752
       785
       787
       419
       539
       567
       749
       790
       791
       574
       751
       752
       785
       786
       566
       597
       774
       789
       790
       575
       596
       719
       785
       789
       595
       604
       722
       800
       803
       812
       813
       575
       596
       719
       785
       788
       566
       597
       774
       787
       790
       566
       597
       774
       787
       789
       419
       539
       567
       749
       786
       791
       419
       539
       567
       749
       786
       790
       418
       473
       565
       898
       899
       628
       641
       755
       793
       794
       629
       645
       697
       768
       818
       821
       628
       641
       755
       792
       794
       640
       687
       756
       762
       829
       830
       628
       641
       755
       792
       793
       642
       643
       810
       817
       818
       598
       635
       760
       796
       797
       568
       599
       619
       781
       846
       852
       598
       635
       760
       795
       797
       633
       689
       763
       830
       832
       598
       635
       760
       795
       796
       622
       637
       825
       839
       846
       587
       594
       775
       799
       800
       518
       583
       718
       776
       801
       802
       587
       594
       775
       798
       800
       578
       586
       605
       812
       827
       828
       587
       594
       775
       798
       799
       595
       604
       722
       788
       803
       812
       813
       518
       583
       718
       776
       798
       802
       517
       674
       808
       843
       851
       518
       583
       718
       776
       798
       801
       584
       592
       778
       807
       850
       851
       603
       623
       731
       765
       804
       805
       595
       604
       722
       788
       800
       812
       813
       603
       623
       731
       765
       803
       805
       572
       606
       625
       782
       834
       837
       603
       623
       731
       765
       803
       804
       666
       721
       730
       813
       816
       591
       673
       708
       807
       808
       590
       646
       710
       767
       809
       591
       673
       708
       806
       808
       584
       592
       778
       802
       850
       851
       591
       673
       708
       806
       807
       517
       674
       801
       843
       851
       590
       646
       710
       767
       806
       588
       644
       777
       810
       811
       588
       644
       777
       809
       811
       642
       643
       794
       817
       818
       588
       644
       777
       809
       810
       616
       639
       779
       817
       819
       595
       604
       722
       788
       800
       803
       813
       578
       586
       605
       799
       827
       828
       595
       604
       722
       788
       800
       803
       812
       666
       721
       730
       805
       816
       427
       484
       530
       552
       651
       754
       815
        23
        81
       429
       553
       861
       862
       427
       484
       530
       552
       651
       754
       814
       551
       577
       664
       720
       753
       816
       666
       721
       730
       805
       813
       551
       577
       664
       720
       753
       815
       642
       643
       794
       810
       818
       616
       639
       779
       811
       819
       642
       643
       794
       810
       817
       629
       645
       697
       768
       792
       821
       616
       639
       779
       811
       817
       617
       638
       761
       829
       831
       492
       695
       734
       769
       821
       822
       442
       489
       872
       875
       492
       695
       734
       769
       820
       822
       629
       645
       697
       768
       792
       818
       492
       695
       734
       769
       820
       821
       735
       869
       872
       621
       677
       737
       772
       783
       824
       620
       703
       773
       825
       826
       621
       677
       737
       772
       783
       823
       627
       738
       784
       836
       837
       620
       703
       773
       823
       826
       622
       637
       797
       839
       846
       620
       703
       773
       823
       825
       548
       636
       661
       701
       839
       840
       578
       586
       605
       799
       812
       828
       579
       585
       614
       780
       849
       850
       578
       586
       605
       799
       812
       827
       570
       580
       607
       833
       834
       640
       687
       756
       762
       793
       830
       617
       638
       761
       819
       831
       640
       687
       756
       762
       793
       829
       633
       689
       763
       796
       832
       617
       638
       761
       819
       829
       581
       600
       613
       759
       849
       853
       633
       689
       763
       796
       830
       634
       662
       685
       840
       848
       570
       580
       607
       828
       834
       571
       582
       602
       852
       853
       570
       580
       607
       828
       833
       572
       606
       625
       782
       804
       837
       496
       626
       736
       766
       836
       498
       503
       764
       838
       496
       626
       736
       766
       835
       627
       738
       784
       824
       837
       627
       738
       784
       824
       836
       572
       606
       625
       782
       804
       834
       498
       503
       764
       835
       497
       499
       919
       920
       548
       636
       661
       701
       826
       840
       622
       637
       797
       825
       846
       548
       636
       661
       701
       826
       839
       634
       662
       685
       832
       848
       458
       516
       561
       671
       842
       843
       844
       845
       459
       732
       869
       892
       458
       516
       561
       671
       841
       843
       844
       845
       515
       910
       911
       458
       516
       561
       671
       841
       842
       844
       845
       517
       674
       801
       808
       851
       458
       516
       561
       671
       841
       842
       843
       845
       892
       909
       458
       516
       561
       671
       841
       842
       843
       844
       909
       910
       622
       637
       797
       825
       839
       568
       599
       619
       781
       795
       852
       440
       463
       659
       686
       758
       848
       438
       462
       879
       880
       440
       463
       659
       686
       758
       847
       634
       662
       685
       832
       840
       579
       585
       614
       780
       827
       850
       581
       600
       613
       759
       831
       853
       579
       585
       614
       780
       827
       849
       584
       592
       778
       802
       807
       851
       584
       592
       778
       802
       807
       850
       517
       674
       801
       808
       843
       571
       582
       602
       833
       853
       568
       599
       619
       781
       795
       846
       571
       582
       602
       833
       852
       581
       600
       613
       759
       831
       849
        44
        97
       279
       347
       557
       855
        43
       488
       556
       746
       857
        44
        97
       279
       347
       557
       854
        37
       278
       457
       555
       856
        37
       278
       457
       555
       855
        38
       455
       527
       741
       864
        42
       136
       431
       485
       858
        43
       488
       556
       746
       854
        42
       136
       431
       485
       857
        83
       140
       417
       430
       861
        31
       127
       449
       704
       860
        20
        30
       398
       450
       549
       862
        31
       127
       449
       704
       859
         7
       125
       501
       705
       865
        83
       140
       417
       430
       858
        23
        81
       429
       553
       814
       862
        23
        81
       429
       553
       814
       861
        20
        30
       398
       450
       549
       859
         1
        36
       269
       423
       525
       864
         3
       424
       901
       908
         1
        36
       269
       423
       525
       863
        38
       455
       527
       741
       856
         7
       125
       501
       705
       860
         8
       500
       912
       920
        61
       274
       276
       882
       519
       713
       868
       434
       520
       770
       873
       519
       713
       867
       714
       896
       459
       732
       841
       892
       735
       822
       872
       446
       871
       444
       875
       446
       870
       447
       534
       876
       735
       822
       869
       442
       489
       820
       875
       434
       520
       770
       867
       435
       874
       435
       873
       437
       878
       444
       870
       442
       489
       820
       872
       537
       658
       877
       447
       534
       871
       537
       658
       876
       464
       655
       880
       437
       874
       433
       439
       544
       660
       879
       433
       439
       544
       660
       878
       438
       462
       847
       880
       438
       462
       847
       879
       464
       655
       877
        15
        76
       275
       882
        16
       890
        15
        76
       275
       881
       276
       866
       207
       338
       412
       884
        90
       337
       889
       207
       338
       412
       883
        17
       129
       394
       413
       890
        51
       886
        52
        88
       889
        51
       885
        53
       888
        12
        48
       122
       888
        11
       893
        12
        48
       122
       887
        53
       886
        90
       337
       883
        52
        88
       885
        17
       129
       394
       413
       884
        16
       881
       513
       717
       894
       475
       715
       895
       459
       732
       841
       869
       844
       909
        11
       887
        10
        67
       914
       513
       717
       891
       512
       911
       475
       715
       891
       474
       899
       714
       868
       495
       712
       919
        25
        84
         4
        26
       270
       908
       418
       473
       565
       791
       899
       421
       467
       540
       745
       900
       418
       473
       565
       791
       898
       474
       895
       421
       467
       540
       745
       898
       468
       906
       426
       480
       902
         3
       424
       863
       908
       426
       480
       901
       483
       903
       482
       648
       904
       483
       902
       482
       648
       903
       507
       649
       905
       507
       649
       904
       508
       693
       907
       468
       900
       470
       691
       907
       470
       691
       906
       508
       693
       905
         3
       424
       863
       901
         4
        26
       270
       897
       845
       910
       844
       892
       845
       909
       515
       842
       911
       512
       894
       515
       842
       910
         9
        72
       913
         8
       500
       865
       920
         9
        72
       912
        73
       110
       374
       916
        10
        67
       893
        68
       915
        68
       914
        55
        70
       226
       917
        73
       110
       374
       913
       113
       292
       918
        55
        70
       226
       915
        56
       290
       918
       113
       292
       916
        56
       290
       917
       497
       499
       838
       920
       495
       712
       896
       497
       499
       838
       919
         8
       500
       865
       912
