         1
         6
        11
        16
        21
        26
        31
        36
        41
        46
        51
        56
        61
        66
        71
        76
        81
        86
        91
        96
       101
       106
       111
       116
       121
       126
       131
       136
       141
       146
       151
       156
       161
       166
       171
       176
       181
       186
       191
       196
       201
       206
       211
       216
       221
       226
       231
       236
       241
       246
       251
       256
       261
       266
       271
       276
       281
       286
       291
       296
       301
       304
       307
       312
       315
       318
       323
       328
       333
       338
       343
       348
       353
       358
       363
       368
       373
       378
       383
       388
       393
       398
       403
       408
       411
       416
       419
       424
       429
       434
       439
       444
       449
       454
       459
       464
       469
       474
       479
       484
       489
       494
       499
       504
       509
       514
       519
       524
       529
       534
       539
       544
       549
       554
       557
       562
       565
       570
       573
       578
       581
       586
       591
       596
       601
       606
       611
       616
       621
       626
       631
       636
       641
       646
       651
       654
       659
       664
       669
       674
       679
       684
       689
       694
       699
       704
       707
       712
       717
       722
       727
       732
       737
       742
       747
       752
       757
       762
       767
       772
       777
       782
       787
       792
       797
       802
       807
       812
       817
       822
       827
       832
       837
       842
       847
       852
       857
       862
       867
       872
       877
       882
       887
       892
       897
       902
       907
       912
       917
       922
       927
       932
       937
       942
       947
       952
       957
       962
       967
       972
       977
       982
       987
       992
       997
      1002
      1007
      1012
      1017
      1022
      1027
      1032
      1037
      1042
      1047
      1052
      1057
      1062
      1067
      1072
      1077
      1082
      1087
      1092
      1097
      1102
      1107
      1112
      1117
      1122
      1127
      1132
      1137
      1142
      1147
      1152
      1157
      1162
      1167
      1172
      1177
      1182
      1187
      1192
      1197
      1202
      1207
      1212
      1217
      1222
      1227
      1232
      1237
      1242
      1247
      1252
      1257
      1262
      1267
      1272
      1277
      1282
      1287
      1292
      1297
      1302
      1307
      1312
      1317
      1322
      1327
      1332
      1337
      1342
      1347
      1352
      1357
      1362
      1367
      1372
      1377
      1382
      1387
      1392
      1397
      1402
      1407
      1412
      1417
      1422
      1427
      1432
      1437
      1442
      1447
      1452
      1457
      1462
      1467
      1472
      1477
      1482
      1487
      1492
      1497
      1502
      1507
      1512
      1517
      1522
      1527
      1532
      1537
      1542
      1547
      1552
      1557
      1562
      1567
      1572
      1577
      1582
      1587
      1592
      1597
      1602
      1607
      1612
      1617
      1622
      1627
      1632
      1637
      1642
      1647
      1652
      1657
      1662
      1667
      1672
      1677
      1682
      1687
      1692
      1697
      1702
      1707
      1712
      1717
      1722
      1727
      1732
      1737
      1742
      1747
      1752
      1757
      1762
      1767
      1772
      1777
      1782
      1787
      1792
      1797
      1802
      1807
      1812
      1817
      1822
      1827
      1832
      1837
      1842
      1847
      1852
      1857
      1862
      1867
      1872
      1877
      1882
      1887
      1892
      1897
      1902
      1907
      1912
      1917
      1922
      1927
      1932
      1937
      1942
      1947
      1952
      1957
      1962
      1967
      1972
      1977
      1982
      1987
      1992
      1997
      2002
      2007
      2012
      2017
      2022
      2027
      2032
      2037
      2042
      2047
      2052
      2057
      2062
      2067
      2072
      2077
      2082
      2087
      2092
      2097
      2102
      2107
      2112
      2117
      2122
      2127
      2132
      2137
      2142
      2147
      2152
      2157
      2162
      2167
      2172
      2177
      2182
      2187
      2192
      2197
      2202
      2207
      2212
      2217
      2222
      2227
      2232
      2237
      2242
      2247
      2252
      2257
      2262
      2267
      2272
      2277
      2282
      2287
      2292
      2297
      2302
      2307
      2312
      2317
      2322
      2327
      2332
      2337
      2342
      2347
      2352
      2357
      2362
      2367
      2372
      2377
      2382
      2387
      2392
      2397
      2402
      2407
      2412
      2417
      2422
      2427
      2432
      2437
      2442
      2447
      2452
      2457
      2462
      2467
      2472
      2477
      2482
      2487
      2492
      2497
      2502
      2507
      2512
      2517
      2522
      2527
      2532
      2537
      2542
      2547
      2552
      2557
      2562
      2567
      2572
      2577
      2582
      2587
      2592
      2597
      2602
      2607
      2612
      2617
      2622
      2627
      2632
      2637
      2642
      2647
      2652
      2657
      2662
      2667
      2672
      2677
      2682
      2687
      2692
      2697
      2702
      2707
      2712
      2717
      2722
      2727
      2732
      2737
      2742
      2747
      2752
      2757
      2762
      2767
      2772
      2777
      2782
      2787
      2792
      2797
      2802
      2807
      2812
      2817
      2822
      2827
      2832
      2837
      2842
      2847
      2852
      2857
      2862
      2867
      2872
      2877
      2882
      2887
      2892
      2897
      2902
      2907
      2912
      2917
      2922
      2927
      2932
      2937
      2942
      2947
      2952
      2957
      2962
      2967
      2972
      2977
      2982
      2987
      2992
      2997
      3002
      3007
      3012
      3017
      3022
      3027
      3032
      3037
      3042
      3047
      3052
      3057
      3062
      3067
      3072
      3077
      3082
      3087
      3092
      3097
      3102
      3107
      3112
      3117
      3122
      3127
      3132
      3137
      3142
      3147
      3152
      3157
      3162
      3167
      3172
      3177
      3182
      3187
      3192
      3197
      3202
      3207
      3212
      3217
      3222
      3227
      3232
      3237
      3242
      3247
      3252
      3257
      3262
      3267
      3272
      3277
      3282
      3287
      3292
      3297
      3302
      3307
      3312
      3317
      3322
      3327
      3332
      3337
      3342
      3347
      3352
      3357
      3362
      3367
      3372
      3377
      3382
      3387
      3392
      3397
      3402
      3407
      3412
      3417
      3422
      3427
      3432
      3437
      3442
      3447
      3452
      3457
      3462
      3467
      3472
      3477
      3482
      3487
      3492
      3497
      3502
      3507
      3512
      3517
      3522
      3527
      3532
      3537
      3542
      3547
      3552
      3557
      3562
      3567
      3572
      3577
      3582
      3587
      3592
      3597
      3602
      3607
      3612
      3617
      3622
      3627
      3632
      3637
      3642
      3647
      3652
      3657
      3662
      3667
      3672
      3677
      3682
      3687
      3692
      3697
      3702
      3707
      3712
      3717
      3722
      3727
      3732
      3737
      3742
      3747
      3752
      3757
      3762
      3767
      3772
      3777
      3782
      3787
      3792
      3797
      3802
      3807
      3812
      3817
      3822
      3827
      3832
      3837
      3842
      3847
      3852
      3857
      3862
      3867
      3872
      3877
      3882
      3887
      3892
      3897
      3902
      3907
      3912
      3917
      3922
      3927
      3932
      3937
      3942
      3947
      3952
      3957
      3962
      3967
      3972
      3977
      3982
      3987
      3992
      3997
      4002
      4007
      4012
      4017
      4022
      4027
      4032
      4037
      4042
      4047
      4052
      4057
      4062
      4067
      4072
      4077
      4082
      4087
      4092
      4097
      4102
      4107
      4112
      4117
      4122
      4127
      4132
      4137
      4142
      4147
      4152
      4157
      4162
      4167
      4172
      4177
      4182
      4187
      4192
      4197
      4202
      4207
      4212
      4217
      4222
      4227
      4232
      4237
      4242
      4247
      4252
      4257
      4262
      4267
      4272
      4277
      4282
      4287
      4292
      4297
      4302
      4305
      4308
      4311
      4314
      4317
      4320
      4323
      4326
      4329
      4332
      4335
      4338
      4341
      4344
      4347
      4350
      4353
      4356
      4359
      4362
      4365
      4368
      4371
      4374
      4377
      4380
      4383
      4386
      4389
      4392
      4395
      4398
      4401
      4404
      4407
      4410
      4413
      4416
      4419
      4422
      4425
      4428
      4431
      4434
      4437
      4440
      4443
      4446
      4449
      4452
      4455
      4458
      4461
      4464
      4467
