         1
        10
        19
        26
        33
        42
        52
        61
        69
        76
        83
        89
        97
       106
       115
       123
       129
       138
       147
       155
       165
       174
       185
       195
       203
       209
       217
       224
       234
       243
       253
       262
       271
       281
       291
       302
       313
       323
       333
       343
       353
       363
       373
       383
       394
       405
       415
       426
       436
       449
       459
       467
       476
       484
       494
       502
       509
       518
       526
       535
       543
       548
       554
       561
       568
       575
       585
       593
       600
       611
       620
       631
       639
       648
       657
       668
       676
       685
       694
       704
       715
       725
       734
       743
       748
       756
       762
       773
       780
       789
       796
       805
       814
       823
       831
       842
       851
       861
       870
       878
       887
       896
       904
       913
       922
       931
       940
       948
       959
       969
       978
       987
       997
      1005
      1013
      1020
      1026
      1034
      1040
      1049
      1055
      1062
      1071
      1083
      1094
      1105
      1117
      1128
      1140
      1150
      1160
      1170
      1180
      1188
      1197
      1203
      1213
      1224
      1235
      1245
      1255
      1264
      1274
      1283
      1292
      1300
      1308
      1315
      1324
      1333
      1343
      1352
      1361
      1370
      1379
      1388
      1398
      1407
      1417
      1426
      1435
      1444
      1453
      1462
      1471
      1482
      1490
      1500
      1511
      1520
      1530
      1538
      1547
      1557
      1567
      1577
      1586
      1595
      1605
      1614
      1625
      1634
      1643
      1652
      1661
      1670
      1680
      1689
      1699
      1708
      1717
      1726
      1735
      1744
      1754
      1763
      1772
      1781
      1791
      1802
      1811
      1820
      1828
      1840
      1849
      1858
      1869
      1878
      1888
      1898
      1908
      1918
      1927
      1936
      1945
      1956
      1964
      1974
      1985
      1996
      2007
      2017
      2028
      2038
      2048
      2059
      2069
      2082
      2093
      2102
      2111
      2120
      2130
      2141
      2150
      2159
      2169
      2178
      2187
      2196
      2206
      2213
      2223
      2234
      2244
      2255
      2266
      2276
      2286
      2296
      2306
      2315
      2327
      2337
      2348
      2357
      2367
      2377
      2388
      2398
      2408
      2419
      2429
      2440
      2450
      2460
      2471
      2481
      2492
      2504
      2514
      2525
      2536
      2547
      2555
      2565
      2573
      2583
      2593
      2604
      2615
      2624
      2637
      2649
      2660
      2673
      2683
      2694
      2705
      2715
      2723
      2733
      2741
      2749
      2760
      2771
      2781
      2791
      2803
      2815
      2827
      2838
      2850
      2861
      2872
      2882
      2893
      2902
      2911
      2921
      2932
      2942
      2952
      2962
      2972
      2982
      2992
      3002
      3012
      3022
      3033
      3043
      3053
      3064
      3073
      3084
      3096
      3107
      3118
      3128
      3139
      3148
      3159
      3170
      3181
      3191
      3203
      3211
      3220
      3232
      3243
      3256
      3267
      3279
      3291
      3303
      3314
      3325
      3334
      3343
      3355
      3367
      3379
      3389
      3399
      3410
      3421
      3432
      3441
      3451
      3462
      3472
      3481
      3492
      3503
      3513
      3523
      3533
      3544
      3555
      3566
      3577
      3587
      3597
      3605
      3616
      3626
      3638
      3649
      3660
      3671
      3683
      3694
      3706
      3717
      3727
      3739
      3749
      3760
      3770
      3781
      3792
      3802
      3813
      3823
      3834
      3845
      3856
      3867
      3878
      3889
      3900
      3911
      3921
      3932
      3943
      3954
      3964
      3974
      3984
      3994
      4005
      4015
      4026
      4037
      4048
      4058
      4068
      4076
      4085
      4093
      4101
      4111
      4121
      4129
      4138
      4145
      4156
      4165
      4175
      4184
      4193
      4203
      4213
      4222
      4229
      4239
      4246
      4253
      4261
      4270
      4278
      4287
      4296
      4303
      4314
      4321
      4329
      4338
      4347
      4357
      4366
      4375
      4384
      4394
      4403
      4412
      4421
      4432
      4439
      4448
      4455
      4463
      4473
      4480
      4489
      4498
      4508
      4515
      4525
      4533
      4543
      4554
      4564
      4571
      4579
      4589
      4600
      4609
      4620
      4628
      4638
      4646
      4653
      4665
      4675
      4684
      4694
      4704
      4712
      4722
      4731
      4741
      4751
      4762
      4770
      4780
      4789
      4798
      4808
      4818
      4829
      4840
      4850
      4861
      4872
      4882
      4890
      4898
      4908
      4918
      4927
      4935
      4944
      4955
      4964
      4978
      4989
      5001
      5009
      5018
      5028
      5038
      5049
      5058
      5070
      5081
      5092
      5103
      5114
      5125
      5134
      5142
      5153
      5162
      5173
      5184
      5193
      5204
      5215
      5225
      5236
      5246
      5255
      5265
      5275
      5285
      5294
      5305
      5316
      5326
      5337
      5349
      5360
      5371
      5382
      5393
      5405
      5415
      5426
      5436
      5448
      5457
      5465
      5475
      5484
      5493
      5503
      5513
      5522
      5531
      5540
      5550
      5559
      5568
      5577
      5585
      5595
      5605
      5615
      5624
      5634
      5643
      5653
      5663
      5673
      5683
      5692
      5701
      5710
      5719
      5728
      5738
      5748
      5757
      5768
      5777
      5786
      5795
      5805
      5815
      5824
      5833
      5843
      5854
      5864
      5874
      5883
      5894
      5903
      5913
      5921
      5930
      5940
      5950
      5959
      5968
      5977
      5986
      5996
      6005
      6015
      6024
      6034
      6043
      6053
      6062
      6071
      6080
      6090
      6099
      6108
      6117
      6126
      6135
      6144
      6154
      6163
      6172
      6181
      6191
      6200
      6209
      6218
      6227
      6237
      6246
      6255
      6263
      6271
      6281
      6292
      6303
      6312
      6322
      6330
      6340
      6350
      6358
      6369
      6379
      6390
      6400
      6410
      6421
      6431
      6441
      6450
      6459
      6470
      6479
      6491
      6500
      6509
      6518
      6527
      6537
      6547
      6556
      6567
      6577
      6587
      6597
      6607
      6616
      6626
      6637
      6648
      6658
      6668
      6678
      6686
      6697
      6705
      6714
      6725
      6735
      6746
      6756
      6766
      6775
      6785
      6794
      6803
      6813
      6823
      6833
      6844
      6854
      6864
      6874
      6885
      6894
      6903
      6911
      6919
      6930
      6938
      6949
      6958
      6968
      6977
      6988
      6997
      7007
      7018
      7027
      7037
      7047
      7057
      7067
      7078
      7088
      7099
      7111
      7120
      7130
      7141
      7151
      7161
      7171
      7181
      7193
      7204
      7215
      7225
      7235
      7247
      7260
      7272
      7283
      7294
      7304
      7315
      7327
      7337
      7348
      7358
      7369
      7380
      7390
      7400
      7411
      7421
      7430
      7441
      7451
      7461
      7472
      7483
      7492
      7502
      7513
      7523
      7534
      7545
      7557
      7567
      7578
      7588
      7599
      7610
      7621
      7632
      7642
      7652
      7663
      7673
      7685
      7695
      7706
      7717
      7728
      7739
      7749
      7760
      7770
      7780
      7791
      7802
      7814
      7825
      7837
      7850
      7862
      7873
      7883
      7894
      7904
      7914
      7924
      7934
      7947
      7959
      7972
      7985
      7996
      8006
      8017
      8027
      8037
      8049
      8058
      8069
      8080
      8090
      8101
      8113
      8124
      8135
      8146
      8157
      8167
      8177
      8188
      8197
      8207
      8218
      8226
      8237
      8248
      8260
      8271
      8284
      8294
      8304
      8315
      8325
      8336
      8348
      8360
      8371
      8382
      8393
      8404
      8415
      8425
      8435
      8445
      8456
      8466
      8477
      8489
      8499
      8510
      8519
      8523
      8530
      8535
      8542
      8546
      8551
      8558
      8564
      8568
      8574
      8580
      8586
      8593
      8602
      8609
      8615
      8621
      8628
      8637
      8642
      8646
      8652
      8658
      8664
      8671
      8677
      8683
      8688
      8693
      8698
      8703
      8709
      8719
      8726
      8733
      8740
      8745
      8750
      8756
      8762
      8767
      8773
      8781
      8785
      8790
      8795
      8802
      8809
      8814
      8820
      8827
      8834
      8840
      8847
      8855
