 0.19800698E-06
 0.10007289E-06
-0.99999875E-07
-0.14172008E-06
 0.14246089E-06
 0.10007289E-06
 0.21146921E-06
-0.10000815E-06
-0.14681658E-06
-0.14798487E-06
-0.99999875E-07
 0.20135234E-06
 0.10013349E-06
-0.14048401E-06
-0.13971240E-06
-0.10000815E-06
 0.10013349E-06
 0.19037698E-06
 0.13729272E-06
-0.13616881E-06
 0.19383839E-06
-0.10296522E-06
 0.10565055E-06
 0.11751055E-06
-0.12410712E-06
-0.10296522E-06
 0.24585115E-06
 0.10477431E-06
-0.14028841E-06
-0.13565221E-06
 0.10477431E-06
 0.18856538E-06
-0.10257090E-06
-0.11562004E-06
 0.12587073E-06
-0.10257090E-06
 0.22634957E-06
-0.11240721E-06
-0.13006496E-06
-0.12150892E-06
 0.10565055E-06
-0.11240721E-06
 0.20872450E-06
-0.12186885E-06
 0.11347952E-06
 0.19045014E-06
-0.12546104E-06
 0.10157794E-06
-0.12764040E-06
 0.10152428E-06
-0.12546104E-06
 0.30183772E-06
-0.11658579E-06
-0.12391694E-06
-0.13653115E-06
-0.11658579E-06
 0.20231292E-06
 0.10012990E-06
-0.14522024E-06
 0.10852903E-06
 0.10012990E-06
 0.21644798E-06
-0.10339377E-06
-0.13461608E-06
-0.14511217E-06
 0.10157794E-06
-0.10339377E-06
 0.19804655E-06
 0.11958224E-06
-0.13344785E-06
 0.29669680E-06
 0.10000416E-06
-0.11494964E-06
 0.13984674E-06
-0.17311574E-06
 0.10000416E-06
 0.15676505E-06
-0.11110899E-06
-0.12170486E-06
-0.10698759E-06
-0.11110899E-06
 0.27838523E-06
 0.10703502E-06
-0.13961773E-06
 0.13749124E-06
 0.10703502E-06
 0.18290676E-06
-0.10270823E-06
 0.12499151E-06
-0.11020890E-06
-0.11494964E-06
-0.10270823E-06
 0.19274057E-06
-0.10408266E-06
-0.13044201E-06
 0.18031871E-06
 0.10114423E-06
-0.10287651E-06
-0.12816286E-06
-0.11704796E-06
 0.10114423E-06
 0.18996532E-06
-0.10979188E-06
 0.10674041E-06
-0.13597731E-06
-0.10979188E-06
 0.28645493E-06
-0.10839205E-06
-0.14057212E-06
-0.14178690E-06
-0.10287651E-06
 0.24366002E-06
 0.10691252E-06
-0.12888415E-06
 0.14168634E-06
-0.10839205E-06
 0.10691252E-06
 0.17950336E-06
 0.10835938E-06
-0.11566825E-06
 0.31337324E-06
-0.10312464E-06
 0.10273302E-06
 0.00000000E+00
-0.17223636E-06
-0.10312464E-06
 0.15831101E-06
-0.11115935E-06
-0.10985652E-06
 0.10736931E-06
 0.10273302E-06
 0.16303889E-06
-0.10222458E-06
 0.00000000E+00
 0.12234619E-06
-0.11115935E-06
 0.23625009E-06
 0.11010933E-06
-0.11597720E-06
 0.12987812E-06
-0.10222458E-06
 0.11010933E-06
 0.22961323E-06
-0.13638938E-06
-0.12181714E-06
 0.30718077E-06
-0.11550433E-06
 0.10305877E-06
-0.15240290E-06
 0.14825250E-06
-0.11550433E-06
 0.15941393E-06
-0.10165512E-06
-0.11733333E-06
-0.10238368E-06
 0.10305877E-06
 0.15451741E-06
-0.10309130E-06
-0.11224563E-06
 0.11343898E-06
-0.10165512E-06
 0.22787229E-06
 0.10752024E-06
-0.11591586E-06
 0.14975668E-06
-0.10309130E-06
 0.10752024E-06
 0.25300408E-06
-0.12701313E-06
-0.14875972E-06
 0.24608694E-06
-0.11119621E-06
 0.11009424E-06
 0.13149282E-06
-0.11982926E-06
-0.11119621E-06
 0.21847054E-06
-0.11692696E-06
-0.10910674E-06
-0.11960085E-06
 0.29545832E-06
-0.12514871E-06
 0.12891155E-06
-0.12194829E-06
 0.12153027E-06
-0.11692696E-06
-0.12514871E-06
 0.21686406E-06
-0.10539357E-06
 0.11080908E-06
 0.11009424E-06
 0.24831809E-06
-0.10788118E-06
-0.11771152E-06
-0.14120354E-06
 0.12891155E-06
-0.10788118E-06
 0.19297868E-06
 0.10867777E-06
-0.10400779E-06
 0.21015498E-06
 0.12461277E-06
-0.10991787E-06
-0.11198572E-06
 0.10761685E-06
 0.12461277E-06
 0.24752557E-06
-0.12607497E-06
-0.11185420E-06
 0.11019018E-06
-0.12607497E-06
 0.21385299E-06
-0.10757927E-06
-0.10966768E-06
-0.11289098E-06
-0.10757927E-06
 0.24231036E-06
 0.11586232E-06
-0.11055168E-06
 0.13931210E-06
-0.10991787E-06
 0.24507664E-06
-0.11473170E-06
-0.13852090E-06
-0.11064335E-06
 0.11586232E-06
-0.11473170E-06
 0.25412965E-06
 0.12253982E-06
-0.12123725E-06
 0.20916148E-06
-0.10918852E-06
 0.12467528E-06
 0.11827516E-06
-0.10376628E-06
-0.10918852E-06
 0.27262502E-06
-0.14168634E-06
-0.12069335E-06
-0.11704796E-06
 0.12467528E-06
 0.30747241E-06
-0.13150232E-06
 0.12202070E-06
-0.12663510E-06
-0.13150232E-06
 0.22051216E-06
-0.13577476E-06
-0.10330929E-06
-0.10149115E-06
 0.24165528E-06
 0.13535993E-06
-0.12888415E-06
-0.10060194E-06
 0.11566825E-06
-0.13577476E-06
 0.13535993E-06
 0.34810688E-06
 0.12621888E-06
-0.13322279E-06
-0.14168634E-06
-0.12888415E-06
 0.24366002E-06
-0.10691252E-06
 0.10287651E-06
 0.29691307E-06
 0.10079539E-06
-0.12857001E-06
 0.13541421E-06
-0.15026449E-06
 0.10079539E-06
 0.19195888E-06
-0.11748458E-06
-0.12136600E-06
-0.11130818E-06
-0.11748458E-06
 0.25062950E-06
 0.10056534E-06
-0.15249156E-06
 0.11829237E-06
 0.10056534E-06
 0.17281486E-06
-0.10057263E-06
 0.12912361E-06
-0.12192883E-06
-0.12857001E-06
-0.10057263E-06
 0.20550297E-06
-0.14053683E-06
-0.10115321E-06
 0.28557868E-06
-0.11044701E-06
 0.00000000E+00
-0.14064630E-06
-0.11396175E-06
-0.11044701E-06
 0.18148490E-06
 0.00000000E+00
-0.10416409E-06
 0.10655019E-06
 0.00000000E+00
 0.12338295E-06
 0.00000000E+00
 0.00000000E+00
 0.15042534E-06
 0.00000000E+00
 0.12792099E-06
 0.00000000E+00
 0.00000000E+00
-0.11422871E-06
-0.11422871E-06
 0.00000000E+00
 0.15754587E-06
 0.00000000E+00
 0.00000000E+00
 0.15754587E-06
 0.00000000E+00
-0.13461608E-06
 0.11958224E-06
 0.28832087E-06
-0.11839456E-06
 0.12163457E-06
-0.12764040E-06
-0.13344785E-06
 0.33989564E-06
-0.12570653E-06
-0.13864704E-06
-0.12570653E-06
 0.20336744E-06
 0.10905169E-06
 0.10120793E-06
-0.12098897E-06
-0.11839456E-06
 0.23831508E-06
-0.10227468E-06
-0.10858117E-06
-0.14953279E-06
 0.10905169E-06
-0.10227468E-06
 0.18542557E-06
 0.11531231E-06
-0.11822038E-06
 0.11751055E-06
-0.14028841E-06
 0.27591984E-06
-0.10785536E-06
 0.12524392E-06
-0.12410712E-06
-0.12186885E-06
 0.26367454E-06
-0.14294446E-06
-0.10167384E-06
-0.14294446E-06
 0.32386171E-06
 0.10835872E-06
-0.15058103E-06
 0.12059592E-06
 0.10835872E-06
 0.15760319E-06
-0.10765766E-06
 0.10832198E-06
-0.10573717E-06
-0.10785536E-06
-0.10765766E-06
 0.24263017E-06
-0.11663773E-06
-0.14306338E-06
 0.13984674E-06
-0.10408266E-06
 0.21359710E-06
 0.10037348E-06
-0.12701749E-06
 0.12499151E-06
-0.13044201E-06
 0.27224019E-06
 0.10531031E-06
-0.12836149E-06
 0.10531031E-06
 0.17956691E-06
-0.10177994E-06
-0.11910238E-06
 0.11813689E-06
 0.10037348E-06
-0.10177994E-06
 0.24240426E-06
-0.14689929E-06
-0.14659324E-06
-0.14057212E-06
 0.10835938E-06
 0.24089207E-06
-0.10030554E-06
 0.13624724E-06
-0.12888415E-06
-0.11566825E-06
 0.24165528E-06
 0.10060194E-06
-0.13535993E-06
-0.10030554E-06
 0.22224726E-06
-0.11167463E-06
-0.13617053E-06
-0.12339096E-06
 0.10060194E-06
-0.11167463E-06
 0.20123877E-06
 0.11294982E-06
-0.13322279E-06
 0.00000000E+00
 0.00000000E+00
 0.17220374E-06
 0.12234619E-06
-0.13638938E-06
 0.27416732E-06
 0.00000000E+00
 0.10416409E-06
 0.00000000E+00
 0.15042534E-06
 0.00000000E+00
 0.12202070E-06
-0.10330929E-06
 0.19899247E-06
 0.10014897E-06
-0.14762290E-06
-0.10149115E-06
 0.12621888E-06
 0.19040810E-06
 0.11880515E-06
-0.10496902E-06
 0.10014897E-06
 0.19421388E-06
-0.12372073E-06
-0.14335343E-06
-0.10286611E-06
 0.11880515E-06
-0.12372073E-06
 0.30480229E-06
 0.13125550E-06
-0.12982416E-06
 0.21146921E-06
-0.10007289E-06
 0.10000815E-06
 0.14681658E-06
-0.14798487E-06
-0.10007289E-06
 0.19800698E-06
 0.99999875E-07
-0.14172008E-06
-0.14246090E-06
 0.99999875E-07
 0.20135234E-06
-0.10013349E-06
-0.14048401E-06
 0.13971240E-06
 0.10000815E-06
-0.10013349E-06
 0.19037698E-06
-0.13729272E-06
-0.13616881E-06
 0.29669680E-06
-0.10000416E-06
-0.11494964E-06
-0.13984674E-06
-0.17311574E-06
-0.10000416E-06
 0.15676505E-06
 0.11110899E-06
 0.12170486E-06
-0.10698759E-06
 0.11110899E-06
 0.27838523E-06
-0.10703502E-06
-0.13961773E-06
-0.13749124E-06
-0.10703502E-06
 0.18290676E-06
 0.10270823E-06
-0.12499151E-06
 0.11020890E-06
-0.11494964E-06
 0.10270823E-06
 0.19274057E-06
 0.10408266E-06
-0.13044201E-06
 0.19373782E-06
-0.10048930E-06
 0.10070864E-06
 0.14848691E-06
-0.12929045E-06
-0.10048930E-06
 0.20144795E-06
 0.10004918E-06
-0.14942238E-06
-0.14389088E-06
 0.10004918E-06
 0.19332586E-06
-0.10000646E-06
-0.14349472E-06
 0.13616221E-06
 0.10070864E-06
-0.10000646E-06
 0.21494327E-06
-0.13869848E-06
-0.14555653E-06
 0.19800698E-06
-0.10007289E-06
 0.99999875E-07
-0.14172008E-06
-0.14246089E-06
-0.10007289E-06
 0.21146921E-06
 0.10000815E-06
 0.14681658E-06
-0.14798487E-06
 0.99999875E-07
 0.20135234E-06
-0.10013349E-06
-0.14048401E-06
 0.13971240E-06
 0.10000815E-06
-0.10013349E-06
 0.19037698E-06
-0.13729272E-06
-0.13616881E-06
 0.30016084E-06
-0.10921286E-06
-0.12801621E-06
-0.12883435E-06
-0.13800155E-06
-0.10921286E-06
 0.26258377E-06
 0.11162661E-06
-0.15441595E-06
 0.11244364E-06
 0.26879231E-06
 0.10270222E-06
-0.12881684E-06
-0.14283218E-06
 0.11776637E-06
-0.12801621E-06
 0.10270222E-06
 0.17775151E-06
 0.10093483E-06
-0.11698893E-06
 0.11162661E-06
 0.16797081E-06
-0.12873150E-06
-0.10305149E-06
 0.10076692E-06
-0.12881684E-06
-0.12873150E-06
 0.29300001E-06
-0.13877338E-06
-0.10578802E-06
 0.17220374E-06
 0.00000000E+00
 0.00000000E+00
 0.00000000E+00
 0.16303889E-06
-0.12234619E-06
-0.10273302E-06
 0.10222458E-06
 0.15042534E-06
 0.00000000E+00
 0.00000000E+00
-0.12234619E-06
 0.00000000E+00
 0.27416733E-06
-0.13638939E-06
-0.10416409E-06
 0.12338295E-06
 0.00000000E+00
 0.00000000E+00
 0.00000000E+00
 0.23917763E-06
-0.12400117E-06
 0.12377777E-06
-0.11396175E-06
 0.18531451E-06
 0.00000000E+00
 0.00000000E+00
-0.12400117E-06
 0.00000000E+00
 0.20541627E-06
-0.10029066E-06
-0.10493450E-06
-0.14522024E-06
-0.14511217E-06
 0.11827516E-06
-0.12069335E-06
 0.34119638E-06
-0.10376628E-06
-0.12663510E-06
 0.23263238E-06
-0.10126742E-06
-0.14959756E-06
 0.12163457E-06
-0.10858117E-06
-0.10126742E-06
 0.19215265E-06
 0.11906628E-06
-0.13565221E-06
-0.11562004E-06
 0.26702051E-06
-0.13504323E-06
-0.10346961E-06
-0.11591586E-06
-0.12701313E-06
 0.25336162E-06
-0.11054224E-06
-0.12167578E-06
-0.11733333E-06
 0.14975668E-06
-0.13504323E-06
 0.32828938E-06
 0.11909428E-06
 0.12524392E-06
-0.11663773E-06
-0.11054224E-06
 0.24039402E-06
 0.11552213E-06
-0.13961773E-06
-0.11020890E-06
 0.30886211E-06
-0.13139790E-06
-0.12797903E-06
-0.12836149E-06
-0.11910238E-06
 0.28741936E-06
-0.10867777E-06
-0.14120354E-06
-0.13139790E-06
 0.20296351E-06
 0.10400779E-06
-0.12194829E-06
 0.10185208E-06
-0.10867777E-06
 0.10400779E-06
 0.19297868E-06
 0.10788118E-06
-0.12891155E-06
 0.10416409E-06
 0.00000000E+00
 0.18148490E-06
 0.11044701E-06
-0.10655019E-06
 0.11044701E-06
 0.28557868E-06
 0.00000000E+00
-0.14064630E-06
 0.11396175E-06
 0.00000000E+00
 0.12338295E-06
 0.00000000E+00
-0.11198572E-06
-0.11185420E-06
 0.22995282E-06
-0.13211632E-06
-0.10888935E-06
 0.10761685E-06
-0.13852090E-06
 0.26412572E-06
-0.10906307E-06
-0.13122793E-06
-0.10906307E-06
 0.23470726E-06
 0.11318711E-06
 0.11137485E-06
-0.13395014E-06
 0.11318711E-06
 0.21025011E-06
-0.12922344E-06
-0.10666284E-06
 0.10707447E-06
-0.13211632E-06
-0.12922344E-06
 0.27387260E-06
-0.11518902E-06
 0.11114722E-06
 0.12912361E-06
-0.14053683E-06
 0.31602962E-06
 0.11734454E-06
-0.12452064E-06
 0.13541421E-06
-0.10115321E-06
 0.20092207E-06
 0.10085796E-06
-0.12885115E-06
 0.10085796E-06
 0.20915650E-06
-0.10008245E-06
-0.13768924E-06
-0.14532085E-06
 0.11734454E-06
-0.10008245E-06
 0.20035057E-06
-0.10775951E-06
 0.14346032E-06
-0.10416409E-06
 0.00000000E+00
 0.27416732E-06
-0.12234619E-06
-0.13638938E-06
 0.17220374E-06
 0.00000000E+00
 0.00000000E+00
-0.12234619E-06
 0.00000000E+00
 0.16303889E-06
-0.10273302E-06
 0.10222458E-06
 0.35133092E-06
 0.10290704E-06
-0.10027227E-06
-0.20007331E-06
-0.18964906E-06
 0.10290704E-06
 0.15212265E-06
-0.10670049E-06
 0.11550048E-06
-0.10524840E-06
-0.10670049E-06
 0.23193097E-06
-0.11469992E-06
-0.11457514E-06
-0.12970994E-06
-0.11469992E-06
 0.24022848E-06
 0.11646195E-06
-0.11828460E-06
 0.11722949E-06
-0.10027227E-06
 0.11646195E-06
 0.17099532E-06
 0.12092776E-06
-0.11211515E-06
 0.18099977E-06
-0.10762870E-06
 0.10039007E-06
 0.10872802E-06
-0.13432022E-06
-0.10762870E-06
 0.27277606E-06
-0.11087878E-06
-0.13087920E-06
-0.14187792E-06
-0.11087878E-06
 0.18427263E-06
 0.10079309E-06
-0.12728506E-06
 0.10966114E-06
 0.10079309E-06
 0.24850274E-06
-0.11601130E-06
-0.14041340E-06
-0.12713294E-06
 0.10039007E-06
-0.11601130E-06
 0.20031143E-06
 0.10741011E-06
-0.13687214E-06
 0.22598945E-06
-0.10895080E-06
 0.10234282E-06
-0.12732947E-06
-0.12941512E-06
-0.10895080E-06
 0.19835164E-06
 0.11118833E-06
-0.11416510E-06
 0.11244402E-06
 0.11118833E-06
 0.21426395E-06
-0.10478012E-06
 0.11858941E-06
-0.12242335E-06
-0.10478012E-06
 0.21840253E-06
-0.10188276E-06
-0.13075355E-06
-0.13019931E-06
 0.10234282E-06
-0.10188276E-06
 0.20502304E-06
 0.12894446E-06
-0.12954264E-06
 0.17945517E-06
 0.10529424E-06
-0.10177995E-06
 0.11813689E-06
-0.11906955E-06
 0.10529424E-06
 0.27255451E-06
-0.13049256E-06
 0.12507576E-06
-0.12845341E-06
 0.21359710E-06
-0.10408266E-06
 0.10037348E-06
 0.13984674E-06
-0.12701749E-06
-0.13049256E-06
-0.10408266E-06
 0.19267584E-06
-0.11494964E-06
-0.10267560E-06
-0.10177995E-06
 0.10037348E-06
 0.24240426E-06
-0.14659324E-06
-0.14689930E-06
 0.26369011E-06
 0.10456713E-06
-0.10392003E-06
 0.14492755E-06
-0.14138642E-06
 0.10456713E-06
 0.17659239E-06
-0.10337586E-06
-0.11327567E-06
-0.12015516E-06
-0.10337586E-06
 0.23062787E-06
 0.10876983E-06
-0.12363424E-06
 0.13382644E-06
-0.10392003E-06
 0.17951416E-06
-0.10599860E-06
-0.11309240E-06
-0.11833394E-06
 0.10876983E-06
-0.10599860E-06
 0.21660040E-06
 0.12744431E-06
-0.11644046E-06
 0.24182839E-06
-0.10263083E-06
 0.10324043E-06
-0.13533812E-06
 0.14275744E-06
-0.10263083E-06
 0.18993513E-06
-0.10609845E-06
-0.11723875E-06
-0.12217844E-06
 0.10324043E-06
 0.20402431E-06
-0.10319190E-06
-0.13277560E-06
-0.11956737E-06
-0.10609845E-06
 0.22300716E-06
 0.11411132E-06
-0.11739252E-06
 0.12269776E-06
-0.10319190E-06
 0.11411132E-06
 0.20620419E-06
 0.12145143E-06
-0.11502781E-06
 0.25545888E-06
-0.10528370E-06
 0.10346944E-06
-0.14006495E-06
 0.13993206E-06
-0.10528370E-06
 0.19397472E-06
-0.10597599E-06
-0.11261986E-06
-0.12449528E-06
 0.27033670E-06
-0.10370142E-06
 0.10800959E-06
-0.14200296E-06
-0.14230013E-06
 0.10346944E-06
-0.10370142E-06
 0.16972621E-06
 0.11479524E-06
-0.11627274E-06
-0.10597599E-06
 0.10800959E-06
 0.18493236E-06
-0.10819475E-06
 0.12077527E-06
 0.15212265E-06
 0.10290704E-06
-0.10670049E-06
 0.11550048E-06
-0.10524840E-06
 0.10290704E-06
 0.35133092E-06
-0.10027227E-06
-0.20007331E-06
-0.18964906E-06
 0.24022848E-06
-0.11469992E-06
 0.11646195E-06
-0.11828460E-06
 0.11722949E-06
-0.10670049E-06
-0.11469992E-06
 0.23193096E-06
-0.11457514E-06
-0.12970994E-06
-0.10027227E-06
 0.11646195E-06
 0.17099532E-06
 0.12092776E-06
-0.11211515E-06
 0.25350939E-06
 0.10039029E-06
-0.11880513E-06
-0.14297774E-06
-0.12702597E-06
 0.10039029E-06
 0.18413443E-06
-0.11125072E-06
-0.12927254E-06
 0.10950116E-06
-0.11125072E-06
 0.27419251E-06
-0.10771253E-06
-0.14256231E-06
-0.13047554E-06
-0.10771253E-06
 0.18047139E-06
 0.10030418E-06
-0.13503813E-06
 0.10841997E-06
-0.11880513E-06
 0.10030418E-06
 0.20115204E-06
 0.10592218E-06
-0.13743520E-06
 0.19916373E-06
-0.10903665E-06
 0.11110173E-06
-0.11438579E-06
 0.11259929E-06
-0.10903665E-06
 0.22492979E-06
 0.10222990E-06
-0.12733640E-06
-0.12894063E-06
 0.21878284E-06
-0.10483284E-06
-0.10194931E-06
-0.13084683E-06
-0.13001676E-06
 0.11110173E-06
-0.10483284E-06
 0.21361553E-06
 0.11840492E-06
-0.12226077E-06
 0.10222990E-06
-0.10194931E-06
 0.20541289E-06
 0.12877331E-06
-0.13008687E-06
 0.19524973E-06
 0.10000611E-06
-0.10210915E-06
-0.13647045E-06
-0.12985906E-06
 0.10000611E-06
 0.22283439E-06
-0.10021279E-06
-0.14873865E-06
 0.14668167E-06
 0.33760456E-06
 0.13041308E-06
-0.12253112E-06
 0.13799352E-06
-0.13320258E-06
-0.10210915E-06
 0.13041308E-06
 0.19979587E-06
 0.12812378E-06
-0.10116968E-06
-0.10021279E-06
-0.12253112E-06
 0.17871858E-06
-0.12912555E-06
-0.10192026E-06
 0.35413527E-06
-0.13246773E-06
 0.11616220E-06
 0.14340565E-06
-0.14526323E-06
-0.13246773E-06
 0.19837788E-06
-0.12625414E-06
-0.10015898E-06
 0.10406066E-06
 0.11616220E-06
 0.16335089E-06
-0.11186804E-06
-0.10259651E-06
 0.10474315E-06
-0.11186804E-06
 0.27784019E-06
-0.10471747E-06
-0.14411236E-06
-0.13645786E-06
-0.10471747E-06
 0.19903646E-06
 0.11214656E-06
-0.11650911E-06
 0.11530816E-06
-0.12625414E-06
 0.11214656E-06
 0.26434775E-06
-0.12411053E-06
-0.11819298E-06
 0.18993513E-06
-0.10263083E-06
-0.10609845E-06
-0.11723875E-06
-0.12217844E-06
-0.10263083E-06
 0.24182839E-06
 0.10324043E-06
-0.13533812E-06
 0.14275744E-06
 0.10324043E-06
 0.20402431E-06
-0.10319190E-06
-0.11956737E-06
-0.13277560E-06
-0.10609845E-06
 0.22300716E-06
 0.11411132E-06
-0.11739252E-06
 0.12269776E-06
-0.10319190E-06
 0.11411132E-06
 0.20620419E-06
 0.12145143E-06
-0.11502781E-06
 0.17826593E-06
-0.12435786E-06
-0.10049903E-06
-0.10045261E-06
-0.13112256E-06
-0.12435786E-06
 0.33198177E-06
 0.10597891E-06
-0.14982608E-06
 0.14969475E-06
 0.10597891E-06
 0.17601140E-06
-0.10418746E-06
 0.12217450E-06
-0.10826439E-06
-0.10049903E-06
 0.20262453E-06
 0.10230168E-06
 0.13898263E-06
-0.12471391E-06
-0.10418746E-06
 0.10230168E-06
 0.21807454E-06
-0.12801929E-06
-0.13276091E-06
-0.11597720E-06
-0.12181714E-06
 0.24502997E-06
-0.11441441E-06
-0.11720229E-06
-0.10655019E-06
-0.14064630E-06
 0.30880644E-06
 0.12489834E-06
-0.14021756E-06
-0.11441441E-06
 0.12489834E-06
 0.20226407E-06
 0.11488727E-06
-0.10116000E-06
 0.11813689E-06
-0.14689929E-06
 0.28407619E-06
-0.10116000E-06
 0.14021756E-06
-0.14120354E-06
 0.10788118E-06
 0.24831809E-06
 0.11771152E-06
-0.11009424E-06
-0.10116000E-06
 0.20226407E-06
-0.11488727E-06
-0.12489834E-06
-0.11441441E-06
 0.11771152E-06
-0.11488727E-06
 0.24580788E-06
 0.11720229E-06
-0.11982926E-06
-0.15026449E-06
-0.12136600E-06
-0.14953279E-06
 0.11531231E-06
 0.34952568E-06
-0.14959756E-06
 0.11906628E-06
 0.36335137E-06
-0.12422538E-06
-0.15146288E-06
-0.12885115E-06
-0.13768924E-06
-0.12422538E-06
 0.25822624E-06
 0.10037074E-06
 0.00000000E+00
-0.10273302E-06
 0.31337324E-06
 0.10312464E-06
-0.17223636E-06
-0.13638938E-06
 0.10222458E-06
 0.22961323E-06
-0.11010933E-06
 0.12181714E-06
 0.10312464E-06
 0.15831101E-06
-0.11115935E-06
 0.10985652E-06
-0.10736931E-06
-0.11010933E-06
-0.11115935E-06
 0.23625009E-06
-0.11597720E-06
-0.12987812E-06
-0.13984674E-06
 0.10408266E-06
 0.21359710E-06
-0.10037348E-06
-0.12701749E-06
-0.12499151E-06
-0.13044201E-06
 0.27224019E-06
-0.10531031E-06
-0.12836149E-06
-0.10531031E-06
 0.17956691E-06
 0.10177994E-06
 0.11910238E-06
-0.11813689E-06
-0.10037348E-06
 0.10177994E-06
 0.24240426E-06
-0.14689929E-06
 0.14659324E-06
 0.00000000E+00
-0.10273302E-06
 0.31337324E-06
 0.10312464E-06
-0.17223636E-06
 0.10222458E-06
-0.13638939E-06
 0.22961323E-06
-0.11010933E-06
 0.12181714E-06
 0.10312464E-06
 0.15831101E-06
-0.11115935E-06
 0.10985652E-06
-0.10736931E-06
-0.11010933E-06
-0.11115935E-06
 0.23625009E-06
-0.11597720E-06
-0.12987812E-06
 0.00000000E+00
-0.10029066E-06
 0.20541626E-06
 0.10493450E-06
-0.12400117E-06
 0.12377777E-06
-0.10493450E-06
 0.19206669E-06
 0.11049655E-06
-0.10782018E-06
 0.11049655E-06
 0.27965210E-06
-0.11049655E-06
 0.13643864E-06
-0.13643864E-06
 0.10493450E-06
-0.11049655E-06
 0.19206669E-06
-0.12377777E-06
-0.10782018E-06
 0.21853827E-06
-0.11119621E-06
 0.11695647E-06
-0.11960677E-06
 0.10910674E-06
-0.11119621E-06
 0.24608694E-06
-0.11009424E-06
-0.11982926E-06
-0.13149282E-06
 0.29562023E-06
-0.12510953E-06
-0.12904446E-06
-0.12156495E-06
-0.12192292E-06
 0.11695647E-06
-0.12510953E-06
 0.21679582E-06
 0.10539369E-06
-0.11078309E-06
-0.11009424E-06
 0.24825598E-06
 0.10782605E-06
-0.14126359E-06
 0.11771152E-06
-0.12904446E-06
 0.10782605E-06
 0.19303650E-06
-0.10871660E-06
 0.10397910E-06
 0.19357625E-06
-0.12833643E-06
-0.13735515E-06
 0.10028224E-06
-0.10065416E-06
-0.12833643E-06
 0.34288993E-06
-0.11226461E-06
-0.14631994E-06
-0.14472034E-06
 0.18761983E-06
 0.10477275E-06
-0.10847690E-06
-0.11536278E-06
-0.11500455E-06
-0.13735515E-06
 0.10477275E-06
 0.30227041E-06
 0.13089857E-06
-0.13614014E-06
-0.11226461E-06
 0.18219785E-06
 0.11631843E-06
 0.10439049E-06
-0.10838643E-06
-0.10847690E-06
 0.11631843E-06
 0.25272873E-06
-0.12455605E-06
 0.12622144E-06
 0.17290383E-06
-0.10925273E-06
-0.10925273E-06
-0.10863684E-06
-0.10863684E-06
-0.10925273E-06
 0.29331297E-06
 0.11320750E-06
 0.13728924E-06
-0.14297074E-06
 0.11320750E-06
 0.21171816E-06
-0.12741896E-06
-0.10425690E-06
 0.11189247E-06
-0.12741896E-06
 0.25123047E-06
-0.12737809E-06
-0.11033893E-06
-0.11038018E-06
-0.10925273E-06
 0.29319430E-06
 0.11323193E-06
-0.14284874E-06
 0.13728924E-06
-0.12737809E-06
 0.11323193E-06
 0.21190220E-06
 0.11196039E-06
-0.10427012E-06
 0.26638506E-06
-0.10505350E-06
-0.11771817E-06
-0.14162263E-06
-0.12310685E-06
-0.10505350E-06
 0.17271725E-06
 0.12139690E-06
 0.11230749E-06
-0.10209604E-06
 0.25198113E-06
-0.12624639E-06
-0.12514535E-06
-0.11267364E-06
-0.11082090E-06
 0.12139690E-06
-0.12624639E-06
 0.28840348E-06
-0.13862288E-06
 0.11028887E-06
-0.11771817E-06
 0.18773478E-06
 0.10725690E-06
 0.10822149E-06
-0.10985148E-06
-0.12514535E-06
 0.10725690E-06
 0.26386963E-06
-0.13984930E-06
 0.11274950E-06
-0.14172008E-06
-0.14681658E-06
 0.13149282E-06
-0.10910674E-06
 0.33693941E-06
-0.14798487E-06
 0.13729272E-06
-0.10985652E-06
 0.12987812E-06
 0.33151220E-06
-0.11982926E-06
-0.11771152E-06
-0.11720229E-06
 0.11488727E-06
 0.24580788E-06
-0.14064630E-06
 0.10655019E-06
 0.14021756E-06
-0.12489834E-06
 0.30880644E-06
-0.11441441E-06
 0.11720229E-06
 0.12181714E-06
-0.11597720E-06
 0.24502997E-06
-0.11396175E-06
 0.00000000E+00
 0.23917763E-06
 0.12377777E-06
-0.12400117E-06
-0.12701749E-06
-0.14659324E-06
 0.31864100E-06
-0.10782018E-06
-0.13643864E-06
 0.12377777E-06
-0.10782018E-06
 0.19206669E-06
-0.10493450E-06
 0.11049655E-06
-0.14120354E-06
 0.10867777E-06
-0.12836149E-06
 0.11910238E-06
 0.28741936E-06
-0.12194829E-06
-0.10400779E-06
 0.20296351E-06
-0.13139790E-06
-0.10185208E-06
-0.13961773E-06
 0.11020890E-06
-0.13139790E-06
 0.30886211E-06
 0.12797903E-06
-0.14021756E-06
-0.10116000E-06
-0.11813689E-06
-0.14689929E-06
 0.28407619E-06
 0.11396175E-06
 0.00000000E+00
-0.12400117E-06
-0.12377777E-06
 0.23917763E-06
-0.12701749E-06
 0.14659324E-06
 0.13643864E-06
-0.10782018E-06
 0.31864100E-06
-0.17311574E-06
 0.12170486E-06
 0.42136303E-06
-0.17311574E-06
-0.12170486E-06
 0.13984674E-06
-0.11494964E-06
-0.17311574E-06
 0.29669680E-06
 0.10000416E-06
-0.12701749E-06
-0.14659324E-06
-0.10782018E-06
-0.13643864E-06
 0.31864100E-06
-0.12194829E-06
-0.12891155E-06
 0.29545832E-06
-0.12514871E-06
-0.12153027E-06
-0.11009424E-06
-0.11982926E-06
 0.24608694E-06
-0.11119621E-06
-0.13149282E-06
-0.11119621E-06
 0.21847054E-06
 0.11692696E-06
 0.10910674E-06
-0.11960085E-06
-0.12514871E-06
 0.11692696E-06
 0.21686406E-06
-0.11080908E-06
 0.10539357E-06
-0.15249156E-06
-0.12192883E-06
 0.41251187E-06
-0.15011506E-06
-0.15290234E-06
-0.15441595E-06
-0.10305149E-06
-0.12452064E-06
-0.10775951E-06
 0.25690330E-06
 0.10076692E-06
-0.13877338E-06
-0.15011506E-06
 0.20762555E-06
 0.10083624E-06
 0.00000000E+00
-0.10416409E-06
 0.18148490E-06
 0.10655019E-06
-0.11044701E-06
 0.12181714E-06
-0.11597720E-06
 0.24502997E-06
-0.11441441E-06
 0.11720229E-06
 0.10655019E-06
 0.30880644E-06
-0.12489834E-06
-0.14064630E-06
 0.14021756E-06
-0.11441441E-06
-0.12489834E-06
 0.20226407E-06
-0.10116000E-06
-0.11488727E-06
 0.10832198E-06
-0.14306338E-06
 0.26898137E-06
-0.14758552E-06
-0.10135087E-06
 0.14848691E-06
-0.14942238E-06
-0.14758552E-06
 0.39499537E-06
 0.11962981E-06
-0.12929045E-06
-0.13869848E-06
 0.27643674E-06
-0.11430909E-06
-0.10885227E-06
-0.12167578E-06
 0.11552213E-06
-0.11430909E-06
 0.25998209E-06
 0.12648399E-06
-0.11064335E-06
 0.12253982E-06
 0.25122037E-06
 0.13914972E-06
-0.10637964E-06
-0.13122793E-06
 0.11137485E-06
 0.26867714E-06
 0.11809764E-06
-0.12313076E-06
 0.11809764E-06
 0.20259708E-06
-0.12932011E-06
 0.10143986E-06
-0.10798073E-06
-0.12932011E-06
 0.31376385E-06
-0.14135172E-06
-0.10965271E-06
-0.13246781E-06
 0.13914972E-06
-0.14135172E-06
 0.28343591E-06
-0.11125967E-06
 0.10697681E-06
 0.14492755E-06
-0.11309240E-06
 0.27113597E-06
 0.10068667E-06
-0.14261208E-06
-0.11833394E-06
 0.12744431E-06
 0.24707800E-06
 0.10278420E-06
-0.12871550E-06
 0.10068667E-06
 0.19592856E-06
-0.10147294E-06
-0.12660550E-06
-0.13407943E-06
 0.10278420E-06
-0.10147294E-06
 0.19744959E-06
-0.12623670E-06
 0.12769954E-06
-0.12728506E-06
-0.14041340E-06
 0.32185353E-06
-0.11794781E-06
-0.12931550E-06
-0.13087920E-06
 0.10966114E-06
 0.22035223E-06
-0.11163792E-06
 0.10818559E-06
-0.11163792E-06
 0.26900381E-06
 0.11672148E-06
-0.13285241E-06
-0.12305571E-06
-0.11794781E-06
 0.19671558E-06
-0.11334486E-06
 0.10552838E-06
-0.11053931E-06
 0.11672148E-06
-0.11334486E-06
 0.23115867E-06
-0.10888535E-06
 0.12471255E-06
-0.11422871E-06
 0.00000000E+00
-0.20007331E-06
 0.12092776E-06
 0.44529493E-06
-0.11422871E-06
 0.00000000E+00
-0.20007331E-06
 0.12092776E-06
 0.44529493E-06
-0.11828460E-06
-0.11211515E-06
-0.11828460E-06
-0.11211515E-06
 0.22774032E-06
-0.13084683E-06
 0.11840492E-06
 0.25231802E-06
-0.10383179E-06
 0.12595640E-06
-0.11438579E-06
-0.12226077E-06
 0.24111625E-06
-0.12324554E-06
-0.10893355E-06
-0.10383179E-06
 0.22649818E-06
 0.10629627E-06
-0.12511415E-06
-0.13275820E-06
-0.12324554E-06
 0.26899809E-06
-0.13310967E-06
-0.11150924E-06
 0.11649972E-06
 0.10629627E-06
-0.13310967E-06
 0.22074200E-06
-0.11439434E-06
 0.10819112E-06
 0.14340565E-06
-0.10015898E-06
 0.12217450E-06
-0.12801929E-06
 0.25855009E-06
 0.10406066E-06
-0.12411053E-06
 0.18332987E-06
-0.10267799E-06
 0.11547155E-06
-0.14982608E-06
-0.10826439E-06
-0.10267799E-06
 0.28315776E-06
-0.14631071E-06
-0.14172008E-06
 0.14681658E-06
-0.13149282E-06
 0.10910674E-06
 0.33693941E-06
-0.14798487E-06
-0.13729272E-06
 0.10985652E-06
-0.12987812E-06
 0.33151220E-06
-0.12883435E-06
 0.11244364E-06
 0.23567275E-06
-0.10888996E-06
 0.11658497E-06
-0.14532085E-06
 0.14346032E-06
 0.31194616E-06
-0.10229255E-06
 0.12938768E-06
-0.10888996E-06
-0.10229255E-06
 0.21604937E-06
-0.12770546E-06
-0.12321946E-06
 0.00000000E+00
-0.11396175E-06
-0.11044701E-06
-0.14064630E-06
 0.28557868E-06
 0.11813689E-06
-0.14689930E-06
 0.14021756E-06
-0.10116000E-06
 0.28407619E-06
-0.11457514E-06
 0.11722949E-06
 0.24437774E-06
-0.11150734E-06
 0.12678609E-06
 0.11722949E-06
-0.11457514E-06
 0.24437774E-06
-0.11150734E-06
 0.12678609E-06
-0.11150734E-06
-0.11150734E-06
 0.19538688E-06
-0.11107894E-06
-0.11107894E-06
-0.14762290E-06
-0.14335343E-06
 0.11547155E-06
-0.14631071E-06
 0.37584861E-06
-0.10286611E-06
 0.13125550E-06
 0.19697400E-06
 0.10796254E-06
-0.11055819E-06
-0.11650911E-06
-0.11819298E-06
 0.10796254E-06
 0.25548141E-06
-0.13588057E-06
-0.10045261E-06
 0.14969475E-06
-0.15146288E-06
 0.10037074E-06
 0.24329717E-06
-0.13112256E-06
 0.13898263E-06
 0.12938768E-06
-0.12770546E-06
 0.34286466E-06
-0.13647045E-06
-0.14873865E-06
-0.12471391E-06
-0.13276091E-06
 0.36481809E-06
-0.12985906E-06
 0.12812378E-06
 0.28060360E-06
 0.11868463E-06
-0.11352417E-06
 0.11658497E-06
-0.12321946E-06
 0.11868463E-06
 0.25164558E-06
-0.11451291E-06
-0.14246089E-06
-0.14048401E-06
-0.13533812E-06
-0.11956737E-06
 0.35687638E-06
-0.11723875E-06
 0.14275744E-06
 0.30646756E-06
-0.12166601E-06
 0.12445566E-06
-0.11960085E-06
-0.11080908E-06
-0.12166601E-06
 0.21657690E-06
-0.10560003E-06
-0.11055168E-06
-0.12123725E-06
-0.10698759E-06
-0.13749124E-06
 0.24807222E-06
-0.12170486E-06
 0.10000416E-06
-0.10637964E-06
-0.11125967E-06
 0.15536434E-06
 0.12507576E-06
-0.10267560E-06
-0.10965271E-06
 0.10697681E-06
 0.18140091E-06
 0.10674041E-06
-0.14178690E-06
-0.14138642E-06
-0.11327567E-06
 0.29100767E-06
 0.13624724E-06
-0.13617053E-06
-0.14200296E-06
 0.11479524E-06
 0.34215781E-06
-0.14230013E-06
-0.10819475E-06
-0.14261208E-06
-0.12660550E-06
 0.32186763E-06
 0.11858941E-06
-0.13075355E-06
 0.25257077E-06
 0.12596099E-06
-0.10384419E-06
-0.13019931E-06
 0.12894446E-06
-0.12156495E-06
 0.10539369E-06
 0.26719054E-06
-0.11960677E-06
-0.11078309E-06
 0.21647167E-06
-0.10558575E-06
-0.12165964E-06
 0.12596099E-06
-0.10558575E-06
 0.25975787E-06
 0.12449944E-06
-0.12506954E-06
 0.14668167E-06
-0.12912555E-06
 0.10028224E-06
-0.14631994E-06
 0.30333611E-06
 0.13799352E-06
-0.10192026E-06
 0.21980320E-06
 0.11409170E-06
-0.11184581E-06
-0.10065416E-06
 0.13089857E-06
 0.11409170E-06
 0.21986847E-06
-0.12150565E-06
-0.14526323E-06
-0.10259651E-06
-0.14472034E-06
 0.10439049E-06
 0.26286918E-06
 0.10474315E-06
-0.14411236E-06
 0.26725627E-06
-0.10669837E-06
 0.13800871E-06
-0.10838643E-06
-0.12455605E-06
-0.10669837E-06
 0.20209918E-06
-0.11128376E-06
 0.13971240E-06
-0.13616881E-06
 0.11550048E-06
-0.12970994E-06
 0.33039902E-06
-0.13277560E-06
 0.12145143E-06
 0.12678609E-06
-0.11107894E-06
 0.28256939E-06
-0.10524840E-06
-0.18964906E-06
-0.17223636E-06
-0.10736931E-06
 0.37329058E-06
-0.11906955E-06
-0.12845341E-06
-0.14126359E-06
-0.10871660E-06
 0.28768956E-06
-0.12192292E-06
 0.10397910E-06
 0.10143986E-06
-0.13246781E-06
 0.20215057E-06
-0.11982926E-06
 0.11771152E-06
 0.11720229E-06
-0.11488727E-06
 0.24580788E-06
-0.12732947E-06
-0.12954264E-06
-0.12313076E-06
-0.10798073E-06
 0.27375314E-06
-0.14389088E-06
-0.14349472E-06
-0.11352417E-06
-0.11451291E-06
 0.31590825E-06
 0.13616221E-06
-0.14555653E-06
 0.32451382E-06
-0.10391031E-06
 0.14008151E-06
-0.13320258E-06
-0.10116968E-06
-0.10391031E-06
 0.18880090E-06
-0.11521812E-06
-0.13800155E-06
 0.10093483E-06
-0.10135087E-06
 0.11962981E-06
 0.19096090E-06
-0.15058103E-06
-0.10573717E-06
-0.14283218E-06
-0.11698893E-06
 0.30963937E-06
-0.13277560E-06
 0.12145143E-06
 0.12678609E-06
-0.11107894E-06
 0.28256939E-06
-0.11739252E-06
-0.11502781E-06
-0.11739252E-06
-0.11502781E-06
 0.23667119E-06
 0.14681658E-06
-0.14172008E-06
 0.10910674E-06
-0.13149282E-06
 0.33693941E-06
-0.14798487E-06
-0.13729272E-06
 0.10985652E-06
-0.12987812E-06
 0.33151220E-06
-0.14162263E-06
 0.11230749E-06
 0.14008151E-06
-0.11521812E-06
 0.30672743E-06
-0.12310685E-06
 0.10822149E-06
 0.21985789E-06
 0.11673046E-06
-0.11026823E-06
-0.10885227E-06
 0.12648399E-06
 0.11673046E-06
 0.24817122E-06
-0.12065419E-06
-0.10209604E-06
-0.13862288E-06
-0.11184581E-06
-0.12150565E-06
 0.23569726E-06
-0.14246090E-06
-0.14048401E-06
-0.13533812E-06
-0.11956737E-06
 0.35687638E-06
 0.13971240E-06
-0.13616881E-06
 0.11550048E-06
-0.12970994E-06
 0.33039902E-06
-0.18964906E-06
-0.10524840E-06
-0.17223636E-06
-0.10736931E-06
 0.37329058E-06
 0.14275744E-06
-0.11723875E-06
-0.12165964E-06
 0.12449944E-06
 0.30652990E-06
 0.10872802E-06
-0.14187792E-06
-0.11033893E-06
 0.11196039E-06
 0.24031096E-06
-0.14284874E-06
-0.10427012E-06
 0.27450728E-06
-0.11436728E-06
-0.13285524E-06
 0.10818559E-06
-0.13285241E-06
-0.11436728E-06
 0.22023517E-06
 0.10628058E-06
-0.14297774E-06
-0.12927254E-06
-0.11536278E-06
-0.13614014E-06
 0.33401317E-06
-0.12702597E-06
 0.10592218E-06
-0.11267364E-06
 0.11028887E-06
 0.21168350E-06
-0.13001676E-06
 0.12877331E-06
-0.12153027E-06
 0.10539357E-06
 0.26657243E-06
 0.12595640E-06
-0.12511415E-06
 0.12445566E-06
-0.10560003E-06
 0.25979554E-06
-0.12797903E-06
 0.10185208E-06
 0.20133316E-06
-0.10690010E-06
 0.11891357E-06
-0.12733640E-06
-0.13008687E-06
-0.10690010E-06
 0.27392766E-06
-0.12446702E-06
-0.12363424E-06
-0.11644046E-06
-0.11026823E-06
-0.12065419E-06
 0.24632803E-06
-0.10985148E-06
-0.13984930E-06
-0.12871550E-06
-0.12623670E-06
 0.30131725E-06
-0.12816286E-06
-0.13597731E-06
-0.15240290E-06
-0.11224563E-06
 0.33828934E-06
 0.11343898E-06
-0.14875972E-06
-0.12015516E-06
 0.13382644E-06
 0.31923969E-06
-0.12217844E-06
 0.12269776E-06
-0.10863684E-06
 0.13728924E-06
 0.27780924E-06
-0.14297074E-06
-0.10425690E-06
-0.13275820E-06
-0.11439434E-06
 0.27453961E-06
-0.12217844E-06
 0.12269776E-06
-0.10863684E-06
 0.13728924E-06
 0.27780924E-06
-0.11416510E-06
-0.12242335E-06
-0.12305571E-06
-0.10888535E-06
 0.24049557E-06
-0.10384419E-06
-0.12506954E-06
-0.13285524E-06
 0.10628058E-06
 0.22657113E-06
-0.12713294E-06
 0.10741011E-06
-0.11082090E-06
 0.11274950E-06
 0.21755130E-06
-0.13407943E-06
 0.12769954E-06
-0.12931550E-06
 0.10552838E-06
 0.28443277E-06
-0.13432022E-06
-0.13687214E-06
-0.13503813E-06
-0.13743520E-06
 0.36815974E-06
-0.14256231E-06
 0.10841997E-06
 0.11189247E-06
-0.11038018E-06
 0.24042885E-06
 0.10950116E-06
-0.13047554E-06
-0.11150924E-06
 0.10819112E-06
 0.21905831E-06
-0.11500455E-06
 0.12622144E-06
-0.10893355E-06
 0.11649972E-06
 0.23678828E-06
 0.11259929E-06
-0.12894063E-06
 0.13800871E-06
-0.11128376E-06
 0.27709355E-06
-0.13645786E-06
 0.11530816E-06
 0.24000411E-06
 0.10909589E-06
-0.11012867E-06
 0.11891357E-06
-0.12446702E-06
 0.10909589E-06
 0.27107451E-06
-0.13387478E-06
-0.13395014E-06
-0.10666284E-06
-0.14006495E-06
-0.11627274E-06
 0.28362593E-06
-0.12941512E-06
 0.11244402E-06
 0.13993206E-06
-0.11261986E-06
 0.28324725E-06
-0.12449528E-06
 0.12077527E-06
-0.11053931E-06
 0.12471255E-06
 0.26350658E-06
-0.12339096E-06
 0.11294982E-06
 0.10707447E-06
-0.11518902E-06
 0.22024578E-06
 0.19373782E-06
 0.10048930E-06
-0.10070864E-06
-0.14848691E-06
 0.12929045E-06
 0.10048930E-06
 0.20144795E-06
-0.10004918E-06
-0.14389088E-06
-0.14942238E-06
-0.10004918E-06
 0.19332586E-06
 0.10000646E-06
 0.14349472E-06
-0.13616221E-06
-0.10070864E-06
 0.10000646E-06
 0.21494327E-06
-0.14555653E-06
-0.13869848E-06
 0.18993513E-06
-0.10263083E-06
 0.10609845E-06
-0.12217844E-06
 0.11723875E-06
-0.10263083E-06
 0.24182839E-06
-0.10324043E-06
-0.14275744E-06
-0.13533812E-06
-0.10324043E-06
 0.20402431E-06
 0.10319190E-06
 0.11956737E-06
-0.13277560E-06
 0.10609845E-06
 0.22300716E-06
-0.11411132E-06
-0.12269776E-06
 0.11739252E-06
 0.10319190E-06
-0.11411132E-06
 0.20620419E-06
-0.11502781E-06
-0.12145143E-06
 0.19899247E-06
-0.10014897E-06
-0.10330929E-06
-0.14762290E-06
-0.12202070E-06
-0.10014897E-06
 0.19421388E-06
 0.12372073E-06
 0.14335343E-06
-0.10286611E-06
-0.10330929E-06
 0.22051216E-06
 0.10149115E-06
 0.13150232E-06
-0.13577476E-06
 0.10149115E-06
 0.19040810E-06
-0.11880515E-06
-0.10496902E-06
-0.12621888E-06
 0.12372073E-06
-0.11880515E-06
 0.30480229E-06
-0.13125550E-06
 0.12982416E-06
 0.43642691E-14
 0.76643294E-15
-0.27836389E-15
-0.26708223E-15
 0.48542574E-15
 0.76643294E-15
 0.44278367E-14
 0.41771508E-15
 0.31697528E-15
 0.54092456E-15
 0.51248691E-14
 0.64577812E-15
 0.51209566E-15
 0.27401937E-15
 0.30126306E-15
 0.64577812E-15
 0.46961661E-14
-0.86534179E-16
-0.59427099E-15
 0.57600481E-15
-0.27836389E-15
 0.51209566E-15
 0.44464667E-14
 0.45444686E-15
-0.66280941E-15
 0.41771508E-15
-0.86534179E-16
 0.43757808E-14
 0.55610061E-15
-0.34102659E-15
 0.57417589E-14
-0.15970601E-14
 0.14008252E-14
-0.60239689E-16
-0.25793611E-16
-0.15970601E-14
 0.57284982E-14
 0.12195385E-14
-0.15578370E-15
-0.15172158E-15
 0.14008252E-14
 0.51811962E-14
-0.11384163E-14
-0.50467737E-16
-0.90263495E-17
 0.12195385E-14
-0.11384163E-14
 0.47298041E-14
 0.14861506E-15
-0.22547660E-15
 0.63260843E-14
-0.59142263E-15
 0.71076405E-15
-0.94569131E-16
 0.22556599E-16
-0.59142263E-15
 0.51952910E-14
 0.75912979E-15
 0.11263540E-14
-0.60078983E-15
 0.71076405E-15
 0.56577374E-14
 0.41999194E-15
 0.10704285E-14
 0.10609508E-14
 0.75912979E-15
 0.49779933E-14
 0.34475081E-15
 0.14660953E-15
 0.23242140E-15
 0.41999194E-15
 0.60344754E-14
-0.71509163E-15
-0.14084039E-15
-0.20311733E-15
 0.34475081E-15
-0.71509163E-15
 0.48356912E-14
-0.74298550E-15
 0.10592177E-14
 0.19045014E-06
 0.12546104E-06
-0.10157794E-06
 0.12764040E-06
-0.10152428E-06
 0.12546104E-06
 0.30183772E-06
-0.11658579E-06
-0.13653115E-06
 0.12391694E-06
-0.11658579E-06
 0.20231292E-06
-0.10012990E-06
-0.14522024E-06
-0.10852903E-06
-0.10012990E-06
 0.21644798E-06
 0.10339377E-06
 0.14511217E-06
-0.13461608E-06
-0.10157794E-06
 0.10339377E-06
 0.19804655E-06
-0.11958224E-06
-0.13344785E-06
 0.19916373E-06
 0.10903665E-06
-0.11110173E-06
-0.11259929E-06
 0.11438579E-06
 0.10903665E-06
 0.22492979E-06
-0.10222990E-06
-0.12894063E-06
 0.12733640E-06
 0.21878284E-06
-0.10483284E-06
 0.10194931E-06
 0.13084683E-06
-0.13001676E-06
-0.11110173E-06
-0.10483284E-06
 0.21361553E-06
-0.12226077E-06
-0.11840492E-06
-0.10222990E-06
 0.10194931E-06
 0.20541289E-06
-0.13008687E-06
-0.12877331E-06
 0.41943798E-14
 0.14975273E-14
-0.60972061E-15
 0.10935817E-15
-0.24693012E-15
 0.14975273E-14
 0.48170702E-14
-0.12707970E-14
 0.41977441E-15
 0.23112577E-15
-0.12707970E-14
 0.58531899E-14
 0.12891628E-14
-0.59606491E-15
-0.48310790E-15
-0.60972061E-15
 0.12891628E-14
 0.37897269E-14
-0.44318611E-15
 0.20824412E-15
 0.63930006E-14
 0.12070233E-14
-0.11671259E-14
 0.65003907E-16
-0.16103073E-15
 0.12070233E-14
 0.50268618E-14
-0.59425823E-15
 0.96105188E-16
 0.55583766E-15
-0.11671259E-14
 0.50199032E-14
 0.85507780E-15
-0.84557438E-16
 0.60899586E-15
 0.85507780E-15
 0.39699965E-14
 0.49404887E-15
 0.32486087E-15
 0.25706293E-15
-0.59425823E-15
 0.49404887E-15
 0.37603270E-14
-0.32836202E-15
 0.51913661E-15
 0.26638506E-06
 0.11771817E-06
-0.10505350E-06
 0.14162263E-06
-0.12310685E-06
 0.11771817E-06
 0.18773478E-06
-0.10725690E-06
-0.10822149E-06
 0.10985148E-06
 0.25198113E-06
-0.12514535E-06
 0.12624639E-06
 0.11082090E-06
-0.11267364E-06
-0.10725690E-06
-0.12514535E-06
 0.26386963E-06
-0.11274950E-06
-0.13984930E-06
-0.10505350E-06
 0.17271725E-06
-0.12139690E-06
 0.10209604E-06
-0.11230749E-06
 0.12624639E-06
-0.12139690E-06
 0.28840348E-06
-0.11028887E-06
-0.13862288E-06
 0.24263017E-06
-0.10785536E-06
 0.10765766E-06
-0.14306338E-06
 0.11663773E-06
-0.10785536E-06
 0.27591984E-06
-0.11751055E-06
-0.14028841E-06
-0.12524392E-06
-0.11751055E-06
 0.19383839E-06
 0.12410712E-06
-0.10565055E-06
 0.10296522E-06
 0.12410712E-06
 0.26367454E-06
-0.14294446E-06
-0.12186885E-06
 0.10167384E-06
-0.14294446E-06
 0.32386171E-06
-0.10835872E-06
-0.15058103E-06
-0.12059592E-06
 0.10765766E-06
-0.10835872E-06
 0.15760319E-06
 0.10573717E-06
-0.10832198E-06
-0.12217844E-06
-0.12269776E-06
 0.27780924E-06
-0.10863684E-06
-0.13728924E-06
 0.11739252E-06
-0.11502781E-06
 0.23667119E-06
-0.11739252E-06
 0.11502781E-06
-0.10863684E-06
 0.17290383E-06
 0.10863684E-06
 0.10925273E-06
-0.10925273E-06
 0.10863684E-06
 0.27780924E-06
-0.12269776E-06
-0.13728924E-06
-0.12217844E-06
-0.11739252E-06
-0.12269776E-06
 0.22300716E-06
-0.11411132E-06
 0.10609845E-06
-0.14762290E-06
 0.14335343E-06
 0.37584861E-06
-0.11547155E-06
 0.14631071E-06
-0.10286611E-06
-0.13125550E-06
 0.19697400E-06
-0.10796254E-06
-0.11055819E-06
-0.11547155E-06
 0.18332987E-06
-0.12411053E-06
-0.10267799E-06
-0.10406066E-06
-0.12411053E-06
 0.26434775E-06
 0.11819298E-06
 0.12625414E-06
-0.11214656E-06
-0.10796254E-06
 0.11819298E-06
 0.25548141E-06
-0.11650911E-06
 0.13588057E-06
-0.94569131E-16
 0.11263540E-14
 0.63271095E-14
 0.11386391E-14
 0.25092558E-15
-0.60078983E-15
 0.14660953E-15
 0.59571791E-14
 0.12837044E-14
 0.91711843E-16
 0.12837044E-14
 0.55875930E-14
-0.94470126E-15
 0.51527737E-15
 0.49741316E-15
 0.11386391E-14
-0.94470126E-15
 0.59391307E-14
 0.15111535E-15
-0.45239299E-15
 0.20402515E-06
-0.13999986E-06
 0.10236090E-06
 0.10112023E-06
-0.12159608E-06
-0.13999986E-06
 0.37452170E-06
-0.15037329E-06
-0.12529329E-06
-0.13370377E-06
-0.15037329E-06
 0.19043926E-06
 0.11144735E-06
 0.10000013E-06
-0.10405710E-06
 0.10236090E-06
 0.23293995E-06
-0.12217514E-06
-0.13672313E-06
 0.11077411E-06
 0.11144735E-06
 0.27623920E-06
-0.10291809E-06
 0.13629606E-06
-0.14873221E-06
-0.12217514E-06
-0.10291809E-06
 0.21723904E-06
-0.11484452E-06
-0.11994930E-06
 0.34966397E-06
 0.13517139E-06
-0.15330389E-06
-0.16073233E-06
-0.10138188E-06
 0.13517139E-06
 0.29685218E-06
-0.11015862E-06
 0.12861688E-06
-0.12732597E-06
-0.11015862E-06
 0.20687076E-06
-0.10548602E-06
-0.12670729E-06
-0.11148231E-06
-0.10548602E-06
 0.20086981E-06
 0.11713524E-06
 0.11999411E-06
-0.10769410E-06
-0.15330389E-06
 0.20449842E-06
-0.15701024E-06
 0.10092729E-06
 0.10180705E-06
-0.15701024E-06
 0.35895341E-06
-0.16713219E-06
-0.10010143E-06
-0.14755254E-06
 0.11713524E-06
-0.16713219E-06
 0.35173652E-06
-0.12493276E-06
 0.12928106E-06
 0.25123047E-06
-0.11033893E-06
 0.11038018E-06
 0.12737809E-06
-0.12741896E-06
-0.11033893E-06
 0.24031096E-06
-0.10872802E-06
-0.11196039E-06
-0.14187792E-06
-0.10872802E-06
 0.18099977E-06
 0.13432022E-06
-0.10039007E-06
 0.10762870E-06
 0.13432022E-06
 0.36815974E-06
-0.13503813E-06
-0.13687214E-06
 0.13743520E-06
 0.11038018E-06
 0.24042885E-06
-0.10841997E-06
-0.11189247E-06
-0.14256231E-06
-0.13503813E-06
-0.10841997E-06
 0.18047139E-06
-0.10030418E-06
 0.10771253E-06
 0.29267988E-06
-0.11961932E-06
-0.16994329E-06
 0.10468989E-06
-0.11592918E-06
-0.11961932E-06
 0.27083161E-06
-0.11662346E-06
-0.11805048E-06
-0.12960374E-06
-0.11662346E-06
 0.23307002E-06
 0.10346429E-06
 0.11216261E-06
-0.13842382E-06
-0.16994329E-06
 0.31883707E-06
 0.21159669E-06
-0.10111101E-06
 0.10048906E-06
 0.21159669E-06
 0.47924130E-06
-0.13741890E-06
-0.12473057E-06
 0.15926797E-06
-0.13741890E-06
 0.16615936E-06
-0.11769439E-06
 0.10152953E-06
-0.10029728E-06
 0.10346429E-06
-0.11769439E-06
 0.26152928E-06
-0.11714014E-06
-0.15007878E-06
 0.73923620E-07
-0.58695525E-15
-0.10661226E-06
 0.10661226E-06
 0.66048270E-15
-0.58695525E-15
 0.50257434E-14
 0.50287355E-15
-0.30446615E-15
 0.19624276E-15
 0.50287355E-15
 0.44402499E-14
 0.16609565E-15
 0.65605492E-15
 0.45419594E-15
 0.16609565E-15
 0.97165274E-07
 0.11117676E-06
-0.11117676E-06
-0.54704855E-15
-0.10661226E-06
 0.31609564E-06
-0.12879661E-06
-0.12879661E-06
-0.15375567E-06
 0.11117676E-06
-0.12879661E-06
 0.22939287E-06
-0.12720875E-06
 0.10218412E-06
 0.11723875E-06
-0.14275744E-06
 0.30646756E-06
-0.12445566E-06
 0.12166601E-06
-0.13728924E-06
 0.10925273E-06
 0.29331297E-06
-0.14297074E-06
-0.11320750E-06
-0.12445566E-06
 0.25979554E-06
-0.12511415E-06
-0.12595640E-06
-0.10560003E-06
-0.12511415E-06
 0.22649818E-06
 0.13275820E-06
-0.10629627E-06
 0.10383179E-06
-0.14297074E-06
 0.13275820E-06
 0.27453961E-06
 0.10425690E-06
-0.11439434E-06
 0.14631071E-06
-0.10267799E-06
 0.28315776E-06
 0.10826439E-06
-0.14982608E-06
-0.10406066E-06
 0.12625414E-06
 0.19837788E-06
 0.10015898E-06
-0.13246773E-06
 0.10826439E-06
 0.17601140E-06
-0.12217450E-06
-0.10597891E-06
 0.10418746E-06
 0.10015898E-06
-0.12217450E-06
 0.25855009E-06
-0.12801929E-06
-0.14340565E-06
 0.23242140E-15
-0.74298550E-15
 0.46317674E-14
-0.43319620E-15
 0.74869034E-15
 0.91711843E-16
 0.51527737E-15
 0.64222143E-14
 0.51274040E-15
 0.26485470E-15
 0.51274040E-15
 0.51513208E-14
 0.33604077E-16
-0.10002788E-14
 0.13313064E-14
-0.43319620E-15
 0.52759100E-14
 0.35816474E-16
-0.84873868E-15
 0.24618267E-15
 0.33604077E-16
 0.35816474E-16
 0.51754387E-14
 0.23162748E-15
 0.64383880E-15
-0.14389088E-06
 0.14349472E-06
 0.31590825E-06
-0.11352417E-06
 0.11451291E-06
-0.13616221E-06
-0.14555653E-06
 0.32451382E-06
-0.10391031E-06
-0.14008151E-06
-0.11352417E-06
 0.28060360E-06
-0.12812378E-06
-0.12985906E-06
-0.11868463E-06
-0.10391031E-06
 0.18880090E-06
 0.10116968E-06
-0.13320258E-06
 0.11521812E-06
-0.12812378E-06
 0.10116968E-06
 0.19979587E-06
-0.13041308E-06
 0.10210915E-06
-0.26708223E-15
 0.31697528E-15
 0.53365300E-14
 0.10947852E-14
 0.16200585E-15
 0.48542574E-15
 0.45444686E-15
 0.36426192E-14
 0.24169278E-15
 0.20842655E-15
 0.10947852E-14
 0.46475594E-14
 0.20112042E-15
 0.57054608E-15
 0.72925601E-15
 0.24169278E-15
 0.34452224E-14
-0.37567226E-15
-0.49368298E-15
 0.77190338E-15
 0.20112042E-15
-0.37567226E-15
 0.42451062E-14
-0.28526595E-15
-0.43185593E-16
-0.14522024E-06
 0.14511217E-06
 0.34119638E-06
-0.11827516E-06
 0.12069335E-06
-0.13461608E-06
-0.11958224E-06
 0.28832087E-06
-0.12163457E-06
 0.11839456E-06
-0.12163457E-06
 0.19215265E-06
 0.10126742E-06
-0.10858117E-06
-0.11906628E-06
 0.10126742E-06
 0.23263238E-06
-0.10376628E-06
 0.12663510E-06
-0.14959756E-06
-0.11827516E-06
-0.10376628E-06
 0.20916148E-06
-0.12467528E-06
-0.10918852E-06
-0.11259929E-06
-0.12894063E-06
 0.27709355E-06
-0.13800871E-06
-0.11128376E-06
 0.12733640E-06
-0.13008687E-06
 0.27392766E-06
-0.12446702E-06
 0.10690010E-06
 0.24000411E-06
-0.10909589E-06
 0.13645786E-06
-0.11530816E-06
 0.11012867E-06
-0.12446702E-06
-0.10909589E-06
 0.27107451E-06
-0.13387478E-06
-0.11891357E-06
-0.13800871E-06
 0.26725627E-06
-0.14411236E-06
 0.10669837E-06
-0.10474315E-06
 0.13645786E-06
-0.14411236E-06
 0.27784019E-06
 0.11186804E-06
-0.10471747E-06
-0.59606491E-15
-0.44318611E-15
 0.60864629E-14
 0.10015930E-14
 0.30944070E-15
 0.10935817E-15
 0.20824412E-15
 0.13292348E-06
 0.12058105E-06
-0.22387645E-06
 0.10015930E-14
 0.12632612E-06
-0.11459628E-06
-0.12227183E-06
 0.10015930E-14
 0.12058105E-06
-0.11459628E-06
 0.21334028E-06
-0.20308872E-06
 0.11091846E-06
-0.15058103E-06
 0.10573717E-06
 0.30963937E-06
-0.11698893E-06
 0.14283218E-06
-0.14306338E-06
-0.10832198E-06
 0.26898137E-06
 0.10135087E-06
-0.14758552E-06
-0.11698893E-06
 0.17775151E-06
-0.10093483E-06
-0.10270222E-06
-0.12801621E-06
 0.10135087E-06
-0.10093483E-06
 0.19096090E-06
 0.13800155E-06
-0.11962981E-06
 0.24301687E-06
 0.10394387E-06
-0.11591679E-06
-0.12902897E-06
 0.12469742E-06
 0.10394387E-06
 0.18625921E-06
-0.10303992E-06
-0.12203739E-06
 0.11824578E-06
 0.21693470E-06
-0.10285383E-06
 0.10419065E-06
 0.13912480E-06
-0.12031294E-06
-0.11591679E-06
-0.10285383E-06
 0.18852257E-06
-0.11847050E-06
-0.10858430E-06
-0.10303992E-06
 0.10419065E-06
 0.23362680E-06
-0.13853739E-06
-0.13037535E-06
 0.20915650E-06
 0.10008245E-06
-0.10085796E-06
-0.14532085E-06
 0.13768924E-06
 0.10008245E-06
 0.20035057E-06
-0.11734454E-06
-0.14346032E-06
 0.10775951E-06
-0.11734454E-06
 0.31602962E-06
-0.14053683E-06
-0.12912361E-06
-0.12452064E-06
-0.14053683E-06
 0.20550297E-06
 0.10115321E-06
 0.10057263E-06
-0.12857001E-06
-0.10085796E-06
 0.10115321E-06
 0.20092207E-06
-0.13541421E-06
-0.12885115E-06
 0.29108797E-06
 0.10200339E-06
-0.10265335E-06
-0.15884046E-06
 0.15958769E-06
 0.10200339E-06
 0.18215546E-06
-0.10297123E-06
-0.11288573E-06
-0.13131237E-06
-0.10265335E-06
 0.18978768E-06
-0.10619092E-06
-0.11102072E-06
-0.12973205E-06
-0.10297123E-06
 0.22293179E-06
 0.11806218E-06
 0.12329949E-06
-0.11844981E-06
-0.10619092E-06
 0.11806218E-06
 0.20567190E-06
 0.11637944E-06
-0.11077313E-06
 0.25197470E-06
-0.10230229E-06
 0.10341666E-06
-0.13407876E-06
-0.15218297E-06
-0.10230229E-06
 0.18322456E-06
 0.11232996E-06
 0.11422604E-06
-0.11425822E-06
 0.11232996E-06
 0.22058372E-06
-0.11043333E-06
 0.11421366E-06
-0.12058295E-06
-0.11043333E-06
 0.21716422E-06
-0.10181996E-06
-0.12711660E-06
-0.12361350E-06
 0.10341666E-06
-0.10181996E-06
 0.19863181E-06
-0.11986737E-06
 0.13255555E-06
 0.23054472E-06
-0.10291902E-06
 0.12594179E-06
 0.12775425E-06
-0.11186698E-06
-0.10291902E-06
 0.18154922E-06
-0.10188290E-06
-0.12661707E-06
-0.11664451E-06
 0.12594179E-06
 0.23017227E-06
-0.10397770E-06
 0.12590637E-06
-0.11119634E-06
-0.10397770E-06
 0.18225167E-06
 0.10221599E-06
-0.12469776E-06
-0.11565472E-06
-0.10188290E-06
 0.10221599E-06
 0.26229225E-06
 0.14939827E-06
-0.14912896E-06
 0.22836407E-06
-0.10263807E-06
-0.10578802E-06
-0.11776637E-06
-0.14757630E-06
-0.10263807E-06
 0.17605199E-06
 0.10742611E-06
 0.11505387E-06
-0.11499816E-06
 0.10742611E-06
 0.22287960E-06
-0.10083624E-06
-0.15290234E-06
-0.12864136E-06
-0.10083624E-06
 0.20762555E-06
 0.13877338E-06
 0.15011506E-06
-0.10076692E-06
-0.10578802E-06
 0.13877338E-06
 0.29300001E-06
 0.12881684E-06
-0.12873150E-06
 0.20461859E-06
 0.10360362E-06
-0.11390939E-06
 0.11687119E-06
-0.11792270E-06
 0.10360362E-06
 0.23146883E-06
-0.10430651E-06
-0.13637848E-06
-0.12931383E-06
 0.23673709E-06
-0.10349152E-06
 0.10342489E-06
 0.13925298E-06
-0.13240221E-06
-0.11390939E-06
-0.10349152E-06
 0.19947393E-06
-0.11663160E-06
-0.11572721E-06
-0.10430651E-06
 0.10342489E-06
 0.19196225E-06
 0.12080805E-06
-0.12099803E-06
 0.18298481E-06
-0.10014487E-06
-0.10558109E-06
-0.12653311E-06
-0.12619108E-06
-0.10014487E-06
 0.29800248E-06
 0.10114715E-06
 0.17564569E-06
-0.17515009E-06
 0.10114715E-06
 0.18939826E-06
-0.10831647E-06
-0.11142987E-06
-0.13023014E-06
-0.10558109E-06
 0.27120400E-06
 0.13703168E-06
 0.12020214E-06
-0.12617624E-06
-0.10831647E-06
 0.13703168E-06
 0.20386983E-06
 0.11280455E-06
-0.10132900E-06
 0.30333611E-06
-0.10028224E-06
-0.12912555E-06
-0.14668167E-06
-0.14631994E-06
-0.10028224E-06
 0.19357625E-06
 0.10065416E-06
 0.12833643E-06
-0.13735515E-06
 0.10065416E-06
 0.21986847E-06
-0.11409170E-06
-0.13089857E-06
 0.12150565E-06
-0.12912555E-06
 0.17871858E-06
 0.10192026E-06
-0.12253112E-06
 0.10021279E-06
-0.11409170E-06
 0.10192026E-06
 0.21980320E-06
-0.13799352E-06
-0.11184581E-06
 0.18626001E-06
-0.10002858E-06
-0.10712896E-06
-0.12241110E-06
-0.12490481E-06
-0.10002858E-06
 0.27631140E-06
 0.10878778E-06
-0.14422256E-06
 0.16177206E-06
 0.10878778E-06
 0.18517976E-06
-0.10117629E-06
-0.13397255E-06
-0.10690825E-06
-0.10117629E-06
 0.21433765E-06
 0.12310479E-06
 0.12966388E-06
-0.10950252E-06
-0.10712896E-06
 0.12310479E-06
 0.23544214E-06
-0.11579482E-06
 0.12027943E-06
 0.26026169E-06
 0.10198403E-06
-0.10432942E-06
-0.15001704E-06
 0.14048698E-06
 0.10198403E-06
 0.18616608E-06
-0.10525141E-06
-0.11604052E-06
 0.12467021E-06
 0.21797684E-06
 0.10095792E-06
-0.12367186E-06
-0.12833185E-06
 0.11221194E-06
-0.10432942E-06
 0.10095792E-06
 0.19284033E-06
-0.11413552E-06
-0.13738529E-06
-0.10525141E-06
-0.12367186E-06
 0.22693321E-06
-0.11221194E-06
-0.12231298E-06
 0.24389677E-06
-0.10234637E-06
 0.10122406E-06
 0.17020131E-06
-0.15034497E-06
-0.10234637E-06
 0.22873241E-06
-0.13711951E-06
-0.15025004E-06
-0.10948098E-06
 0.10122406E-06
 0.19606360E-06
-0.10779495E-06
-0.11893184E-06
-0.12544730E-06
-0.13711951E-06
 0.27097060E-06
 0.11355021E-06
 0.10848121E-06
-0.12888526E-06
-0.10779495E-06
 0.11355021E-06
 0.19561507E-06
-0.10832418E-06
 0.11658477E-06
 0.37888845E-14
-0.75687324E-15
 0.59468428E-15
-0.13565690E-15
 0.88548408E-15
-0.75687324E-15
 0.49482259E-14
 0.32558778E-15
 0.26825589E-15
-0.38429664E-15
 0.32558778E-15
 0.38761128E-14
 0.97277818E-15
 0.14782112E-15
 0.10233902E-14
 0.97277818E-15
 0.39492986E-14
-0.75000951E-15
 0.11395845E-15
 0.29924013E-16
 0.59468428E-15
-0.75000951E-15
 0.33605916E-14
 0.22363198E-15
 0.21542960E-15
 0.30826781E-14
 0.49368298E-15
 0.43991389E-15
 0.88783972E-16
 0.20842655E-15
 0.49368298E-15
 0.34452224E-14
-0.77190339E-15
-0.24169279E-15
 0.37567225E-15
 0.43991389E-15
 0.28869004E-14
-0.66680506E-15
-0.31833387E-15
 0.72266637E-16
-0.77190339E-15
 0.38598414E-14
 0.47038610E-15
 0.59963296E-16
-0.43185588E-16
-0.66680506E-15
 0.47038610E-15
 0.30264397E-14
 0.72266637E-16
 0.52081995E-15
 0.34319004E-14
-0.55435326E-15
 0.87883567E-15
 0.44675468E-15
 0.61754939E-16
-0.55435326E-15
 0.36126321E-14
 0.17701497E-15
-0.39597443E-15
-0.14142371E-17
 0.87883567E-15
 0.35606825E-14
-0.76188448E-15
-0.36378799E-16
 0.70736255E-17
-0.76188448E-15
 0.30776781E-14
 0.45483336E-15
 0.15004453E-15
-0.46094001E-15
 0.17701497E-15
 0.45483336E-15
 0.34364315E-14
-0.10220712E-16
 0.45486053E-15
 0.37022639E-14
 0.57775864E-15
 0.33814080E-15
-0.60394055E-16
 0.32790260E-15
 0.57775864E-15
 0.31916356E-14
-0.58006633E-15
 0.39278819E-15
-0.46285735E-15
 0.33814080E-15
 0.40883151E-14
-0.10383341E-14
 0.69590999E-16
-0.42776278E-15
-0.58006633E-15
 0.38348375E-14
 0.79513460E-15
-0.17776896E-15
-0.16161116E-16
-0.10383341E-14
 0.79513460E-15
 0.42982240E-14
 0.19892583E-15
 0.96749068E-16
-0.10925273E-06
-0.13728924E-06
 0.29319430E-06
-0.11323193E-06
-0.14284874E-06
 0.12737809E-06
-0.11196039E-06
-0.11323193E-06
 0.21190220E-06
 0.10427012E-06
-0.12741896E-06
-0.11189247E-06
-0.11320750E-06
 0.10425690E-06
 0.21171816E-06
-0.14982608E-06
-0.10597891E-06
 0.33198177E-06
 0.12435786E-06
-0.14969475E-06
 0.10418746E-06
-0.12801929E-06
 0.21807454E-06
-0.10230168E-06
 0.13276091E-06
 0.12435786E-06
 0.17826593E-06
-0.10049903E-06
 0.13112256E-06
-0.10045261E-06
-0.10230168E-06
-0.10049903E-06
 0.20262453E-06
-0.12471391E-06
-0.13898263E-06
-0.84557438E-16
 0.32486087E-15
 0.49889390E-14
-0.69154617E-15
 0.95823012E-16
 0.25706293E-15
-0.32836202E-15
 0.39683963E-14
-0.69034297E-15
 0.16676223E-15
-0.10002788E-14
 0.23162748E-15
-0.69034297E-15
 0.42814276E-14
 0.36178849E-15
-0.84873868E-15
 0.64383880E-15
-0.69154617E-15
 0.49443914E-14
 0.70891492E-15
-0.50467737E-16
 0.14861506E-15
 0.52339449E-14
 0.56300164E-15
-0.76605403E-16
-0.15578370E-15
-0.22547660E-15
 0.16200585E-15
 0.57054608E-15
 0.54979621E-14
 0.72925601E-15
-0.28526595E-15
 0.41186778E-14
-0.72715019E-15
 0.29423093E-15
 0.56300164E-15
-0.72715019E-15
 0.45905234E-14
 0.19793355E-15
-0.99737906E-15
 0.12764040E-06
-0.13344785E-06
 0.33989564E-06
 0.12570653E-06
-0.13864704E-06
 0.11839456E-06
-0.10858117E-06
 0.23831508E-06
-0.10227468E-06
 0.14953279E-06
 0.12570653E-06
 0.20336744E-06
-0.10905169E-06
-0.10120793E-06
 0.12098897E-06
-0.10227468E-06
-0.10905169E-06
 0.18542557E-06
-0.11822038E-06
-0.11531231E-06
-0.11128376E-06
 0.10669837E-06
 0.20209918E-06
-0.10838643E-06
 0.12455605E-06
-0.10474315E-06
 0.11186804E-06
 0.16335089E-06
 0.10259651E-06
-0.11616220E-06
 0.10259651E-06
 0.26286918E-06
-0.10439049E-06
 0.14472034E-06
-0.14526323E-06
-0.10838643E-06
-0.10439049E-06
 0.18219785E-06
-0.11631843E-06
-0.11226461E-06
-0.22387645E-06
-0.20308872E-06
 0.50789590E-06
 0.11976140E-06
-0.22068838E-06
-0.12227183E-06
 0.11091846E-06
 0.20011763E-06
-0.10368921E-06
 0.11381880E-06
-0.10368921E-06
 0.21729557E-06
-0.10779095E-06
-0.14432905E-06
-0.10989619E-06
 0.11976140E-06
-0.10779095E-06
 0.24502799E-06
 0.13804472E-06
-0.20201469E-06
-0.11117676E-06
-0.12720875E-06
 0.22662094E-06
-0.10125083E-06
-0.13030716E-06
-0.12879661E-06
 0.10218412E-06
 0.18452341E-06
-0.10329498E-06
 0.11483674E-06
-0.10125083E-06
 0.18776681E-06
 0.10425714E-06
-0.11420197E-06
 0.13271722E-06
-0.10329498E-06
 0.10425714E-06
 0.25799996E-06
-0.14406319E-06
-0.14066523E-06
 0.33401317E-06
 0.11536278E-06
-0.12927254E-06
 0.14297774E-06
-0.13614014E-06
 0.11536278E-06
 0.18761983E-06
-0.11500455E-06
 0.10847690E-06
-0.10477275E-06
 0.26899809E-06
 0.11150924E-06
-0.11649972E-06
-0.13310967E-06
 0.12324554E-06
 0.11150924E-06
 0.21905831E-06
-0.10950116E-06
 0.13047554E-06
-0.10819112E-06
-0.11500455E-06
-0.11649972E-06
 0.23678828E-06
-0.10893355E-06
-0.12622144E-06
-0.12927254E-06
-0.10950116E-06
 0.18413443E-06
-0.11125072E-06
-0.10039029E-06
 0.43580117E-14
 0.71373035E-15
 0.27836389E-15
 0.48542575E-15
 0.35170274E-15
 0.71373035E-15
 0.45736636E-14
-0.50092612E-15
 0.49198715E-15
-0.30685406E-15
 0.51248691E-14
 0.64577812E-15
-0.51209567E-15
-0.30126306E-15
 0.27401937E-15
 0.64577812E-15
 0.46995247E-14
 0.94811860E-16
 0.59427099E-15
 0.57533764E-15
 0.27836389E-15
-0.51209567E-15
 0.44464668E-14
 0.66280941E-15
-0.45444687E-15
-0.50092612E-15
 0.94811860E-16
 0.44703271E-14
-0.55357305E-15
 0.37396424E-15
 0.11082090E-06
-0.11274950E-06
 0.21755130E-06
-0.10741011E-06
-0.12713294E-06
-0.11267364E-06
-0.11028887E-06
 0.21168350E-06
-0.10592218E-06
-0.12702597E-06
-0.10039007E-06
-0.13687214E-06
-0.10741011E-06
 0.20031143E-06
 0.11601130E-06
 0.13743520E-06
-0.10030418E-06
-0.10592218E-06
 0.20115204E-06
 0.11880513E-06
 0.49741316E-15
 0.15111535E-15
 0.60071539E-14
-0.94964676E-15
-0.23160715E-15
 0.26485470E-15
 0.13313064E-14
 0.14782112E-15
 0.11395845E-15
 0.52824274E-14
 0.26825589E-15
 0.10233902E-14
-0.94964676E-15
 0.50060794E-14
 0.87567057E-15
 0.29924013E-16
 0.22363198E-15
 0.41696147E-14
 0.30573344E-16
-0.64541231E-15
 0.16676223E-15
 0.36178849E-15
 0.30573344E-16
 0.44519739E-14
 0.58599799E-15
 0.20842655E-15
-0.49368298E-15
 0.30826781E-14
 0.43991388E-15
-0.88783977E-16
 0.77190338E-15
-0.43185593E-16
 0.38598414E-14
-0.47038610E-15
-0.59963298E-16
 0.43991388E-15
 0.28869003E-14
 0.66680505E-15
 0.31833386E-15
 0.72266641E-16
-0.47038610E-15
 0.66680505E-15
 0.30264397E-14
-0.72266641E-16
 0.52081994E-15
-0.10152428E-06
-0.13653115E-06
 0.21874493E-06
-0.11850643E-06
-0.10952427E-06
-0.12670729E-06
 0.11999411E-06
-0.11850643E-06
 0.27385383E-06
 0.11988763E-06
-0.10769410E-06
-0.12493276E-06
-0.13864704E-06
-0.10120793E-06
 0.22648977E-06
 0.30944070E-15
 0.10015930E-14
 0.68390664E-14
-0.15052125E-15
 0.84394456E-15
 0.11381880E-06
-0.14432905E-06
 0.30333698E-06
-0.10755717E-06
 0.14521978E-06
-0.15052125E-15
 0.63097843E-14
 0.48123959E-15
 0.93231512E-15
 0.89497340E-17
-0.10755717E-06
 0.48123959E-15
 0.79833640E-07
 0.10742681E-14
-0.10778847E-06
 0.10112023E-06
-0.12529329E-06
 0.11483674E-06
-0.14406319E-06
 0.25065808E-06
-0.13370377E-06
 0.10000013E-06
 0.24445103E-06
-0.12112635E-06
-0.13267110E-06
 0.10661226E-06
-0.15375567E-06
 0.31609564E-06
 0.12879661E-06
-0.12879661E-06
-0.12112635E-06
 0.12879661E-06
 0.19651316E-06
-0.10218412E-06
 0.10331970E-06
-0.10565055E-06
-0.12186885E-06
 0.20872450E-06
-0.11347952E-06
 0.11240721E-06
 0.10167384E-06
-0.12059592E-06
 0.18689536E-06
-0.12336264E-06
-0.10408659E-06
-0.11805048E-06
 0.11216261E-06
-0.11347952E-06
 0.23620319E-06
-0.12150892E-06
-0.13842382E-06
-0.11714014E-06
-0.12336264E-06
 0.30722218E-06
 0.12698489E-06
-0.12912361E-06
 0.10057263E-06
 0.17281486E-06
-0.10056534E-06
-0.12192883E-06
-0.12857001E-06
-0.13541421E-06
 0.29691307E-06
-0.10079539E-06
-0.15026449E-06
-0.10079539E-06
 0.19195888E-06
 0.11748458E-06
-0.11130818E-06
 0.12136600E-06
-0.10056534E-06
 0.11748458E-06
 0.25062950E-06
 0.15249156E-06
-0.11829237E-06
-0.13320258E-06
-0.13041308E-06
-0.12253112E-06
-0.13799352E-06
 0.33760456E-06
-0.12985906E-06
 0.10210915E-06
 0.19524973E-06
-0.10000611E-06
 0.13647045E-06
-0.14668167E-06
 0.10021279E-06
-0.10000611E-06
 0.22283439E-06
-0.14873865E-06
-0.14256231E-06
 0.10771253E-06
 0.13047554E-06
-0.11125072E-06
 0.27419251E-06
 0.14297774E-06
-0.10039029E-06
-0.12702597E-06
 0.11880513E-06
 0.25350939E-06
-0.10629627E-06
-0.11439434E-06
-0.13310967E-06
-0.10819112E-06
 0.22074200E-06
-0.10010143E-06
 0.12928106E-06
 0.16584421E-06
-0.11041599E-06
 0.10830677E-06
 0.12098897E-06
-0.11822038E-06
 0.27981264E-06
-0.12304180E-06
 0.12618723E-06
-0.11041599E-06
-0.12304180E-06
 0.23973903E-06
-0.13526052E-06
-0.10444784E-06
 0.41977441E-15
-0.48310790E-15
 0.59767269E-14
 0.90065879E-15
-0.32341392E-15
 0.84394456E-15
 0.93231512E-15
 0.62116874E-14
 0.10155692E-15
 0.12227008E-14
 0.10155692E-15
 0.64348941E-14
-0.80020514E-15
-0.35433954E-15
-0.35845331E-15
 0.90065879E-15
-0.80020514E-15
 0.54606371E-14
 0.11846654E-14
-0.10459801E-14
-0.12159608E-06
-0.13672313E-06
 0.32699761E-06
 0.11795172E-06
-0.14286490E-06
-0.11420197E-06
-0.14066523E-06
 0.24903179E-06
-0.10307486E-06
-0.12204279E-06
 0.11795172E-06
-0.10307486E-06
 0.19642929E-06
 0.13248760E-06
-0.10238755E-06
 0.11438579E-06
-0.12226077E-06
 0.12324554E-06
-0.10893355E-06
 0.24111625E-06
 0.12455605E-06
-0.11631843E-06
 0.10847690E-06
-0.12622144E-06
 0.25272873E-06
 0.13084683E-06
-0.11840492E-06
-0.12595640E-06
 0.10383179E-06
 0.25231802E-06
-0.14631994E-06
 0.12833643E-06
 0.14472034E-06
-0.11226461E-06
 0.34288993E-06
-0.13735515E-06
-0.13089857E-06
-0.13614014E-06
-0.10477275E-06
 0.30227041E-06
 0.10209604E-06
-0.13862288E-06
 0.12150565E-06
-0.11184581E-06
 0.23569726E-06
 0.14162263E-06
-0.11230749E-06
-0.14008151E-06
 0.11521812E-06
 0.30672743E-06
-0.11214656E-06
-0.11650911E-06
-0.11530816E-06
-0.10471747E-06
 0.19903646E-06
-0.13246773E-06
-0.14340565E-06
-0.11616220E-06
-0.14526323E-06
 0.35413527E-06
 0.13276091E-06
-0.12471391E-06
 0.13647045E-06
-0.14873865E-06
 0.36481809E-06
 0.11451291E-06
-0.11868463E-06
 0.25164558E-06
-0.12321946E-06
-0.11658497E-06
 0.13112256E-06
-0.13898263E-06
 0.34286466E-06
 0.12770546E-06
-0.12938768E-06
-0.12321946E-06
 0.12770546E-06
 0.21604937E-06
-0.10229255E-06
 0.10888996E-06
-0.14532085E-06
-0.14346032E-06
-0.12938768E-06
-0.10229255E-06
 0.31194616E-06
 0.13768924E-06
-0.12885115E-06
 0.25822624E-06
-0.10037074E-06
 0.12422538E-06
-0.14969475E-06
-0.10045261E-06
-0.10037074E-06
 0.24329717E-06
-0.15146288E-06
-0.13565690E-15
 0.21542960E-15
 0.40138438E-14
-0.43183030E-15
 0.73823445E-15
-0.30126306E-15
 0.59427099E-15
-0.43183030E-15
 0.50873959E-14
 0.22999891E-15
 0.57533764E-15
-0.55357305E-15
-0.64541231E-15
 0.58599799E-15
 0.40548397E-14
 0.96105188E-16
 0.51913661E-15
 0.49198715E-15
 0.37396424E-15
 0.44480899E-14
 0.13925298E-06
-0.11663160E-06
 0.30056718E-06
 0.10952271E-06
-0.14069185E-06
 0.11687119E-06
-0.11572721E-06
 0.11873628E-06
 0.16609565E-15
 0.54704855E-15
 0.10952271E-06
 0.83512687E-07
 0.58695525E-15
-0.66048270E-15
-0.10727961E-06
 0.58695525E-15
 0.50257435E-14
-0.50287356E-15
 0.19624277E-15
 0.30446615E-15
 0.16609565E-15
-0.50287356E-15
 0.44402500E-14
-0.45419595E-15
 0.65605492E-15
 0.10092729E-06
-0.14755254E-06
 0.28199381E-06
 0.13124372E-06
-0.14294720E-06
 0.17020131E-06
-0.15025004E-06
 0.10830677E-06
-0.13526052E-06
 0.38254150E-06
-0.10948098E-06
 0.10848121E-06
 0.13124372E-06
 0.17865518E-06
-0.10024753E-06
-0.17776896E-15
 0.19892583E-15
 0.89497340E-17
 0.10742681E-14
 0.50190617E-14
 0.69590999E-16
 0.96749068E-16
 0.54158609E-14
-0.92053649E-15
 0.96572628E-16
 0.12227008E-14
-0.35433954E-15
-0.92053649E-15
 0.57554277E-14
 0.71356887E-15
 0.27401937E-15
-0.66280941E-15
-0.30446615E-15
 0.65605492E-15
 0.49536444E-14
 0.45419594E-15
-0.54704855E-15
-0.88783977E-16
 0.31833386E-15
 0.34076130E-14
-0.13030716E-06
 0.13271722E-06
 0.32988351E-06
 0.10606784E-06
-0.15907992E-06
 0.72266641E-16
-0.72266641E-16
 0.10606784E-06
 0.70721604E-07
-0.10606784E-06
 0.14283218E-06
-0.10270222E-06
-0.11776637E-06
 0.12881684E-06
 0.26879231E-06
-0.14757630E-06
 0.11505387E-06
 0.32258004E-06
 0.14590642E-06
-0.11221042E-06
-0.10408659E-06
 0.12698489E-06
 0.14590642E-06
 0.24260861E-06
-0.10418089E-06
 0.12775425E-06
-0.12661707E-06
 0.30559192E-06
 0.14994863E-06
-0.10651717E-06
-0.11664451E-06
 0.14939827E-06
 0.28408294E-06
 0.10000512E-06
-0.15016662E-06
-0.13397255E-06
 0.12966388E-06
 0.14994863E-06
 0.32318629E-06
-0.10761344E-06
-0.14422256E-06
-0.10690825E-06
 0.10000512E-06
 0.23020521E-06
-0.13285216E-06
-0.12902897E-06
-0.12203739E-06
-0.15001704E-06
-0.11604052E-06
 0.32218301E-06
 0.11824578E-06
-0.13853739E-06
 0.27859889E-06
-0.10184008E-06
 0.14166580E-06
 0.14048698E-06
-0.11413552E-06
 0.25927148E-06
-0.10126114E-06
 0.13430112E-06
-0.10184008E-06
-0.10126114E-06
 0.18382403E-06
-0.12880755E-06
-0.12061190E-06
 0.10775951E-06
-0.12452064E-06
 0.25690330E-06
-0.15441595E-06
 0.10305149E-06
-0.11658497E-06
 0.10888996E-06
 0.23567275E-06
-0.11244364E-06
-0.12883435E-06
-0.15441595E-06
-0.11244364E-06
 0.26258377E-06
-0.11162661E-06
 0.10921286E-06
-0.15290234E-06
 0.15011506E-06
-0.12192883E-06
 0.15249156E-06
 0.41251187E-06
-0.10076692E-06
-0.12873150E-06
 0.10305149E-06
-0.11162661E-06
 0.16797081E-06
-0.12801621E-06
 0.13800155E-06
-0.12883435E-06
 0.10921286E-06
 0.30016084E-06
-0.14848691E-06
-0.14942238E-06
-0.14758552E-06
-0.11962981E-06
 0.39499537E-06
 0.88548408E-15
-0.38429664E-15
 0.49516947E-14
 0.15942934E-15
 0.16685314E-15
-0.36378799E-16
 0.15004453E-15
 0.73823445E-15
 0.22999891E-15
 0.41079551E-14
-0.46094001E-15
-0.10220712E-16
 0.15942934E-15
 0.38229171E-14
-0.88029706E-15
-0.11792270E-06
-0.13637848E-06
 0.29505921E-06
-0.10792226E-06
-0.14088916E-06
 0.88783972E-16
-0.31833387E-15
 0.54704855E-15
-0.45419595E-15
 0.34076130E-14
 0.72266637E-16
 0.72266637E-16
-0.10792226E-06
 0.83294449E-07
 0.10873832E-06
-0.13407876E-06
-0.11986737E-06
-0.11221042E-06
-0.10418089E-06
 0.23552810E-06
-0.12711660E-06
 0.13255555E-06
 0.25296294E-06
-0.10595737E-06
 0.11291873E-06
-0.11499816E-06
-0.12864136E-06
-0.10595737E-06
 0.26605424E-06
-0.13677764E-06
 0.10152953E-06
-0.15007878E-06
 0.27630204E-06
 0.14234932E-06
-0.10987623E-06
-0.15218297E-06
 0.11422604E-06
 0.14234932E-06
 0.30792032E-06
-0.10651891E-06
-0.12653311E-06
 0.17564569E-06
 0.36285611E-06
 0.11950343E-06
-0.12529928E-06
-0.12619108E-06
 0.12020214E-06
-0.15034497E-06
-0.11893184E-06
 0.32031204E-06
 0.12618723E-06
-0.10444784E-06
 0.11950343E-06
 0.20845422E-06
-0.10625093E-06
 0.12590637E-06
-0.12469776E-06
 0.14521978E-06
-0.10778847E-06
 0.29652833E-06
-0.11565472E-06
-0.14912896E-06
 0.27247718E-06
 0.10024013E-06
-0.14916152E-06
-0.10989619E-06
 0.13804472E-06
 0.10024013E-06
 0.23759764E-06
-0.14412698E-06
-0.11186698E-06
-0.11119634E-06
 0.39278819E-15
-0.16161116E-16
 0.98769430E-07
-0.60394055E-16
-0.46285735E-15
 0.38091199E-14
 0.80594583E-16
-0.49709770E-15
-0.10651717E-06
-0.10761344E-06
 0.80594583E-16
 0.76444045E-07
 0.52021807E-15
-0.17515009E-06
-0.11142987E-06
 0.11291873E-06
-0.13677764E-06
 0.33871993E-06
-0.11130818E-06
-0.11829237E-06
-0.12529928E-06
-0.10625093E-06
 0.22347762E-06
-0.12202070E-06
 0.13150232E-06
 0.12663510E-06
-0.12467528E-06
 0.30747241E-06
-0.11906628E-06
-0.14959756E-06
 0.12422538E-06
-0.15146288E-06
 0.36335137E-06
 0.14953279E-06
-0.11531231E-06
-0.15026449E-06
 0.12136600E-06
 0.34952568E-06
-0.39597443E-15
 0.45486053E-15
-0.49709770E-15
 0.52021807E-15
 0.34718776E-14
 0.32790260E-15
-0.42776278E-15
 0.16685314E-15
-0.88029706E-15
 0.39663505E-14
-0.10950252E-06
-0.11579482E-06
 0.44675468E-15
-0.14142371E-17
 0.10300025E-06
 0.25092558E-15
-0.45239299E-15
 0.67630721E-14
 0.22044968E-15
-0.66558732E-15
-0.23160715E-15
 0.87567057E-15
 0.96572628E-16
 0.71356887E-15
 0.62559068E-14
-0.35845331E-15
 0.11846654E-14
 0.22044968E-15
 0.68152536E-14
 0.10697785E-14
-0.12833185E-06
-0.13738529E-06
-0.15907992E-06
-0.10606784E-06
 0.33371613E-06
-0.12204279E-06
 0.13248760E-06
 0.13430112E-06
-0.12880755E-06
 0.32770359E-06
 0.11221194E-06
-0.11221194E-06
 0.10181395E-06
 0.34071296E-15
-0.34071297E-15
-0.59963298E-16
 0.52081994E-15
 0.34071296E-15
 0.36898535E-14
 0.47580656E-15
-0.15884046E-06
-0.11288573E-06
 0.11421366E-06
-0.12361350E-06
 0.30363156E-06
 0.15958769E-06
-0.11102072E-06
-0.13023014E-06
 0.11280455E-06
 0.30822204E-06
 0.61754939E-16
 0.70736255E-17
-0.66048270E-15
 0.19624277E-15
 0.43452201E-14
 0.27401937E-15
 0.66280941E-15
 0.30446615E-15
 0.65605492E-15
 0.49536445E-14
-0.12241110E-06
 0.12027943E-06
-0.14069185E-06
-0.10727961E-06
 0.27524789E-06
 0.20842655E-15
-0.24169279E-15
 0.48542575E-15
-0.45444687E-15
 0.36426192E-14
 0.13912480E-06
-0.11847050E-06
-0.12973205E-06
 0.11637944E-06
 0.30242787E-06
-0.12031294E-06
-0.13037535E-06
-0.12617624E-06
-0.10132900E-06
 0.24385131E-06
 0.11077411E-06
-0.11484452E-06
-0.14294720E-06
-0.10024753E-06
 0.21331455E-06
-0.12888526E-06
-0.10832418E-06
-0.14286490E-06
-0.10238755E-06
 0.24696682E-06
-0.12544730E-06
 0.11658477E-06
 0.14166580E-06
-0.12061190E-06
 0.30345510E-06
 0.13629606E-06
-0.11994930E-06
-0.16073233E-06
 0.10180705E-06
 0.26559097E-06
 0.59963296E-16
 0.52081995E-15
-0.34071297E-15
 0.47580656E-15
 0.36898535E-14
 0.37567225E-15
-0.43185588E-16
 0.29423093E-15
 0.19793355E-15
 0.42502544E-14
-0.24693012E-15
 0.23112577E-15
 0.46275296E-14
 0.24693013E-15
-0.23112577E-15
-0.10111101E-06
-0.12473057E-06
 0.35469986E-06
-0.15865214E-06
-0.19889592E-06
 0.15926797E-06
-0.10029728E-06
-0.22068838E-06
-0.20201469E-06
 0.48850349E-06
 0.24693013E-15
 0.41943798E-14
 0.10935818E-15
 0.14975273E-14
-0.60972060E-15
-0.15865214E-06
 0.10935818E-15
 0.85295524E-07
 0.20824412E-15
 0.10693161E-06
 0.12467021E-06
-0.12231298E-06
-0.14088916E-06
 0.10873832E-06
 0.28683414E-06
-0.60239689E-16
-0.90263495E-17
 0.65003907E-16
 0.55583766E-15
 0.59389978E-14
-0.76605403E-16
-0.99737906E-15
 0.35170274E-15
-0.30685406E-15
 0.52072698E-14
-0.13131237E-06
 0.12329949E-06
-0.12490481E-06
 0.16177206E-06
 0.35923899E-06
-0.11425822E-06
-0.12058295E-06
-0.15016662E-06
-0.13285216E-06
 0.32214228E-06
-0.10987623E-06
-0.10651891E-06
-0.14916152E-06
-0.14412698E-06
 0.29668657E-06
 0.12469742E-06
-0.10858430E-06
-0.12931383E-06
 0.12080805E-06
 0.26658109E-06
-0.11844981E-06
-0.11077313E-06
-0.13240221E-06
-0.12099803E-06
 0.26603579E-06
-0.10966768E-06
 0.13931210E-06
 0.11012867E-06
-0.13387478E-06
 0.27715919E-06
-0.10185208E-06
 0.12797903E-06
 0.10690010E-06
-0.11891357E-06
 0.20133316E-06
 0.12153027E-06
-0.10539357E-06
-0.13001676E-06
-0.12877331E-06
 0.26657243E-06
 0.11019018E-06
-0.11289098E-06
-0.11055819E-06
 0.13588057E-06
 0.23781508E-06
-0.10888935E-06
 0.11114722E-06
-0.10496902E-06
 0.12982416E-06
 0.20631183E-06
 0.14825250E-06
-0.10238368E-06
 0.12391694E-06
-0.10852903E-06
 0.24676555E-06
-0.10346961E-06
 0.11909428E-06
-0.10952427E-06
 0.11988763E-06
 0.20205051E-06
-0.13535993E-06
-0.13322279E-06
-0.13577476E-06
-0.12621888E-06
 0.34810688E-06
-0.11704796E-06
 0.14168634E-06
 0.12069335E-06
-0.10918852E-06
 0.27262502E-06
 0.14246089E-06
-0.14048401E-06
-0.13533812E-06
 0.11956737E-06
 0.35687638E-06
-0.11960085E-06
 0.11080908E-06
 0.12166601E-06
-0.10560003E-06
 0.21657690E-06
 0.12587073E-06
-0.13006496E-06
 0.12861688E-06
-0.11148231E-06
 0.28977275E-06
-0.12400117E-06
-0.10493450E-06
 0.10512464E-06
 0.66048270E-15
 0.19624276E-15
 0.25082451E-14
-0.12879661E-06
-0.10218412E-06
 0.10218412E-06
-0.32341392E-15
-0.10459801E-14
 0.33113881E-14
 0.10704285E-14
-0.14084039E-15
 0.29188310E-14
-0.20311733E-15
 0.10592177E-14
 0.31042618E-14
-0.66558732E-15
 0.10697785E-14
 0.32262793E-14
 0.30126306E-15
-0.59427099E-15
 0.26379962E-14
 0.57600481E-15
 0.55610061E-15
 0.19865374E-14
 0.22556599E-16
 0.10609508E-14
 0.32468846E-14
 0.74869034E-15
 0.24618267E-15
 0.24487605E-14
 0.95823012E-16
 0.70891492E-15
 0.26734358E-14
 0.54092456E-15
-0.34102659E-15
 0.21760221E-14
-0.25793611E-16
-0.15172158E-15
 0.29468140E-14
-0.16103073E-15
 0.60899586E-15
 0.31230562E-14
-0.17311574E-06
-0.12170486E-06
 0.21068151E-06
-0.13643864E-06
 0.11049655E-06
 0.13982605E-06
-0.11055819E-06
-0.13588057E-06
 0.13914755E-06
-0.11012867E-06
-0.13387478E-06
 0.13514241E-06
-0.10060194E-06
-0.13322279E-06
 0.99013743E-07
 0.11566825E-06
-0.10691252E-06
 0.95949716E-07
-0.12391694E-06
 0.10852903E-06
 0.11535363E-06
-0.11704796E-06
 0.10287651E-06
 0.84987027E-07
-0.10496902E-06
-0.12982416E-06
 0.11470489E-06
-0.10698759E-06
 0.13749124E-06
 0.13239157E-06
 0.11240721E-06
-0.12150892E-06
 0.12036078E-06
-0.23112577E-15
 0.14975273E-14
 0.25410582E-14
 0.10152428E-06
-0.13653115E-06
 0.11048240E-06
 0.10468989E-06
-0.12960374E-06
 0.11342823E-06
-0.14028841E-06
 0.10296522E-06
 0.12292372E-06
-0.13267110E-06
 0.10331970E-06
 0.11316727E-06
-0.17223636E-06
 0.10736931E-06
 0.17932615E-06
 0.12929045E-06
-0.13869848E-06
 0.17806209E-06
 0.11663773E-06
-0.12524392E-06
 0.13544225E-06
-0.12310685E-06
-0.10822149E-06
 0.11317554E-06
-0.13277560E-06
-0.12145143E-06
 0.15627006E-06
 0.11502781E-06
-0.11411132E-06
 0.11181296E-06
-0.12217844E-06
 0.10609845E-06
 0.10564970E-06
-0.14284874E-06
 0.10427012E-06
 0.13154315E-06
-0.14187792E-06
 0.10762870E-06
 0.14044353E-06
 0.10985148E-06
-0.13984930E-06
 0.14323240E-06
-0.12713294E-06
 0.11601130E-06
 0.13731358E-06
-0.13971240E-06
-0.13616881E-06
 0.18999112E-06
-0.60972060E-15
 0.20824412E-15
 0.15873039E-14
-0.19889592E-06
 0.10693161E-06
 0.13405594E-06
-0.11592918E-06
 0.10048906E-06
 0.68550032E-07
-0.12150892E-06
 0.11347952E-06
 0.12266810E-06
-0.10167384E-06
 0.12059592E-06
 0.85777790E-07
-0.13864704E-06
 0.10120793E-06
 0.11162658E-06
-0.12098897E-06
-0.11822038E-06
 0.13116135E-06
 0.11776637E-06
-0.10578802E-06
 0.96713116E-07
-0.11130818E-06
 0.11829237E-06
 0.11207354E-06
-0.15290234E-06
 0.10083624E-06
 0.10270859E-06
-0.10405710E-06
-0.14873221E-06
 0.13886955E-06
-0.10138188E-06
-0.12732597E-06
 0.95497685E-07
