         1
        12
        22
        31
        38
        48
        55
        64
        74
        83
        92
        99
       108
       116
       125
       135
       148
       159
       167
       177
       186
       196
       207
       216
       226
       236
       245
       255
       263
       271
       278
       287
       297
       306
       316
       325
       332
       341
       351
       358
       367
       376
       385
       395
       406
       413
       421
       431
       443
       452
       460
       471
       479
       489
       497
       504
       513
       523
       532
       542
       551
       559
       570
       579
       588
       597
       607
       617
       625
       635
       646
       658
       668
       679
       688
       697
       706
       716
       725
       735
       745
       754
       763
       771
       780
       791
       802
       814
       824
       834
       842
       852
       863
       872
       882
       890
       898
       907
       916
       926
       935
       944
       955
       967
       978
       987
       998
      1008
      1017
      1026
      1035
      1045
      1054
      1064
      1074
      1083
      1092
      1101
      1110
      1119
      1128
      1138
      1147
      1157
      1166
      1176
      1185
      1194
      1203
      1213
      1223
      1231
      1241
      1251
      1260
      1269
      1278
      1288
      1297
      1306
      1316
      1325
      1334
      1343
      1353
      1362
      1372
      1381
      1390
      1400
      1409
      1418
      1427
      1436
      1446
      1456
      1465
      1475
      1484
      1493
      1502
      1511
      1520
      1530
      1539
      1548
      1557
      1566
      1575
      1585
      1594
      1603
      1612
      1621
      1631
      1640
      1649
      1658
      1667
      1677
      1686
      1695
      1704
      1714
      1724
      1734
      1743
      1752
      1761
      1770
      1779
      1789
      1799
      1808
      1818
      1828
      1837
      1846
      1855
      1864
      1874
      1883
      1894
      1904
      1913
      1922
      1931
      1942
      1952
      1961
      1970
      1979
      1989
      1998
      2007
      2016
      2025
      2034
      2046
      2055
      2065
      2076
      2088
      2099
      2110
      2120
      2129
      2139
      2148
      2157
      2166
      2176
      2185
      2193
      2203
      2213
      2223
      2232
      2242
      2251
      2261
      2271
      2282
      2290
      2300
      2309
      2319
      2330
      2341
      2351
      2361
      2371
      2381
      2392
      2403
      2413
      2423
      2433
      2444
      2454
      2464
      2476
      2486
      2497
      2508
      2518
      2528
      2538
      2547
      2559
      2568
      2576
      2585
      2595
      2606
      2614
      2623
      2632
      2642
      2653
      2663
      2674
      2685
      2695
      2705
      2716
      2726
      2736
      2746
      2757
      2769
      2780
      2791
      2802
      2812
      2823
      2833
      2843
      2853
      2864
      2875
      2885
      2895
      2905
      2915
      2927
      2938
      2949
      2961
      2972
      2980
      2988
      2999
      3009
      3020
      3031
      3041
      3051
      3062
      3072
      3083
      3095
      3106
      3118
      3127
      3137
      3148
      3158
      3169
      3179
      3189
      3200
      3211
      3221
      3231
      3241
      3251
      3262
      3272
      3282
      3292
      3302
      3313
      3323
      3333
      3343
      3353
      3363
      3373
      3384
      3395
      3406
      3418
      3429
      3440
      3451
      3461
      3471
      3482
      3492
      3503
      3513
      3523
      3533
      3543
      3554
      3565
      3577
      3590
      3601
      3612
      3623
      3633
      3643
      3654
      3665
      3676
      3687
      3697
      3708
      3719
      3729
      3740
      3750
      3761
      3771
      3782
      3792
      3800
      3811
      3819
      3830
      3841
      3852
      3862
      3871
      3880
      3890
      3901
      3912
      3923
      3934
      3946
      3956
      3967
      3977
      3987
      3998
      4008
      4019
      4030
      4038
      4047
      4058
      4068
      4079
      4089
      4100
      4111
      4122
      4133
      4144
      4155
      4165
      4176
      4187
      4198
      4208
      4219
      4229
      4240
      4251
      4262
      4273
      4284
      4292
      4300
      4310
      4320
      4331
      4342
      4353
      4364
      4375
      4386
      4397
      4408
      4418
      4430
      4439
      4449
      4459
      4470
      4483
      4494
      4507
      4518
      4529
      4540
      4546
      4554
      4563
      4571
      4579
      4588
      4596
      4603
      4610
      4619
      4629
      4640
      4647
      4656
      4665
      4672
      4678
      4686
      4694
      4703
      4713
      4722
      4729
      4736
      4747
      4757
      4764
      4772
      4782
      4792
      4802
      4811
      4820
      4830
      4839
      4849
      4860
      4870
      4877
      4886
      4894
      4903
      4912
      4920
      4929
      4937
      4948
      4958
      4967
      4977
      4987
      4996
      5004
      5013
      5024
      5032
      5042
      5051
      5062
      5073
      5083
      5095
      5104
      5113
      5121
      5130
      5139
      5149
      5159
      5170
      5181
      5192
      5201
      5211
      5221
      5231
      5240
      5249
      5258
      5267
      5276
      5285
      5296
      5307
      5317
      5326
      5335
      5343
      5352
      5362
      5372
      5383
      5393
      5402
      5411
      5419
      5430
      5438
      5447
      5457
      5466
      5477
      5485
      5494
      5504
      5513
      5523
      5534
      5544
      5554
      5563
      5572
      5581
      5591
      5601
      5609
      5619
      5628
      5637
      5646
      5656
      5666
      5676
      5685
      5694
      5702
      5712
      5722
      5732
      5742
      5751
      5760
      5770
      5780
      5789
      5798
      5808
      5817
      5826
      5836
      5845
      5855
      5865
      5874
      5883
      5892
      5902
      5912
      5921
      5931
      5940
      5949
      5958
      5967
      5976
      5986
      5995
      6005
      6014
      6024
      6033
      6043
      6052
      6062
      6071
      6080
      6091
      6101
      6110
      6119
      6128
      6137
      6146
      6155
      6165
      6174
      6183
      6192
      6201
      6210
      6220
      6229
      6238
      6248
      6257
      6266
      6275
      6285
      6295
      6305
      6314
      6324
      6333
      6342
      6351
      6360
      6369
      6378
      6388
      6397
      6406
      6417
      6425
      6434
      6446
      6456
      6469
      6479
      6490
      6499
      6507
      6516
      6525
      6536
      6544
      6553
      6561
      6571
      6584
      6595
      6604
      6615
      6626
      6636
      6646
      6655
      6664
      6673
      6683
      6694
      6705
      6715
      6725
      6735
      6747
      6757
      6768
      6779
      6788
      6798
      6808
      6818
      6829
      6838
      6847
      6858
      6867
      6877
      6886
      6898
      6908
      6918
      6928
      6938
      6947
      6958
      6969
      6980
      6990
      7000
      7011
      7022
      7033
      7044
      7055
      7066
      7077
      7086
      7098
      7110
      7120
      7131
      7142
      7153
      7166
      7179
      7191
      7203
      7215
      7226
      7236
      7246
      7256
      7265
      7275
      7286
      7296
      7307
      7317
      7328
      7338
      7348
      7359
      7370
      7380
      7390
      7401
      7412
      7424
      7435
      7446
      7457
      7467
      7477
      7487
      7495
      7507
      7515
      7526
      7536
      7546
      7556
      7567
      7577
      7587
      7597
      7608
      7618
      7629
      7639
      7650
      7660
      7671
      7681
      7692
      7702
      7712
      7723
      7733
      7743
      7752
      7762
      7773
      7784
      7795
      7806
      7816
      7827
      7837
      7847
      7858
      7870
      7881
      7890
      7901
      7911
      7922
      7933
      7944
      7954
      7964
      7976
      7988
      8000
      8011
      8022
      8033
      8043
      8053
      8062
      8072
      8082
      8093
      8103
      8114
      8125
      8136
      8147
      8158
      8169
      8180
      8191
      8202
      8214
      8224
      8234
      8247
      8259
      8269
      8279
      8290
      8301
      8311
      8322
      8333
      8346
      8356
      8366
      8375
      8386
      8396
      8408
      8418
      8426
      8436
      8444
      8459
      8469
      8482
      8489
      8494
      8500
      8506
      8512
      8519
      8524
      8532
      8540
      8547
      8554
      8560
      8565
      8571
      8578
      8586
      8592
      8597
      8605
      8612
      8618
      8626
      8633
      8638
      8646
      8654
      8659
      8665
      8670
      8675
      8681
      8687
      8693
      8698
      8704
      8708
      8714
      8721
      8726
      8733
      8739
      8745
      8752
      8759
      8765
      8773
      8780
      8785
      8791
      8798
      8803
      8810
      8818
      8825
      8831
