         1
         2
         4
       879
       899
         1
         2
         5
       224
       879
         3
         4
         5
        79
        80
         1
         3
         4
        79
       899
         2
         3
         5
        80
       224
         6
         7
        11
       372
       922
         6
         7
         8
        84
       372
         7
         8
         9
        84
        85
         8
         9
        10
        85
       919
         9
        10
        11
       919
       920
         6
        10
        11
       920
       922
        12
        13
        15
        88
        89
        12
        13
        14
        88
       361
        13
        14
        16
       361
       893
        12
        15
        17
        89
       913
        14
        16
        17
       893
       914
        15
        16
        17
       913
       914
        18
        19
        22
       402
       887
        18
        19
        20
       142
       402
        19
        20
        21
       141
       142
        20
        21
        22
       141
       869
        18
        21
        22
       869
       887
        23
        24
        25
       224
       225
        23
        24
       225
        23
        25
       224
        26
        27
        28
        93
        94
        26
        27
        93
        26
        28
        94
        29
        30
        33
       128
       882
        29
        30
        31
       882
       883
        30
        31
        32
       883
       884
        31
        32
        35
       267
       884
        29
        33
        34
       128
       129
        33
        34
        35
       129
       266
        32
        34
        35
       266
       267
        36
        37
        40
       132
       133
        36
        37
        41
       132
       896
        38
        39
        41
       401
       898
        38
        39
        40
       335
       401
        36
        39
        40
       133
       335
        37
        38
        41
       896
       898
        42
        43
        46
       138
       482
        42
        43
        44
       482
       921
        43
        44
        45
       273
       921
        44
        45
        46
       137
       273
        42
        45
        46
       137
       138
        47
        48
        51
       268
       399
        47
        48
        49
       399
       401
        48
        49
        50
       401
       897
        49
        50
        51
       267
       897
        47
        50
        51
       267
       268
        52
        53
        55
       143
       144
        52
        53
        54
       143
       341
        53
        54
        56
       341
       458
        52
        55
        56
       144
       878
        54
        55
        56
       458
       878
        57
        58
        59
       474
       873
        57
        58
        60
       472
       474
        57
        59
        61
       397
       873
        58
        60
        61
       398
       472
        59
        60
        61
       397
       398
        62
        63
        65
       402
       888
        62
        63
        64
       402
       403
        63
        64
        66
       146
       403
        62
        65
        67
       888
       901
        64
        66
        67
       146
       147
        65
        66
        67
       147
       901
        68
        69
        71
       254
       876
        68
        69
        72
       254
       255
        70
        71
        72
       328
       459
        68
        70
        71
       459
       876
        69
        70
        72
       255
       328
        73
        74
        78
       915
       916
        73
        74
        75
       147
       915
        74
        75
        76
       147
       148
        75
        76
        77
       148
       345
        76
        77
        78
       345
       372
        73
        77
        78
       372
       916
         3
         4
        79
        81
       885
         3
         5
        80
        83
       226
        79
        81
        82
       246
       885
        81
        82
        83
       237
       246
        80
        82
        83
       226
       237
         7
         8
        84
        87
       373
         8
         9
        85
        86
       273
        85
        86
        87
       273
       274
        84
        86
        87
       274
       373
        12
        13
        88
        90
       240
        12
        15
        89
        92
       917
        88
        90
        91
       228
       240
        90
        91
        92
       227
       228
        89
        91
        92
       227
       917
        26
        27
        93
        96
       872
        26
        28
        94
        97
       243
        95
        96
        97
       232
       233
        93
        95
        96
       232
       872
        94
        95
        97
       233
       243
        98
        99
       100
       386
       408
        98
        99
       101
       364
       408
        98
       100
       101
       365
       386
        99
       100
       101
       364
       365
       102
       103
       105
       323
       356
       102
       103
       104
       247
       356
       103
       104
       105
       247
       248
       102
       104
       105
       248
       323
       106
       107
       109
       388
       404
       106
       107
       108
       388
       389
       107
       108
       109
       389
       445
       106
       108
       109
       404
       445
       110
       111
       113
       415
       475
       110
       111
       115
       475
       867
       112
       113
       114
       256
       366
       110
       112
       113
       366
       415
       112
       114
       115
       256
       257
       111
       114
       115
       257
       867
       116
       117
       258
       116
       117
       119
       258
       259
       118
       119
       324
       117
       118
       119
       259
       324
       120
       121
       431
       120
       121
       123
       263
       431
       122
       123
       262
       121
       122
       123
       262
       263
       124
       125
       126
       332
       391
       124
       125
       127
       391
       438
       124
       126
       332
       125
       127
       438
        29
        33
       128
       131
       361
        33
        34
       129
       130
       333
       129
       130
       131
       333
       362
       128
       130
       131
       361
       362
        36
        37
       132
       134
       894
        36
        40
       133
       136
       270
       132
       134
       135
       453
       894
       134
       135
       136
       269
       453
       133
       135
       136
       269
       270
        45
        46
       137
       140
       275
        42
        46
       138
       139
       476
       138
       139
       140
       337
       476
       137
       139
       140
       275
       337
        20
        21
       141
       144
       870
        19
        20
       142
       145
       276
        52
        53
       143
       145
       277
        52
        55
       141
       144
       870
       142
       143
       145
       276
       277
        64
        66
       146
       148
       346
        66
        67
        74
        75
       147
        75
        76
       146
       148
       346
       149
       150
       152
       376
       417
       149
       150
       153
       417
       479
       151
       152
       153
       375
       478
       149
       151
       152
       375
       376
       150
       151
       153
       478
       479
       154
       155
       156
       343
       344
       154
       155
       157
       343
       364
       154
       156
       158
       344
       438
       155
       157
       158
       364
       411
       156
       157
       158
       411
       438
       159
       160
       163
       345
       347
       159
       160
       161
       345
       373
       160
       161
       162
       373
       374
       161
       162
       163
       374
       388
       159
       162
       163
       347
       388
       164
       165
       167
       446
       481
       164
       165
       168
       348
       481
       166
       167
       168
       349
       420
       164
       166
       167
       420
       446
       165
       166
       168
       348
       349
       169
       170
       172
       333
       363
       169
       170
       171
       333
       334
       170
       171
       173
       334
       382
       169
       172
       173
       363
       383
       171
       172
       173
       382
       383
       174
       175
       178
       456
       460
       174
       175
       176
       460
       466
       175
       176
       177
       440
       466
       176
       177
       178
       440
       441
       174
       177
       178
       441
       456
       179
       180
       183
       393
       435
       179
       180
       181
       429
       435
       180
       181
       182
       428
       429
       181
       182
       183
       392
       428
       179
       182
       183
       392
       393
       184
       185
       187
       464
       477
       184
       185
       186
       352
       464
       185
       186
       188
       352
       353
       184
       187
       188
       477
       481
       186
       187
       188
       353
       481
       189
       190
       192
       409
       473
       189
       190
       191
       386
       409
       190
       191
       193
       386
       387
       189
       192
       193
       398
       473
       191
       192
       193
       387
       398
       194
       195
       198
       380
       381
       194
       195
       197
       380
       394
       196
       197
       198
       406
       432
       195
       196
       197
       394
       406
       194
       196
       198
       381
       432
       199
       200
       202
       417
       471
       199
       200
       203
       417
       418
       201
       202
       203
       469
       470
       199
       201
       202
       470
       471
       200
       201
       203
       418
       469
       204
       205
       206
       413
       462
       204
       205
       208
       433
       462
       204
       206
       207
       413
       414
       206
       207
       208
       414
       426
       205
       207
       208
       426
       433
       209
       210
       212
       336
       423
       209
       210
       213
       335
       336
       211
       212
       213
       399
       400
       209
       211
       212
       400
       423
       210
       211
       213
       335
       399
       214
       215
       218
       416
       441
       214
       215
       216
       366
       416
       215
       216
       217
       366
       367
       216
       217
       218
       367
       457
       214
       217
       218
       441
       457
       219
       220
       222
       341
       454
       219
       220
       221
       341
       342
       220
       221
       223
       342
       368
       219
       222
       223
       442
       454
       221
       222
       223
       368
       442
         2
         5
        23
        25
       224
        23
        24
       225
       226
       238
        80
        83
       225
       226
       238
        91
        92
       227
       230
       918
        90
        91
       228
       231
       241
       229
       230
       231
       250
       482
       227
       229
       230
       482
       918
       228
       229
       231
       241
       250
        95
        96
       232
       235
       874
        95
        97
       233
       236
       244
       234
       235
       236
       387
       397
       232
       234
       235
       397
       874
       233
       234
       236
       244
       387
        82
        83
       237
       239
       248
       225
       226
       238
       239
       322
       237
       238
       239
       248
       322
        88
        90
       240
       242
       362
       228
       231
       241
       242
       251
       240
       241
       242
       251
       362
        94
        97
       243
       245
       343
       233
       236
       244
       245
       365
       243
       244
       245
       343
       365
        81
        82
       246
       249
       886
       103
       104
       247
       249
       357
       104
       105
       237
       239
       248
       246
       247
       249
       357
       886
       229
       231
       250
       252
       465
       241
       242
       251
       253
       363
       250
       252
       253
       413
       465
       251
       252
       253
       363
       413
        68
        69
       254
       257
       875
        69
        72
       255
       256
       329
       112
       114
       255
       256
       329
       114
       115
       254
       257
       875
       116
       117
       258
       260
       322
       117
       119
       259
       261
       325
       258
       260
       261
       322
       323
       259
       260
       261
       323
       325
       122
       123
       262
       265
       332
       121
       123
       263
       264
       432
       263
       264
       265
       392
       432
       262
       264
       265
       332
       392
        34
        35
       266
       268
       334
        32
        35
        50
        51
       267
        47
        51
       266
       268
       334
       135
       136
       269
       272
       450
       133
       136
       270
       271
       336
       270
       271
       272
       336
       424
       269
       271
       272
       424
       450
        44
        45
        85
        86
       273
        86
        87
       274
       275
       338
       137
       140
       274
       275
       338
       142
       145
       276
       278
       403
       143
       145
       277
       279
       342
       276
       278
       279
       369
       403
       277
       278
       279
       342
       369
       280
       281
       284
       406
       407
       280
       281
       282
       406
       428
       281
       282
       285
       428
       430
       283
       284
       285
       447
       452
       280
       283
       284
       407
       452
       282
       283
       285
       430
       447
       286
       287
       289
       356
       358
       286
       287
       290
       356
       360
       288
       289
       291
       395
       450
       286
       288
       289
       358
       450
       287
       290
       291
       360
       380
       288
       290
       291
       380
       395
       292
       293
       296
       408
       412
       292
       293
       295
       408
       410
       294
       295
       297
       436
       478
       293
       294
       295
       410
       478
       292
       296
       297
       412
       435
       294
       296
       297
       435
       436
       298
       299
       300
       434
       452
       298
       299
       303
       426
       434
       298
       300
       301
       425
       452
       300
       301
       302
       423
       425
       301
       302
       303
       423
       427
       299
       302
       303
       426
       427
       304
       305
       306
       434
       447
       304
       305
       309
       433
       434
       304
       306
       307
       447
       448
       306
       307
       308
       448
       471
       307
       308
       309
       463
       471
       305
       308
       309
       433
       463
       310
       311
       314
       472
       473
       310
       311
       312
       415
       472
       311
       312
       313
       415
       416
       312
       313
       315
       416
       440
       310
       314
       315
       468
       473
       313
       314
       315
       440
       468
       316
       317
       320
       421
       443
       316
       317
       319
       443
       444
       318
       319
       321
       456
       457
       317
       318
       319
       444
       457
       316
       320
       321
       421
       422
       318
       320
       321
       422
       456
       238
       239
       258
       260
       322
       102
       105
       260
       261
       323
       118
       119
       324
       326
       431
       259
       261
       325
       327
       360
       324
       326
       327
       381
       431
       325
       326
       327
       360
       381
        70
        72
       328
       330
       454
       255
       256
       329
       331
       367
       328
       330
       331
       454
       455
       329
       330
       331
       367
       455
       124
       126
       262
       265
       332
       129
       130
       169
       170
       333
       170
       171
       266
       268
       334
        39
        40
       210
       213
       335
       209
       210
       270
       271
       336
       139
       140
       337
       339
       477
       274
       275
       338
       340
       374
       337
       339
       340
       390
       477
       338
       339
       340
       374
       390
        53
        54
       219
       220
       341
       220
       221
       277
       279
       342
       154
       155
       243
       245
       343
       154
       156
       344
        76
        77
       159
       160
       345
       146
       148
       346
       347
       405
       159
       163
       346
       347
       405
       165
       168
       348
       350
       469
       166
       168
       349
       351
       422
       348
       350
       351
       461
       469
       349
       350
       351
       422
       461
       185
       186
       352
       355
       462
       186
       188
       353
       354
       470
       353
       354
       355
       463
       470
       352
       354
       355
       462
       463
       102
       103
       286
       287
       356
       247
       249
       357
       359
       895
       286
       289
       358
       359
       453
       357
       358
       359
       453
       895
       287
       290
       325
       327
       360
        13
        14
       128
       131
       361
       130
       131
       240
       242
       362
       169
       172
       251
       253
       363
        99
       101
       155
       157
       364
       100
       101
       244
       245
       365
       112
       113
       215
       216
       366
       216
       217
       329
       331
       367
       221
       223
       368
       371
       443
       278
       279
       369
       370
       405
       369
       370
       371
       404
       405
       368
       370
       371
       404
       443
         6
         7
        77
        78
       372
        84
        87
       160
       161
       373
       161
       162
       338
       340
       374
       151
       152
       375
       377
       480
       149
       152
       376
       378
       419
       375
       377
       379
       468
       480
       376
       378
       379
       419
       466
       377
       378
       379
       466
       468
       194
       195
       290
       291
       380
       194
       198
       326
       327
       381
       171
       173
       382
       384
       400
       172
       173
       383
       385
       414
       382
       384
       385
       400
       427
       383
       384
       385
       414
       427
        98
       100
       190
       191
       386
       191
       193
       234
       236
       387
       106
       107
       162
       163
       388
       107
       108
       389
       390
       446
       339
       340
       389
       390
       446
       124
       125
       391
       393
       439
       182
       183
       264
       265
       392
       179
       183
       391
       393
       439
       195
       197
       394
       396
       407
       288
       291
       395
       396
       451
       394
       395
       396
       407
       451
        59
        61
       234
       235
       397
        60
        61
       192
       193
       398
        47
        48
       211
       213
       399
       211
       212
       382
       384
       400
        38
        39
        48
        49
       401
        18
        19
        62
        63
       402
        63
        64
       276
       278
       403
       106
       109
       370
       371
       404
       346
       347
       369
       370
       405
       196
       197
       280
       281
       406
       280
       284
       394
       396
       407
        98
        99
       292
       293
       408
       189
       190
       409
       410
       480
       293
       295
       409
       410
       480
       157
       158
       411
       412
       439
       292
       296
       411
       412
       439
       204
       206
       252
       253
       413
       206
       207
       383
       385
       414
       110
       113
       311
       312
       415
       214
       215
       312
       313
       416
       149
       150
       199
       200
       417
       200
       203
       418
       419
       467
       376
       378
       418
       419
       467
       166
       167
       420
       421
       445
       316
       320
       420
       421
       445
       320
       321
       349
       351
       422
       209
       212
       301
       302
       423
       271
       272
       424
       425
       451
       300
       301
       424
       425
       451
       207
       208
       299
       303
       426
       302
       303
       384
       385
       427
       181
       182
       281
       282
       428
       180
       181
       429
       430
       437
       282
       285
       429
       430
       437
       120
       121
       324
       326
       431
       196
       198
       263
       264
       432
       205
       208
       305
       309
       433
       298
       299
       304
       305
       434
       179
       180
       296
       297
       435
       294
       297
       436
       437
       449
       429
       430
       436
       437
       449
       125
       127
       156
       158
       438
       391
       393
       411
       412
       439
       176
       177
       313
       315
       440
       177
       178
       214
       218
       441
       222
       223
       442
       444
       455
       316
       317
       368
       371
       443
       317
       319
       442
       444
       455
       108
       109
       420
       421
       445
       164
       167
       389
       390
       446
       283
       285
       304
       306
       447
       306
       307
       448
       449
       479
       436
       437
       448
       449
       479
       269
       272
       288
       289
       450
       395
       396
       424
       425
       451
       283
       284
       298
       300
       452
       134
       135
       358
       359
       453
       219
       222
       328
       330
       454
       330
       331
       442
       444
       455
       174
       178
       318
       321
       456
       217
       218
       318
       319
       457
        54
        56
       458
       459
       877
        70
        71
       458
       459
       877
       174
       175
       460
       461
       467
       350
       351
       460
       461
       467
       204
       205
       352
       355
       462
       308
       309
       354
       355
       463
       184
       185
       464
       465
       476
       250
       252
       464
       465
       476
       175
       176
       378
       379
       466
       418
       419
       460
       461
       467
       314
       315
       377
       379
       468
       201
       203
       348
       350
       469
       201
       202
       353
       354
       470
       199
       202
       307
       308
       471
        58
        60
       310
       311
       472
       189
       192
       310
       314
       473
        57
        58
       474
       475
       868
       110
       111
       474
       475
       868
       138
       139
       464
       465
       476
       184
       187
       337
       339
       477
       151
       153
       294
       295
       478
       150
       153
       448
       449
       479
       375
       377
       409
       410
       480
       164
       165
       187
       188
       481
        42
        43
       229
       230
       482
       483
       484
       486
       530
       733
       483
       484
       485
       733
       873
       484
       485
       486
       531
       873
       483
       485
       486
       530
       531
       487
       488
       490
       795
       880
       487
       488
       489
       701
       880
       488
       489
       490
       701
       702
       487
       489
       490
       702
       795
       491
       492
       493
       535
       909
       491
       492
       494
       900
       909
       491
       493
       495
       535
       536
       492
       494
       495
       677
       900
       493
       494
       495
       536
       677
       496
       497
       500
       540
       541
       496
       497
       498
       540
       905
       497
       498
       499
       905
       906
       498
       499
       501
       906
       912
       496
       500
       501
       541
       859
       499
       500
       501
       859
       912
       502
       503
       545
       502
       503
       505
       545
       753
       504
       505
       902
       503
       504
       505
       753
       902
       506
       507
       508
       745
       878
       506
       507
       510
       877
       878
       506
       508
       509
       689
       745
       508
       509
       511
       594
       689
       507
       510
       511
       595
       877
       509
       510
       511
       594
       595
       512
       513
       515
       599
       600
       512
       513
       517
       599
       867
       514
       515
       516
       749
       865
       512
       514
       515
       600
       749
       514
       516
       517
       865
       875
       513
       516
       517
       867
       875
       518
       519
       522
       604
       903
       518
       519
       520
       859
       903
       519
       520
       521
       693
       859
       520
       521
       522
       605
       693
       518
       521
       522
       604
       605
       523
       524
       579
       523
       524
       526
       579
       580
       525
       526
       673
       524
       525
       526
       580
       673
       527
       528
       783
       527
       528
       529
       783
       784
       528
       529
       784
       483
       486
       530
       534
       581
       485
       486
       531
       533
       874
       532
       533
       534
       579
       872
       531
       532
       533
       872
       874
       530
       532
       534
       579
       581
       491
       493
       535
       537
       910
       493
       495
       536
       539
       583
       535
       537
       538
       847
       910
       537
       538
       539
       582
       847
       536
       538
       539
       582
       583
       496
       497
       540
       544
       911
       496
       500
       541
       542
       770
       541
       542
       543
       586
       770
       542
       543
       544
       586
       587
       540
       543
       544
       587
       911
       502
       503
       545
       546
       739
       545
       546
       547
       591
       739
       546
       547
       591
       548
       549
       550
       837
       839
       548
       549
       551
       839
       840
       548
       550
       551
       837
       838
       549
       550
       551
       838
       840
       552
       553
       554
       871
       889
       552
       553
       556
       870
       871
       552
       554
       555
       834
       889
       554
       555
       557
       697
       834
       553
       556
       559
       745
       870
       555
       557
       558
       697
       698
       557
       558
       559
       698
       742
       556
       558
       559
       742
       745
       560
       561
       563
       834
       890
       560
       561
       562
       890
       891
       561
       562
       564
       701
       891
       560
       563
       565
       834
       835
       562
       564
       566
       701
       703
       563
       565
       566
       746
       835
       564
       565
       566
       703
       746
       567
       568
       570
       786
       787
       567
       568
       569
       786
       808
       568
       569
       570
       808
       815
       567
       569
       570
       787
       815
       571
       572
       758
       571
       572
       574
       706
       758
       573
       574
       705
       572
       573
       574
       705
       706
       575
       576
       577
       748
       802
       575
       576
       578
       802
       804
       575
       577
       748
       576
       578
       804
       523
       524
       532
       534
       579
       524
       526
       580
       581
       674
       530
       534
       580
       581
       674
       538
       539
       582
       584
       735
       536
       539
       583
       585
       678
       582
       584
       585
       735
       736
       583
       584
       585
       678
       736
       542
       543
       586
       590
       682
       543
       544
       587
       588
       907
       587
       588
       589
       848
       907
       588
       589
       590
       681
       848
       586
       589
       590
       681
       682
       546
       547
       591
       593
       686
       592
       593
       685
       591
       592
       593
       685
       686
       509
       511
       594
       596
       690
       510
       511
       595
       598
       876
       594
       596
       597
       690
       860
       596
       597
       598
       860
       865
       595
       597
       598
       865
       876
       512
       513
       599
       601
       868
       512
       515
       600
       603
       750
       599
       601
       602
       733
       868
       601
       602
       603
       733
       734
       600
       602
       603
       734
       750
       518
       522
       604
       607
       754
       521
       522
       605
       606
       694
       605
       606
       607
       694
       755
       604
       606
       607
       754
       755
       608
       609
       612
       773
       855
       608
       609
       610
       773
       774
       609
       610
       611
       774
       821
       610
       611
       612
       821
       854
       608
       611
       612
       854
       855
       613
       614
       616
       838
       841
       613
       614
       617
       784
       841
       615
       616
       617
       785
       788
       613
       615
       616
       788
       838
       614
       615
       617
       784
       785
       618
       619
       620
       807
       841
       618
       619
       621
       840
       841
       618
       620
       622
       804
       807
       619
       621
       622
       805
       840
       620
       621
       622
       804
       805
       623
       624
       627
       750
       752
       623
       624
       626
       750
       751
       625
       626
       627
       759
       791
       624
       625
       626
       751
       791
       623
       625
       627
       752
       759
       628
       629
       631
       843
       862
       628
       629
       632
       812
       862
       630
       631
       632
       811
       818
       628
       630
       631
       818
       843
       629
       630
       632
       811
       812
       633
       634
       637
       803
       831
       633
       634
       635
       799
       831
       634
       635
       636
       798
       799
       635
       636
       637
       798
       801
       633
       636
       637
       801
       803
       638
       639
       641
       842
       845
       638
       639
       640
       837
       842
       639
       640
       642
       826
       837
       638
       641
       642
       827
       845
       640
       641
       642
       826
       827
       643
       644
       646
       746
       836
       643
       644
       645
       836
       866
       644
       645
       647
       793
       866
       643
       646
       647
       746
       747
       645
       646
       647
       747
       793
       648
       649
       651
       797
       862
       648
       649
       652
       862
       864
       650
       651
       652
       796
       836
       648
       650
       651
       796
       797
       649
       650
       652
       836
       864
       653
       654
       657
       854
       856
       653
       654
       655
       779
       856
       654
       655
       656
       778
       779
       655
       656
       657
       778
       850
       653
       656
       657
       850
       854
       658
       659
       662
       783
       817
       658
       659
       660
       815
       817
       659
       660
       661
       789
       815
       660
       661
       662
       785
       789
       658
       661
       662
       783
       785
       663
       664
       667
       771
       772
       663
       664
       665
       771
       824
       664
       665
       666
       824
       828
       665
       666
       667
       828
       852
       663
       666
       667
       772
       852
       668
       669
       670
       808
       809
       668
       669
       671
       809
       846
       668
       670
       672
       808
       816
       669
       671
       672
       827
       846
       670
       671
       672
       816
       827
       525
       526
       673
       675
       758
       580
       581
       674
       676
       734
       673
       675
       676
       752
       758
       674
       675
       676
       734
       752
       494
       495
       677
       679
       881
       583
       585
       678
       680
       764
       677
       679
       680
       795
       881
       678
       679
       680
       764
       795
       589
       590
       681
       684
       849
       586
       590
       682
       683
       771
       682
       683
       684
       771
       825
       681
       683
       684
       825
       849
       592
       593
       685
       687
       817
       591
       593
       686
       688
       740
       685
       687
       688
       787
       817
       686
       687
       688
       740
       787
       508
       509
       689
       692
       742
       594
       596
       690
       691
       766
       690
       691
       692
       743
       766
       689
       691
       692
       742
       743
       520
       521
       693
       695
       853
       605
       606
       694
       696
       756
       693
       695
       696
       760
       853
       694
       695
       696
       756
       760
       555
       557
       697
       699
       835
       557
       558
       698
       700
       744
       697
       699
       700
       796
       835
       698
       699
       700
       744
       796
       488
       489
       562
       564
       701
       489
       490
       702
       704
       794
       564
       566
       703
       704
       747
       702
       703
       704
       747
       794
       573
       574
       705
       708
       748
       572
       574
       706
       707
       759
       706
       707
       708
       759
       801
       705
       707
       708
       748
       801
       709
       710
       713
       791
       792
       709
       710
       711
       791
       798
       710
       711
       714
       798
       800
       712
       713
       714
       860
       861
       709
       712
       713
       792
       860
       711
       712
       714
       800
       861
       715
       716
       719
       833
       839
       715
       716
       718
       819
       839
       717
       718
       720
       811
       813
       716
       717
       718
       811
       819
       715
       719
       720
       831
       833
       717
       719
       720
       813
       831
       721
       722
       725
       845
       846
       721
       722
       723
       846
       857
       722
       723
       724
       856
       857
       723
       724
       726
       821
       856
       721
       725
       726
       822
       845
       724
       725
       726
       821
       822
       727
       728
       731
       764
       794
       727
       728
       730
       764
       765
       729
       730
       732
       850
       855
       728
       729
       730
       765
       850
       727
       731
       732
       793
       794
       729
       731
       732
       793
       855
       483
       484
       601
       602
       733
       602
       603
       674
       676
       734
       582
       584
       735
       737
       849
       584
       585
       736
       738
       765
       735
       737
       738
       849
       851
       736
       737
       738
       765
       851
       545
       546
       739
       741
       755
       686
       688
       740
       741
       757
       739
       740
       741
       755
       757
       558
       559
       689
       692
       742
       691
       692
       743
       744
       767
       698
       700
       743
       744
       767
       506
       508
       556
       559
       745
       565
       566
       643
       646
       746
       646
       647
       703
       704
       747
       575
       577
       705
       708
       748
       514
       515
       749
       751
       792
       600
       603
       623
       624
       750
       624
       626
       749
       751
       792
       623
       627
       675
       676
       752
       503
       505
       753
       754
       904
       604
       607
       753
       754
       904
       606
       607
       739
       741
       755
       694
       696
       756
       757
       761
       740
       741
       756
       757
       761
       571
       572
       673
       675
       758
       625
       627
       706
       707
       759
       695
       696
       760
       763
       852
       756
       757
       761
       762
       786
       761
       762
       763
       786
       810
       760
       762
       763
       810
       852
       678
       680
       727
       728
       764
       728
       730
       736
       738
       765
       690
       691
       766
       768
       861
       743
       744
       767
       769
       797
       766
       768
       769
       861
       863
       767
       768
       769
       797
       863
       541
       542
       770
       772
       853
       663
       664
       682
       683
       771
       663
       667
       770
       772
       853
       608
       609
       773
       775
       866
       609
       610
       774
       776
       823
       773
       775
       777
       864
       866
       774
       776
       777
       823
       843
       775
       776
       777
       843
       864
       655
       656
       778
       781
       851
       654
       655
       779
       780
       829
       779
       780
       782
       824
       829
       778
       781
       782
       825
       851
       780
       781
       782
       824
       825
       527
       528
       658
       662
       783
       528
       529
       614
       617
       784
       615
       617
       661
       662
       785
       567
       568
       761
       762
       786
       567
       570
       687
       688
       787
       615
       616
       788
       790
       826
       660
       661
       789
       790
       816
       788
       789
       790
       816
       826
       625
       626
       709
       710
       791
       709
       713
       749
       751
       792
       645
       647
       731
       732
       793
       702
       704
       727
       731
       794
       487
       490
       679
       680
       795
       650
       651
       699
       700
       796
       648
       651
       767
       769
       797
       635
       636
       710
       711
       798
       634
       635
       799
       800
       832
       711
       714
       799
       800
       832
       636
       637
       707
       708
       801
       575
       576
       802
       803
       806
       633
       637
       802
       803
       806
       576
       578
       620
       622
       804
       621
       622
       805
       806
       833
       802
       803
       805
       806
       833
       618
       620
       807
       568
       569
       668
       670
       808
       668
       669
       809
       810
       858
       762
       763
       809
       810
       858
       630
       632
       717
       718
       811
       629
       632
       812
       814
       863
       717
       720
       813
       814
       832
       812
       813
       814
       832
       863
       569
       570
       659
       660
       815
       670
       672
       789
       790
       816
       658
       659
       685
       687
       817
       630
       631
       818
       820
       844
       716
       718
       819
       820
       842
       818
       819
       820
       842
       844
       610
       611
       724
       726
       821
       725
       726
       822
       823
       844
       774
       776
       822
       823
       844
       664
       665
       780
       782
       824
       683
       684
       781
       782
       825
       640
       642
       788
       790
       826
       641
       642
       671
       672
       827
       665
       666
       828
       830
       858
       779
       780
       829
       830
       857
       828
       829
       830
       857
       858
       633
       634
       719
       720
       831
       799
       800
       813
       814
       832
       715
       719
       805
       806
       833
       554
       555
       560
       563
       834
       563
       565
       697
       699
       835
       643
       644
       650
       652
       836
       548
       550
       639
       640
       837
       550
       551
       613
       616
       838
       548
       549
       715
       716
       839
       549
       551
       619
       621
       840
       613
       614
       618
       619
       841
       638
       639
       819
       820
       842
       628
       631
       776
       777
       843
       818
       820
       822
       823
       844
       638
       641
       721
       725
       845
       669
       671
       721
       722
       846
       537
       538
       847
       848
       908
       588
       589
       847
       848
       908
       681
       684
       735
       737
       849
       656
       657
       729
       730
       850
       737
       738
       778
       781
       851
       666
       667
       760
       763
       852
       693
       695
       770
       772
       853
       611
       612
       653
       657
       854
       608
       612
       729
       732
       855
       653
       654
       723
       724
       856
       722
       723
       829
       830
       857
       809
       810
       828
       830
       858
       500
       501
       519
       520
       859
       596
       597
       712
       713
       860
       712
       714
       766
       768
       861
       628
       629
       648
       649
       862
       768
       769
       812
       814
       863
       649
       652
       775
       777
       864
       514
       516
       597
       598
       865
       644
       645
       773
       775
       866
       111
       115
       513
       517
       867
       474
       475
       599
       601
       868
        21
        22
       869
       871
       892
       141
       144
       553
       556
       870
       552
       553
       869
       871
       892
        93
        96
       532
       533
       872
        57
        59
       484
       485
       873
       232
       235
       531
       533
       874
       254
       257
       516
       517
       875
        68
        71
       595
       598
       876
       458
       459
       507
       510
       877
        55
        56
       506
       507
       878
         1
         2
       879
       487
       488
       880
       677
       679
       881
        29
        30
       882
        30
        31
       883
        31
        32
       884
        79
        81
       885
       246
       249
       886
        18
        22
       887
        62
        65
       888
       552
       554
       889
       560
       561
       890
       561
       562
       891
       869
       871
       892
        14
        16
       893
       132
       134
       894
       357
       359
       895
        37
        41
       896
        49
        50
       897
        38
        41
       898
         1
         4
       899
       492
       494
       900
        65
        67
       901
       504
       505
       902
       518
       519
       903
       753
       754
       904
       497
       498
       905
       498
       499
       906
       587
       588
       907
       847
       848
       908
       491
       492
       909
       535
       537
       910
       540
       544
       911
       499
       501
       912
        15
        17
       913
        16
        17
       914
        73
        74
       915
        73
        78
       916
        89
        92
       917
       227
       230
       918
         9
        10
       919
        10
        11
       920
        43
        44
       921
         6
        11
       922
