     291       1       2
     310       3       4
       1      91       5
       4       5      92
     864       6       3
     861       2       6
       7     337       8
       8     882       9
      10     451      11
      10       9     884
       7      12      95
      11      96      12
      13      14     350
     863      15      16
      13      99      17
      15     879      14
      17     100      18
      19      18     424
     877      16      19
     305      20      21
     103      22      20
     104      23      22
     859      24      23
     308      21      24
     105      25      26
     345      27      28
     351      29      27
     847      26      29
     106      28      25
     229      30      31
     889      31      32
     309      32      33
     230      34      30
     277      33      34
     436      35      36
     107      36      37
     437      38      35
     850      39      38
     108      37      39
     273      40      41
     317      42      40
     845      43      42
     390      44      43
     274      41      44
     299      45      46
     300      46      47
     437      48      49
     851      49      45
     354      47      48
      50     362      51
      52      53     862
      50      52     445
      51     112      54
      54     113      53
      55     298      56
     391      55      57
     231      58      59
     885      57      60
      58     232      61
      59      56     280
      60      61     887
     265      62      63
     451      63      64
     266      65      62
     381      66      65
     395      64      66
     403      67      68
     233      69      70
     347      70      67
     234      68      69
      71     853      72
     237      73      74
     446      71      73
      74      75     238
      76     282      75
      76      72     301
     403      77      78
     270      79      80
     404      78      79
     271      80      77
      81      82     362
      81     447      83
      83     286      84
      82      84     287
     292      85      86
     849      87      85
     293      86      88
     318      89      87
      88      90     241
      89     242      90
     251      92      93
     293      94      91
     252      93      94
     338      95      97
     412      97      98
     449      98      96
     101     421     100
     255     102      99
     256     101     102
     104     105     856
     306     106     103
     109     379     107
     109     110     352
     110     111     353
     108     855     111
     390     114     115
     114     857     113
     260     116     112
     261     115     116
     321     117     118
     298     119     120
     295     121     117
     296     120     121
     392     118     119
     419     122     123
     396     124     125
     430     125     122
     124     381     126
     123     126     382
     449     127     128
     395     129     127
     450     128     130
     396     131     129
     431     130     131
     432     132     133
     327     134     135
     328     135     132
     430     133     136
     431     136     134
     137     267     138
     137     139     266
     140     357     141
     141     358     139
     140     138     421
     271     142     143
     272     143     144
     323     144     145
     400     145     146
     401     146     142
     450     147     148
     364     149     150
     427     150     151
     443     151     147
     365     148     149
     366     152     153
     397     154     152
     407     155     154
     367     153     156
     408     156     155
     344     157     158
     376     159     157
     341     158     160
     348     161     159
     342     160     161
     419     162     163
     413     164     165
     420     165     162
     372     166     164
     373     163     166
     385     167     168
     332     168     169
     333     169     170
     423     171     167
     377     170     171
     347     172     173
     380     174     172
     346     173     175
     352     176     174
     345     175     176
     278     177     178
     279     178     179
     297     180     181
     307     179     180
     281     181     177
     427     182     183
     444     184     182
     368     185     184
     425     183     186
     369     186     185
     370     187     188
     428     188     189
     438     189     190
     434     190     191
     371     191     187
     441     192     193
     433     194     192
     374     195     196
     375     196     194
     415     193     195
     383     197     198
     386     198     199
     414     200     201
     387     199     200
     384     201     197
     355     202     203
     439     204     205
     436     205     206
     354     206     202
     440     203     204
     404     207     208
     380     208     209
     405     210     207
     379     209     211
     439     211     210
     398     212     213
     426     214     212
     409     215     216
     410     216     214
     397     213     215
     344     217     218
     378     218     219
     275     219     220
     320     221     217
     276     220     221
     222     223     401
     224     339     225
     223     225     340
     226     393     227
     224     227     866
     226     228     392
     222     394     228
     231     278     230
     229     890     232
     235     233     322
     235     321     236
     234     236     394
     237     239     447
     239     240     416
     240     238     283
     302     243     244
     319     244     242
     294     241     243
     245     448     246
     247     248     435
     245     249     441
     247     442     249
     246     416     250
     248     250     417
     311     251     253
     294     254     252
     303     253     254
     377     257     258
     348     258     259
     422     256     257
     349     259     255
     262     260     363
     263     388     261
     262     383     264
     263     264     389
     268     269     881
     268     424     267
     265     883     269
     272     324     270
     275     274     388
     273     276     319
     305     277     279
     281     280     296
     418     283     284
     356     284     285
     300     285     282
     448     288     286
     363     287     289
     415     290     288
     384     289     290
     291     858     292
     295     314     297
     299     301     852
     304     302     320
     304     341     303
     306     307     315
     309     308     892
     310     312     868
     313     311     343
     313     350     312
     322     316     314
     346     315     316
     318     846     317
     324     325     406
     326     409     325
     326     323     407
     329     330     444
     330     331     442
     328     433     331
     329     443     327
     334     378     335
     335     389     336
     332     336     386
     334     333     376
     339     867     337
     402     340     338
     349     343     342
     351     353     848
     438     356     355
     423     359     360
     420     361     359
     422     360     357
     361     382     358
     399     366     364
     412     365     367
     368     435     371
     370     426     369
     372     414     374
     375     432     373
     387     413     385
     391     886     393
     399     425     398
     402     408     400
     405     406     411
     429     411     410
     434     417     418
     429     428     440
     446     445     854
     525     452     453
     858     454     455
     526     455     452
     861     453     454
     456     897     457
     458     459     515
     456     458     725
     457     896     460
     460     516     459
     461     462     888
     463     464     894
     462     465     589
     463     772     466
     466     590     465
     461     891     464
     870     467     468
     876     469     470
     769     468     471
     584     472     469
     585     471     472
     871     470     467
     572     473     474
     573     475     473
     802     476     477
     702     474     476
     847     477     475
     478     479     763
     480     481     910
     480     589     482
     478     796     481
     479     482     591
     520     483     484
     901     485     483
     832     486     485
     521     484     487
     696     487     486
     488     769     489
     489     593     490
     718     491     492
     491     872     493
     492     490     594
     488     493     873
     899     494     495
     597     495     496
     752     497     498
     753     498     494
     598     496     497
     903     499     500
     793     500     501
     904     502     499
     597     503     502
     503     599     504
     501     504     777
     714     505     506
     815     507     508
     758     509     507
     715     506     509
     846     508     505
     526     510     511
     527     512     510
     849     511     513
     699     514     512
     815     513     514
     574     515     517
     860     518     516
     856     519     518
     573     517     519
     522     909     520
     522     523     907
     523     524     576
     521     577     524
     528     580     529
     527     529     581
     525     865     530
     528     530     869
     797     531     532
     798     532     533
     832     533     534
     765     535     531
     766     534     535
     536     537     773
     538     536     774
     539     538     898
     539     725     540
     541     756     537
     541     540     726
     842     542     543
     660     543     544
     905     545     542
     793     546     545
     544     547     661
     546     791     547
     853     548     549
     809     549     550
     839     551     548
     664     552     551
     550     553     785
     552     665     553
     760     554     555
     852     556     554
     809     557     556
     747     555     558
     810     559     557
     748     558     559
     560     731     561
     560     562     668
     563     862     564
     565     669     562
     561     840     563
     565     564     716
     566     850     567
     567     761     568
     569     568     762
     566     570     803
     570     571     801
     569     799     571
     572     703     575
     575     726     574
     754     576     578
     722     578     579
     697     579     577
     719     582     580
     700     581     583
     720     583     582
     586     706     587
     586     588     727
     585     587     707
     584     843     588
     710     592     590
     711     591     592
     720     594     595
     750     595     596
     770     596     593
     598     778     599
     799     600     601
     735     601     602
     794     603     604
     800     604     600
     736     602     603
     605     757     606
     605     607     756
     607     608     775
     606     788     609
     609     776     608
     795     610     611
     794     612     610
     805     613     612
     765     611     614
     767     614     613
     615     616     833
     617     618     739
     617     820     619
     615     740     618
     616     619     834
     750     620     621
     751     621     622
     771     623     620
     818     624     623
     813     622     624
     780     625     626
     752     627     625
     722     628     627
     828     626     629
     723     629     628
     829     630     631
     835     631     632
     781     632     633
     828     634     630
     782     633     634
     825     635     636
     743     636     637
     836     638     639
     826     639     635
     744     637     638
     812     640     641
     808     641     642
     805     642     643
     822     644     640
     806     643     644
     824     645     646
     836     647     645
     781     648     647
     822     646     649
     783     649     648
     758     650     651
     814     652     650
     759     651     653
     816     653     654
     813     654     652
     762     655     656
     747     657     655
     808     658     659
     800     656     658
     749     659     657
     660     662     844
     663     834     662
     663     661     792
     664     841     666
     666     837     667
     667     786     665
     759     670     671
     732     668     670
     715     671     669
     672     673     795
     672     797     674
     674     763     675
     673     676     790
     675     764     677
     676     677     776
     678     679     780
     678     829     680
     680     833     681
     679     682     778
     681     792     683
     682     683     779
     684     685     824
     684     812     686
     686     811     687
     685     688     838
     687     787     689
     688     689     786
     690     691     816
     691     692     817
     693     825     692
     690     818     694
     694     819     695
     693     695     821
     724     697     698
     830     698     696
     701     814     699
     701     700     751
     703     704     757
     702     801     705
     705     789     704
     771     708     709
     728     709     706
     770     707     708
     710     773     712
     712     775     713
     711     713     764
     845     714     717
     717     716     857
     719     874     721
     718     721     875
     724     831     723
     728     729     819
     729     730     820
     727     844     730
     731     733     841
     732     817     734
     734     827     733
     736     790     737
     735     738     789
     738     737     788
     821     739     741
     835     742     740
     826     741     742
     744     838     745
     743     746     827
     746     745     837
     749     748     811
     754     755     908
     753     900     755
     851     760     761
     807     768     767
     830     766     768
     895     774     772
     777     779     791
     784     823     783
     784     782     831
     810     785     787
     798     902     796
     802     848     804
     803     804     855
     807     806     823
     839     854     840
     906     842     843
     859     860     893
     863     878     880
