         1
         6
        12
        18
        23
        26
        29
        36
        42
        47
        52
        57
        62
        68
        73
        79
        85
        90
        96
       102
       106
       110
       114
       120
       124
       128
       132
       137
       143
       148
       155
       160
       165
       170
       175
       180
       185
       190
       195
       200
       205
       210
       215
       220
       225
       230
       235
       241
       247
       253
       258
       263
       268
       275
       281
       287
       292
       297
       302
       307
       313
       318
       324
       330
       336
       342
       348
       354
       360
       366
       372
       378
       384
       388
       394
       400
       406
       412
       418
       424
       429
       434
       441
       448
       454
       461
       467
       473
       480
       487
       493
       499
       505
       510
       517
       524
       531
       537
       543
       551
       557
       563
       570
       577
       582
       589
       596
       603
       609
       615
       621
       628
       634
       640
       645
       649
       657
       664
       670
       676
       680
       686
       692
       698
       704
       711
       717
       724
       730
       736
       742
       749
       754
       760
       768
       775
       782
       788
       796
       802
       808
       814
       820
       826
       833
       839
       845
       852
       859
       865
       873
       880
       887
       891
       895
       900
       906
       910
       916
       922
       927
       931
       934
       940
       946
       952
       956
       960
       968
       975
       979
       983
       987
       992
       997
      1003
      1007
      1013
      1019
      1024
      1029
      1034
      1039
      1044
      1049
      1054
      1059
      1064
      1069
      1074
      1079
      1084
      1089
      1095
      1102
      1107
      1112
      1118
      1124
      1129
      1135
      1140
      1146
      1152
      1158
      1164
      1171
      1176
      1182
      1188
      1193
      1198
      1202
      1208
      1214
      1221
      1227
      1231
      1238
      1244
      1250
      1256
      1263
      1269
      1275
      1281
      1288
      1294
      1299
      1305
      1312
      1318
      1323
      1331
      1338
      1344
      1348
      1355
      1361
      1368
      1374
      1380
      1386
      1392
      1398
      1404
      1410
      1416
      1422
      1427
      1435
      1442
      1449
      1455
      1462
      1468
      1474
      1480
      1487
      1495
      1502
      1508
      1514
      1520
      1526
      1533
      1540
      1546
      1552
      1558
      1565
      1571
      1578
      1584
      1591
      1598
      1604
      1610
      1616
      1623
      1630
      1635
      1642
      1648
      1655
      1660
      1665
      1669
      1674
      1677
      1680
      1684
      1688
      1693
      1698
      1701
      1706
      1709
      1713
      1717
      1723
      1728
      1732
      1737
      1741
      1746
      1749
      1753
      1756
      1758
      1763
      1766
      1770
      1774
      1778
      1781
      1784
      1788
      1792
      1797
      1801
      1804
      1807
      1810
      1815
      1819
      1823
      1826
      1831
      1836
      1842
      1845
