         1
         2
         4
        11
         1
         2
         3
         4
         5
         7
        11
         2
         3
         5
         7
         1
         2
         4
         6
        10
        11
        12
         2
         3
         5
         6
         7
         8
         9
         4
         5
         6
         8
         9
        10
        12
         2
         3
         5
         7
         5
         6
         8
         9
         5
         6
         8
         9
         4
         6
        10
        12
         1
         2
         4
        11
         4
         6
        10
        12
