         1
         2
         3
         5
         1
         2
         3
         5
         1
         2
         3
         4
         5
         6
        10
         3
         4
         6
        10
         1
         2
         3
         5
         7
         8
        11
         3
         4
         6
         7
         9
        10
        12
         5
         6
         7
         8
         9
        11
        12
         5
         7
         8
        11
         6
         7
         9
        12
         3
         4
         6
        10
         5
         7
         8
        11
         6
         7
         9
        12
