      68       1       2
     382       3       1
      69       2       4
    1081       5       3
    1079       4       5
       6      73       7
       8       7      74
     332       9       8
      10    4135      11
       9    4115      10
      11    4152       6
      12      13     368
    1073      14      12
      13      15      78
      14    4191      16
      15      17      79
      16    4197      17
      18    4080      19
    4078      18      20
      19     484      21
      20      22    4053
      21      83      23
      23      84      22
    1076      24      25
      26     139      27
     375      25      28
     140      26      24
      28      27     354
     492      29      30
     403      31      29
     209      32      31
    2037      30      33
     210      33      32
     409      34      35
     145      35      36
     146      36      37
     412      38      34
    4217      37      38
      39      40     393
    2023      41      42
     521      42      39
     245      43      41
      43     246      40
      88      44      45
      44    4059      46
      89      45      47
     371      48      49
     213      47      48
      49      46    4061
     382      50      51
     340      52      50
      51      53    4214
     249      54      52
      54     250      55
      53      55    4218
      56      57     333
      57      58     332
     150      59      56
      58      60    4116
      59     151      61
      60      61    4117
      62      63    4154
      64      62     253
     155      65      66
      67      64     254
      66      67     156
      65    4084      63
      68      70     205
     480      71      72
      71     206      70
    1080      72      69
      73    4215      75
      76      77     217
     218      74      76
      75     413      77
      78      80     325
      80      81     211
      81      82     212
      82      79    2025
      85     371      86
      83     222      87
      86    4054      84
      87     223      85
      90    4060      88
     214      91      89
      92    2028      90
      91     329      92
     349      93      94
     350      95      93
     473      96      95
     474      94      96
     460      97      98
     365      99     100
     330     100     101
     417      98      99
      97    2030     102
     101     102     331
    4081     103     104
     347     105     103
     485     106     107
     484     104     106
     107     108     227
     105     228     108
    1083     109     110
     531     110     111
     231     112     109
     111     113     438
     113     114     336
     112     232     114
    2032     115     116
     116     117     493
     115     384     118
     119     120     236
     117     119     488
     118     237     120
     121     122    1078
     123     121     531
     240     124     125
     124     241     122
     126     123     388
     125     126     389
     127     128     247
     129     396     130
     128     130     248
     456     129     131
     132     127    2036
     131     132     461
     133    4157     134
     135     136     505
     136     134     507
     361     133     137
     138     135     469
     137     138     362
     140    1071     141
     142     141    1072
     368     143     142
     143     369     144
     144     355     139
     147     146    4219
     251     148     149
     148     410     145
     149     147     252
     152     150     334
     448     153     152
     154    4145     151
     153     507     154
     157    4083     155
     348     157     158
     156     257     159
     158     159     344
     258     160     161
     465     161     162
     525     162     163
     255     163     164
     254     164     160
     406     165     166
     370     166     167
     356     168     169
     378     169     165
     355     167     168
     452     170     171
     406     172     173
     357     171     174
     407     173     170
     358     174     172
     509     175     176
     398     177     175
     499     176     178
     500     178     179
     399     179     177
     422     180     181
     482     181     182
     483     182     183
     462     183     184
     423     184     180
     425     185     186
     363     187     185
     426     186     188
     362     189     187
     466     188     189
     190     523     191
     441     190     192
     439     192     193
     194     191     524
     440     193     194
     385     195     196
     520     197     195
     386     196     198
     470     199     197
     414     198     199
     200     435     201
     201     379     202
     203     204     410
     204     202     380
     411     200     203
     443     207     206
     383     205     208
     437     208     207
     211     209     326
     212    2026     210
     215     366     216
     216     330     214
     372     215     213
     217     409     219
     219     380     220
     333     218     221
     221     220     335
     224     225     373
     226     482     225
     222     485     226
     223     224     372
     422     227     229
     344     230     228
     345     229     230
     233     376     234
    1084     233     231
     234     377     235
     235     337     232
     489     236     238
     386     239     237
     415     238     239
     242     481     243
     479     242     244
     243    1074     241
     244     240     477
     247     245    2024
     248     394     246
     252    4220     250
     341     251     249
     253    4155     256
     256     526     255
     258     346     257
     533     259     260
     512     261     259
     529     260     262
     475     263     264
     513     264     261
     476     262     263
     397     265     266
     458     267     265
     266     268     394
     269     395     268
     494     270     267
     519     269     270
     271     272     466
     273     467     272
     506     274     275
     469     275     271
     508     276     274
     502     273     276
     449     277     278
     430     278     279
     477     280     277
     431     279     281
     280     478     282
     281     282     500
     283     534     284
     498     285     286
     287     463     288
     285     464     287
     288     465     283
     286     284     533
     289     527     290
     490     289     291
     290     455     292
     291     293     491
     294     453     293
     292     452     294
     295     516     296
     297     296     528
     298     297     490
     517     295     299
     300     298     471
     299     300     472
     301     498     302
     303     302     529
     304     497     301
     305     303     518
     495     304     306
     306     305     496
     307     420     308
     309     308     486
     310     309     459
     418     307     311
     312     310     457
     311     312     419
     313     314     435
     315     446     314
     316     317     437
     317     313     436
     450     315     318
     318     316     444
     319     448     320
     320     447     321
     505     319     322
     323     321     446
     324     323     451
     322     324     506
     326     404     327
     325     328     369
     328     327     370
     329     331    2029
     334     335     381
     408     338     339
     439     336     338
     378     339     337
     436     342     343
     342     411     341
     343     340     383
     424     345     346
    4082     348     347
     349     515     351
     352     351     523
     527     353     352
     353     528     350
     377     354     356
     405     359     360
     454     357     359
     404     360     358
     364    4156     361
     526     364     363
     366     374     367
     367     418     365
     374     373     421
     376    1077     375
     447     381     379
     522     385     387
    2034     387     384
     390     510     391
     391     499     392
     388     532     390
     389     392     478
     520     393     395
     457     397     396
     400     401     502
     402     398     514
     401     402     503
     501     399     400
     403     488     405
     442     408     407
     413    4216     412
     471     416     414
     416     491     415
     419     456     417
     420     421     483
     463     423     424
     427     428     534
     525     425     427
     429     426     468
     429     512     428
     432     450     430
     451     432     433
     434     431     501
     433     434     508
     532     438     440
     455     441     442
     445     443     479
     444     445     449
     453     454     489
     459     495     458
     461    2031     460
     464     487     462
     504     468     467
     472     470     519
     530     476     473
     514     474     475
     481     480    1075
     497     486     487
     493     492    2033
     496     517     494
     503     513     504
     509     511     515
     510     524     511
     518     530     516
    2035     521     522
     814     535     536
     815     536     537
     979     538     535
    4224     537     538
     619     539     540
     541    1073     542
     540     543     620
     539    4190     541
     542    1072     544
     544     975     543
     545    4094     546
     547    4093     545
     624     548     549
     548    1082     547
     550     546     776
     549     550     625
     551     680     552
     553     554    4182
     554     552     890
     681     551     555
     556     553    4181
     555     556    4179
     629     557     558
    4192     559     560
    1009     560     561
     778     561     557
     630     558     559
     998     562     563
     809     563     564
    1009     565     566
    4193     566     562
     810     564     565
     930     567     568
     685     568     569
    1024     570     567
     686     569     571
    4095     572     570
    4096     571     572
    4209     573     574
    4206     575     573
     797     576     575
     888     574     577
     577     578     885
     576     798     578
     793     579     580
    1078     581     579
     794     580     582
     909     582     583
    1038     583     581
     998     584     585
     584     768     586
     633     587     588
    4200     585     587
     588     586     634
     589     590    4211
    4210     591     589
     764     592     591
     879     593     594
     765     594     592
     593    1049     590
     595    4226     596
     816     597     598
     815     599     597
     600     596     914
     599    4225     595
     912     598     600
     601    4138     602
     986     603     604
     776     601     605
     604     602    4130
     603     690     606
     605     606     691
     607     608    4201
     609     607     889
     610    4223     608
     638     610     611
     612     609     772
     611     612     639
     613    4099     614
    4098     613     615
     614     694     616
     615     617     900
     617     618     805
     616     695     618
     621     620     921
     622    4184     619
     766     623     621
     623     767     622
     906     626     627
     626    1079     624
     627     628     883
     625     777     628
     779     629     631
     890     631     632
     632     630    4183
     635    4194     636
     636    4196     633
     954     635     637
     637     634     769
     639     773     640
    4221     638     641
     640     914     642
     641     642    4222
     643     972     644
     783     643     645
     645     646     784
     644     973     647
     648     647     975
     646     648    1071
     788     649     650
     649     789     651
     651    4128     652
     653     654    1023
     650     653     939
     654     652    1025
     655     656    1068
     656     657     959
     795     658     659
     660     655    1084
     659     660     796
     658     892     657
     661     662     797
     661    4207     663
     664     905     665
     917     664     666
     666     667     954
     667     663    4195
     662     665     799
     668     669     980
     670     668     926
     800     671     672
     673     670     896
     671    4102     669
     672     673     801
     674     907     675
    1075     674     676
     677     678     919
     679     677    1039
     676     679    1040
     675     908     678
     682     924     683
     680     683     891
    1048     682     684
     684     681    1050
     687     931     685
    4097     688     686
     687     689     901
     688     900     689
     884     692     693
     957     693     690
     777     691     692
     696    1070     697
    4100     696     694
     698     697     989
     698     806     695
     990     699     700
    1000     700     701
    1064     701     702
    1065     702     703
     989     703     699
    1042     704     705
     919     706     707
     920     708     706
    1041     707     704
     955     705     708
    1020     709     710
    1021     711     709
     982     712     711
     939     710     713
     940     713     712
     995     714     715
    1006     715     716
     994     716     717
     992     718     714
     993     717     718
     883     719     720
     908     720     721
     884     722     719
     956     723     722
     920     721     723
    1060     724     725
    1026     726     727
    1058     725     726
    1051     728     724
    1027     727     728
     922     729     730
     923     730     731
     974     732     729
    1013     733     732
     947     731     733
     942     734     735
    1026     736     734
    1028     737     736
    1056     738     737
     943     735     738
     924     739     740
    1045     741     739
     925     740     742
    1046     743     741
     987     742     743
     915     744     745
     913     746     744
     745     747     905
     902     748     746
     748     903     747
    1063     749     750
     959     751     749
    1062     750     752
    1016     752     753
     960     753     751
    1020     754     755
     931     756     757
     933     758     756
    1003     755     758
     932     757     754
     935     759     760
    1007     761     759
     994     762     761
     950     763     762
     936     760     763
     767     764    4185
     880     765     766
     937     770     768
     953     769     771
     938     771     770
     773     774     904
     774     775     886
     772     885     775
     779     891     780
     988     781     782
     781    1010     778
     782     780     925
     785     786    1063
     786     787    1069
     787     784    1076
    1031     783     785
     790     791     986
     792     985     791
     941     792     788
     789     790    4129
     796    1083     793
     893     795     794
     798     799     887
    4101     800     802
     801     897     803
     803    1065     804
     802     804    1070
     901     805     807
     934     807     808
     991     808     806
     811    1008     812
     812     999     809
    1011     811     813
     813     810    1010
     981     814     817
     816     913     818
     817     818     916
     819    1066     820
    1043     819     821
     822     823    1007
    1012     821     824
     824     822    1008
     820    1006     823
     825    1004     826
     827    1005     825
    1055     827     828
     829     830    1001
     826    1002     830
     828     829    1056
     831     832     983
     984     833     831
     832     834     958
     833    1035     835
     836     835     955
     834     836     956
     837    1012     838
    1044     837     839
     838    1011     840
     839     841    1047
     842     987     841
     840     988     842
     843    1054     844
    1053     843     845
     844    1055     846
     845     847    1052
     848    1027     847
     846    1028     848
     849     850    1043
    1033     851     852
     852     849    1044
     853    1058     854
     851    1034     853
     850     854    1059
     855     856     915
     857     855     918
     976     858     859
     858     916     856
     860     857     951
     859     860     952
     861    1033     862
    1029     861     863
     864     865    1014
     862    1047     866
     863     864    1015
     865     866    1046
     867     962     868
     963     867     869
     869     870    1062
     870     871    1031
     868    1030     872
     871     872    1032
     873     967     874
     968     873     875
     876     877    1051
     878     876    1017
     874    1052     877
     875     878    1018
     881     880     923
     882    1048     879
     948     882     881
     886     887     903
     889    4202     888
     894    1019     895
     910     894     893
     895     961     892
     897     898     996
     896     927     899
     898     899     992
     904     902     912
     907    1080     906
     911    1041     910
    1039     911     909
     918     917     953
     922     921     973
     926     981     928
     928     976     929
     929     977     927
    1023     930     932
    1004     933     934
     935     937     999
     951     938     936
     983     941     940
    1057     944     943
    1067     945     944
    1059     942     946
    1066     946     945
     949    1045     948
    1014     949     947
     952     950     978
     958     957     985
    1018     960     961
     964    1060     965
     966     965    1034
     962     966    1029
    1061     964     963
     967     969    1036
    1019     970     968
     970    1042     971
     969     971    1035
     972    1032     974
     978     993     977
     980    4153     979
    1037     984     982
    1002     991     990
     995    1067     997
     996     997    1064
    1001    1000    1057
    1005    1022    1003
    1015    1013    1030
    1017    1061    1016
    1054    1021    1022
    1025    4146    1024
    1036    1037    1053
    1040    1038    1074
    1050    4180    1049
    1068    1069    1077
    1082    1081    4150
    2023    1085    1086
    2020    1087    1085
    1152    1088    1089
    1153    1086    1088
    1390    1089    1087
    1281    1090    1091
    1408    1092    1090
    4065    1093    1092
    1549    1094    1093
    1282    1091    1094
    2022    1095    1096
    1475    1097    1095
    1376    1098    1097
    1202    1096    1099
    1203    1099    1098
    1538    1100    1101
    1286    1101    1102
    1409    1103    1104
    1287    1102    1103
    4068    1104    1100
    1522    1105    1106
    1246    1107    1108
    1247    1108    1109
    1372    1106    1107
    4062    1109    1105
    1110    1111    1545
    1110    1291    1112
    1113    1112    1292
    1411    1114    1113
    1114    2009    1111
    1115    1116    1463
    1117    1115    1464
    2031    1118    1117
    1118    1242    1119
    1119    1243    1116
    1120    1121    4050
    1121    1122    1434
    1123    1262    1124
    4064    1125    1120
    1125    1263    1123
    1124    1414    1122
    1126    1127    1157
    1127    1128    1400
    1129    1130    2030
    1129    1464    1128
    1158    1131    1126
    1131    2029    1130
    1132    1133    1204
    1133    1134    2011
    1135    1132    1205
    1528    1136    1137
    1137    1135    1271
    1136    2012    1134
    1138    1523    1139
    1140    4072    1138
    1141    1139    1393
    1254    1142    1141
    1143    4055    1140
    1142    1255    1143
    1144    1145    1206
    1145    1146    1383
    1147    1384    1146
    1148    1209    1149
    1149    1275    1150
    1151    1150    1276
    1152    1368    1154
    2024    1153    1155
    1156    1154    1244
    1155    1156    1245
    1159    1157    1248
    1160    1161    4070
    1161    1159    1249
    2028    1158    1160
    1412    1162    1163
    1515    1164    1165
    1513    1165    1166
    1162    1250    1167
    2007    1163    1164
    1166    1167    1251
    1449    1168    1169
    1256    1170    1171
    1379    1169    1172
    1257    1172    1170
    1171    1173    4067
    1168    1549    1173
    1174    4051    1175
    1385    1174    1176
    1176    1177    1258
    1175    1434    1178
    1179    1178    1435
    1177    1179    1259
    1180    1181    1264
    1180    4057    1182
    1183    1182    1539
    1184    1265    1181
    1185    1183    1490
    1417    1184    1185
    1186    1266    1187
    1267    1186    1188
    1187    2013    1189
    1189    1528    1190
    1190    1529    1191
    1188    1191    1446
    1192    1193    1391
    1392    1194    1192
    1193    1195    1424
    1194    2015    1196
    1195    1197    1482
    1196    1516    1197
    1198    1199    1407
    1200    1502    1201
    1199    1201    1439
    1204    2021    1202
    1205    1203    1272
    1206    1396    1207
    1208    1207    1397
    1209    1210    1279
    1211    1386    1210
    1497    1212    1213
    1485    1213    1214
    1431    1214    1215
    1432    1215    1216
    1461    1216    1212
    1504    1217    1218
    1458    1219    1220
    1459    1220    1217
    1508    1221    1219
    1505    1218    1221
    1472    1222    1223
    1277    1224    1225
    1280    1223    1226
    1474    1225    1222
    1275    1226    1224
    1458    1227    1228
    1419    1229    1227
    1524    1230    1231
    1509    1228    1230
    1420    1231    1229
    1399    1232    1233
    1436    1234    1232
    1427    1235    1234
    1233    1236    1396
    1235    1398    1236
    1440    1237    1238
    1239    1240    1503
    1237    1439    1240
    1477    1238    1241
    1499    1241    1239
    1243    1244    1369
    2036    1245    1242
    1246    1248    1373
    1249    1247    4071
    1456    1252    1253
    1514    1251    1252
    1413    1253    1250
    1380    1257    1254
    1255    1256    4056
    1399    1260    1261
    1383    1258    1260
    1261    1259    1437
    1265    1415    1262
    4058    1264    1263
    1268    1546    1269
    1266    1269    2014
    1270    1465    1268
    1447    1270    1267
    1271    1273    1402
    1274    1403    1273
    1272    1377    1274
    1277    1476    1278
    1276    1278    2018
    1279    1387    1280
    1454    1283    1284
    1410    1281    1283
    1492    1284    1285
    1548    1285    1282
    1288    1289    1455
    1479    1290    1288
    1540    1286    1290
    1289    1287    1410
    1547    1293    1291
    1413    1292    1294
    1532    1295    1293
    1457    1294    1295
    1511    1296    1297
    1519    1297    1298
    1530    1298    1299
    1299    1300    1457
    1296    1512    1301
    1301    1456    1300
    1418    1302    1303
    1438    1304    1305
    1303    1306    1415
    1468    1305    1302
    1304    1437    1307
    1306    1307    1416
    1533    1308    1309
    1534    1309    1310
    1311    1454    1312
    1480    1313    1308
    1455    1311    1313
    1310    1312    1493
    1314    1463    1315
    1495    1316    1317
    1318    1315    1462
    1319    1400    1314
    1316    1401    1319
    1317    1318    1461
    1320    1321    1497
    1441    1322    1320
    1442    1323    1322
    1324    1496    1325
    1517    1324    1323
    1325    1495    1321
    1326    1327    1452
    1327    1328    1505
    1453    1329    1326
    1328    1330    1478
    1329    1472    1331
    1330    1331    1473
    1332    1500    1333
    1469    1334    1335
    1336    1337    1471
    1335    1336    1470
    1334    1486    1332
    1337    1333    1499
    1338    1339    1537
    1340    1491    1339
    1341    1489    1340
    1342    1487    1341
    1506    1343    1338
    1343    1488    1342
    1344    1466    1345
    1345    1447    1346
    1535    1344    1347
    1347    1348    1526
    1346    1448    1349
    1348    1349    1524
    1350    1351    1544
    1352    1532    1351
    1353    1530    1352
    1531    1353    1354
    1355    1350    1541
    1354    1355    1542
    1356    1543    1357
    1358    1519    1359
    1520    1358    1360
    1359    1531    1356
    1357    1450    1361
    1360    1361    1451
    1362    1363    1485
    1364    1483    1365
    1363    1366    1498
    1484    1364    1362
    1365    1514    1367
    1366    1367    1512
    1391    1370    1368
    1425    1371    1370
    1433    1369    1371
    1374    1373    1401
    1496    1375    1374
    1521    1372    1375
    1377    1378    1453
    1378    1376    1474
    1381    1380    1394
    1518    1382    1381
    1382    1451    1379
    4052    1385    1384
    1440    1388    1389
    1388    1473    1387
    1407    1389    1386
    2016    1392    1390
    1394    1395    1517
    1395    1393    1521
    1428    1397    1398
    1404    1510    1405
    1406    1508    1404
    1452    1406    1403
    1402    1405    1529
    4066    1408    1409
    2008    1411    1412
    1416    1435    1414
    1489    1418    1417
    1421    1422    1536
    1423    1419    1460
    1422    1423    1506
    1527    1420    1421
    1426    1431    1425
    1424    1484    1426
    1428    1429    1502
    1430    1503    1429
    1471    1430    1427
    1432    1462    1433
    1470    1436    1438
    1443    1518    1442
    1498    1444    1441
    1445    1520    1443
    1444    1511    1445
    1448    1446    1525
    1450    1548    1449
    1460    1459    1507
    1466    1544    1467
    1465    1467    1547
    1487    1469    1468
    1476    1475    2019
    1478    1477    1501
    1481    1537    1479
    1536    1481    1480
    1483    1482    1513
    1488    1507    1486
    1490    1540    1491
    1542    1493    1494
    1543    1494    1492
    1504    1501    1500
    1509    1525    1510
    2017    1515    1516
    4063    1522    1523
    1526    1527    1533
    1541    1535    1534
    1538    1539    4069
    1546    1545    2010
    1723    1550    1551
    1604    1551    1552
    1605    1552    1553
    2026    1554    1550
    1553    1555    4178
    1554    2027    1555
    1556    1557    1598
    1557    1558    1714
    1559    2018    1558
    1560    1561    4173
    1561    1562    1721
    1563    1601    1562
    1829    1564    1565
    2022    1566    1567
    1715    1568    1564
    1897    1565    1566
    1716    1567    1568
    1752    1569    1570
    1664    1571    1569
    1665    1572    1571
    4203    1573    1572
    1972    1570    1573
    1862    1574    1575
    1576    1577    4212
    1992    1575    1578
    1574    1863    1577
    1993    1578    1579
    1579    1576    4198
    1580    1669    1581
    1581    1670    1582
    2013    1580    1583
    1582    1855    1584
    1583    1585    2012
    1584    2002    1585
    1586    2035    1587
    1588    1587    1748
    1589    2020    1586
    1749    1590    1588
    1591    1923    1589
    1590    1881    1591
    1592    1593    1606
    4175    1594    1592
    1593    1595    1607
    1594    4176    1596
    1595    1597    1717
    1596    1868    1597
    1599    1600    1727
    1598    1715    1600
    1602    1830    1603
    1603    1722    1601
    1606    1605    4177
    1607    1718    1604
    1834    1608    1609
    1924    1610    1611
    2015    1611    1608
    1925    1612    1610
    1609    1613    1734
    1612    1735    1613
    1614    1615    1845
    1616    1846    1615
    2004    1617    1618
    2005    1616    1617
    2009    1618    1619
    1911    1619    1614
    2003    1620    1621
    1622    2011    1623
    1621    1623    2002
    1837    1624    1620
    1738    1622    1625
    1739    1625    1624
    4174    1626    1627
    1628    1832    1629
    1628    1630    1722
    1729    1627    1631
    1631    1629    1730
    1626    1721    1630
    1632    1633    4205
    1634    1869    1633
    1958    1635    1632
    1634    1636    1852
    1959    1637    1635
    1637    1853    1636
    1638    1639    1835
    1639    1640    1836
    1944    1641    1638
    1642    2006    1643
    1643    2007    1640
    1641    1967    1642
    1644    1743    1645
    1744    1644    1646
    1645    4186    1647
    1647    1864    1648
    1646    1649    1841
    1648    1842    1649
    1650    1651    1901
    1651    1652    2032
    1653    1750    1652
    1899    1654    1650
    1655    1751    1653
    1654    1884    1655
    1656    1657    1875
    1658    1728    1659
    1657    1659    1826
    1660    1661    1850
    1661    1662    1865
    1663    1927    1662
    1666    1667    1958
    4204    1665    1666
    1667    1668    1920
    1668    1664    1753
    1671    1672    1912
    1669    2014    1673
    1670    1671    1856
    1672    1673    1913
    1858    1674    1675
    1859    1675    1676
    1931    1677    1674
    1861    1676    1678
    1909    1678    1677
    1950    1679    1680
    1952    1681    1679
    1866    1680    1682
    1851    1683    1681
    1850    1682    1683
    1991    1684    1685
    1892    1685    1686
    1889    1686    1687
    1890    1687    1688
    1935    1688    1684
    1886    1689    1690
    1960    1690    1691
    1871    1692    1689
    1692    1854    1693
    1691    1693    1853
    1952    1694    1695
    1831    1695    1696
    1830    1696    1697
    1833    1697    1698
    1860    1698    1694
    2001    1699    1700
    1940    1700    1701
    1966    1702    1703
    1968    1703    1699
    1941    1701    1702
    1999    1704    1705
    2003    1706    1704
    1857    1707    1708
    1855    1708    1706
    1877    1705    1707
    1709    1710    1829
    1710    1711    1827
    1898    1712    1709
    1712    1872    1713
    1713    1828    1711
    1714    2019    1716
    1718    1719    1724
    1719    1720    1822
    1720    1717    1870
    1723    1725    2037
    1726    1902    1725
    1724    1823    1726
    1727    1827    1728
    1731    1993    1732
    1910    1731    1733
    1732    4199    1729
    1733    1730    1861
    1945    1736    1737
    1835    1734    1736
    1926    1737    1735
    1740    1739    1838
    2021    1738    1741
    1742    1740    1898
    1741    1742    1897
    1745    1973    1746
    1747    1938    1745
    1743    1746    4187
    1891    1747    1744
    1750    1748    2034
    1751    1882    1749
    1754    1755    1961
    1752    1974    1755
    1753    1754    1921
    1947    1756    1757
    1903    1757    1758
    1926    1759    1756
    1882    1760    1761
    1883    1761    1759
    1885    1758    1760
    1969    1762    1763
    1942    1764    1762
    1964    1765    1766
    1943    1766    1764
    1763    1767    1962
    1765    1963    1767
    1915    1768    1769
    1916    1769    1770
    1981    1771    1768
    1988    1772    1773
    1989    1770    1772
    1997    1773    1771
    1928    1774    1775
    1876    1776    1774
    1776    1873    1777
    1894    1778    1779
    1905    1775    1778
    1779    1777    1874
    1999    1780    1781
    1782    1783    1981
    1780    2000    1783
    1975    1781    1784
    1976    1784    1785
    1977    1785    1782
    1786    1945    1787
    1788    1789    1948
    1789    1787    1947
    1955    1790    1788
    1791    1946    1786
    1790    1965    1791
    1792    1793    1959
    1794    1956    1795
    1795    1960    1793
    1920    1796    1792
    1797    1957    1794
    1796    1922    1797
    1798    1994    1799
    1800    1984    1798
    1801    1799    1992
    1934    1800    1802
    1803    1801    1910
    1802    1803    1909
    1804    1805    1951
    1806    1932    1805
    1807    1983    1808
    1953    1807    1804
    1808    1934    1809
    1809    1931    1806
    1810    1970    1811
    1811    1971    1812
    1990    1810    1813
    1814    1815    1936
    1813    1814    1937
    1815    1812    1939
    1816    1995    1817
    1818    1979    1816
    1980    1818    1819
    1820    1817    1996
    1821    1820    1998
    1819    1821    1985
    1823    1824    1899
    1824    1825    1887
    1822    1871    1825
    1873    1826    1828
    1832    1833    1859
    1834    1836    2017
    1839    1837    1975
    1840    1839    1895
    1838    1840    1896
    1862    1843    1842
    1893    1844    1843
    1889    1841    1844
    2001    1847    1846
    1912    1845    1848
    1979    1849    1847
    1914    1848    1849
    1870    1852    1854
    1856    1878    1857
    1858    1860    1933
    1864    4188    1863
    1867    1865    1928
    1867    1929    1866
    1868    4189    1869
    1896    1874    1872
    1875    1876    1927
    1878    1914    1879
    1879    1980    1880
    1880    1986    1877
    1881    1883    1925
    1884    1900    1885
    1904    1888    1886
    1900    1887    1888
    1936    1891    1890
    1994    1892    1893
    1895    1906    1894
    1901    2033    1902
    1904    1949    1903
    1906    1976    1907
    1907    1954    1908
    1908    1930    1905
    1913    2010    1911
    1991    1917    1916
    1984    1918    1917
    1983    1919    1918
    1982    1915    1919
    1922    1921    1963
    1923    1924    2016
    1930    1951    1929
    1933    1950    1932
    1937    1935    1989
    1938    1939    1974
    1940    1942    1995
    1965    1943    1941
    1946    1966    1944
    1956    1948    1949
    1954    1978    1953
    1957    1964    1955
    1962    1961    1971
    1967    1968    2005
    1970    1996    1969
    1973    1972    4208
    1978    1977    1982
    1985    1997    1987
    1986    1987    2000
    1998    1990    1988
    2006    2004    2008
    2025    4213    2027
    2352    2038    2039
    2994    2040    2038
    2089    2039    2041
    2090    2041    2042
    3004    2042    2040
    2043    2044    2226
    2045    2094    2044
    2046    2043    4052
    3005    2047    2048
    3002    2048    2049
    2050    2097    2051
    2098    2050    2047
    2363    2049    2052
    2052    2051    2207
    2053    2428    2054
    4055    2055    2056
    2057    2358    2053
    2056    2054    4034
    2163    2058    2055
    2164    2057    2058
    2998    2059    2060
    2102    2060    2061
    2103    2061    2062
    2059    2999    2063
    2218    2062    2064
    2064    2063    2369
    2413    2065    2066
    2066    2067    2995
    2153    2068    2069
    2245    2069    2065
    2067    2070    3000
    2068    2154    2070
    2071    2249    2072
    2073    4041    2074
    2158    2073    2075
    2071    2076    2429
    2074    4047    2076
    2075    2072    2159
    2077    2078    2373
    2079    2080    2165
    2080    2077    2253
    2166    2081    2079
    2078    2082    4065
    2081    4067    2082
    2083    2084    2257
    2258    2085    2083
    2086    2087    2992
    2084    2086    2493
    2085    2369    2088
    2088    2993    2087
    2091    2240    2089
    2210    2091    2092
    2092    2093    2211
    2093    2090    3006
    2095    2215    2096
    2094    2096    2227
    2099    2098    3007
    4030    2100    2099
    2100    2222    2101
    2101    2208    2097
    2104    2103    2219
    3003    2105    2106
    2105    2363    2107
    2108    2107    2364
    2463    2106    2109
    2448    2109    2110
    2110    2108    2397
    2111    4050    2112
    2112    2228    2113
    2113    2227    2114
    2487    2111    2115
    2115    2116    2361
    2114    2229    2116
    2379    2117    2118
    2119    2487    2120
    2117    4064    2119
    2118    2121    2380
    2120    2488    2122
    2121    2122    2440
    2123    4048    2124
    2125    2425    2126
    2124    2496    2125
    2347    2123    2127
    2126    2350    2128
    2127    2128    2348
    2129    2479    2130
    2131    2130    4057
    2132    2131    2381
    2133    2134    2340
    2480    2129    2133
    2134    2132    2341
    2135    2136    2481
    2137    2138    2400
    2374    2139    2137
    2138    2135    2442
    2136    2140    4068
    2139    2375    2140
    2141    2142    2405
    2142    2143    2355
    2144    2244    2143
    2145    2495    2146
    2146    2382    2147
    2148    2147    2345
    2149    2346    2150
    2150    2385    2151
    2152    2151    2415
    2155    2153    2246
    2494    2156    2155
    2156    2493    2157
    2157    3001    2154
    2160    4042    2158
    2496    2160    2161
    2161    2162    2422
    2162    2159    2250
    2165    2254    2164
    4056    2166    2163
    2376    2167    2168
    2361    2169    2170
    2362    2168    2169
    2488    2170    2171
    2490    2171    2167
    2477    2172    2173
    2387    2174    2172
    2460    2175    2176
    2388    2176    2174
    2462    2173    2175
    2409    2177    2178
    2426    2179    2177
    2446    2180    2181
    2436    2181    2179
    2410    2178    2180
    2438    2182    2183
    2386    2184    2182
    2383    2185    2186
    2384    2186    2184
    2451    2183    2185
    2187    2188    2471
    2513    2189    2187
    2509    2190    2189
    2510    2191    2190
    2191    2472    2188
    2433    2192    2193
    2411    2193    2194
    2412    2194    2195
    2431    2195    2196
    2432    2196    2192
    2403    2197    2198
    2406    2198    2199
    2500    2199    2200
    2392    2200    2201
    2393    2201    2197
    2439    2202    2203
    2489    2203    2204
    2438    2205    2202
    2483    2204    2206
    2452    2206    2205
    2231    2207    2209
    2223    2209    2208
    2212    2213    2464
    2241    2210    2212
    2213    2214    2465
    2214    2211    2996
    2216    2230    2215
    2217    2236    2216
    2220    2218    2370
    2221    2220    2356
    2219    2221    2244
    2232    2223    2224
    2349    2224    2225
    4031    2225    2222
    4051    2226    2228
    2230    2237    2229
    2364    2231    2233
    2398    2233    2234
    2234    2235    2351
    2232    2348    2235
    2238    2377    2239
    2236    2415    2238
    2239    2362    2237
    2242    2241    2468
    2365    2243    2242
    2243    2353    2240
    2247    2248    2455
    2246    2247    2491
    2248    2245    2414
    2430    2251    2249
    2423    2250    2252
    2431    2252    2251
    2255    2359    2254
    2256    2401    2255
    2253    2374    2256
    2370    2258    2259
    2257    2457    2260
    2259    2261    2371
    2260    2407    2261
    2508    2262    2263
    2512    2264    2262
    2507    2263    2265
    2264    2471    2266
    2506    2265    2267
    2267    2266    2473
    2268    2269    2492
    2270    2509    2269
    2455    2271    2268
    2456    2272    2271
    2466    2273    2272
    2476    2270    2273
    2505    2274    2275
    2503    2275    2276
    2504    2276    2277
    2511    2277    2278
    2278    2279    2472
    2274    2473    2279
    2446    2280    2281
    2417    2282    2280
    2418    2283    2282
    2449    2284    2285
    2450    2281    2284
    2468    2285    2283
    2447    2286    2287
    2288    2289    2437
    2474    2287    2290
    2498    2290    2291
    2502    2291    2288
    2286    2436    2289
    2292    2293    2424
    2292    2423    2294
    2295    2502    2293
    2296    2294    2432
    2461    2295    2297
    2297    2296    2434
    2443    2298    2299
    2482    2300    2298
    2299    2301    2444
    2478    2302    2300
    2301    2303    2445
    2302    2462    2303
    2458    2304    2305
    2305    2306    2512
    2491    2307    2308
    2459    2308    2304
    2306    2309    2513
    2307    2492    2309
    2310    2311    2507
    2311    2312    2501
    2312    2313    2453
    2484    2314    2310
    2314    2452    2315
    2313    2315    2451
    2316    2474    2317
    2317    2499    2318
    2475    2316    2319
    2319    2320    2476
    2318    2511    2321
    2320    2321    2510
    2469    2322    2323
    2322    2441    2324
    2325    2326    2489
    2323    2325    2485
    2324    2440    2327
    2326    2327    2490
    2328    2329    2505
    2486    2330    2328
    2329    2331    2506
    2331    2332    2484
    2330    2485    2333
    2332    2333    2483
    2334    2335    2477
    2336    2503    2335
    2337    2334    2478
    2470    2338    2337
    2339    2486    2336
    2338    2469    2339
    2340    2342    2482
    2342    2343    2470
    2343    2344    2441
    2341    2380    2344
    2346    2345    2384
    4045    2347    2349
    2409    2351    2350
    2413    2352    2354
    2366    2354    2353
    2355    2357    2403
    2356    2372    2357
    2359    2412    2360
    2358    2360    2430
    2414    2366    2367
    2368    2365    2467
    2367    2368    2456
    2371    2404    2372
    2373    4066    2375
    2439    2376    2378
    2416    2378    2377
    2381    4058    2379
    2454    2383    2382
    2385    2386    2416
    2389    2498    2390
    2390    2461    2388
    2499    2389    2391
    2391    2387    2504
    2394    2395    2408
    2396    2394    2508
    2501    2392    2396
    2395    2393    2404
    2399    2398    2410
    2397    2399    2450
    2401    2402    2411
    2400    2444    2402
    2405    2406    2495
    2458    2408    2407
    2467    2418    2419
    2420    2417    2447
    2421    2420    2475
    2419    2421    2466
    2422    2424    2497
    2425    2497    2427
    2427    2437    2426
    2428    2429    4035
    2433    2445    2435
    2434    2435    2460
    2442    2480    2443
    2464    2448    2449
    2453    2454    2500
    2457    2494    2459
    2465    2997    2463
    2481    4069    2479
    2514    2545    2515
    2516    3005    2514
    2517    2515    2546
    2518    2517    4032
    3008    2516    2518
    4133    2519    2520
    2692    2520    2521
    4134    2522    2519
    2594    2523    2522
    2595    2521    2523
    2524    4122    2525
    2526    2525    4049
    2527    2526    2599
    4123    2524    2528
    2529    2527    2600
    2528    2529    2814
    2530    2604    2531
    2532    2533    2998
    2533    2531    2913
    2899    2534    2535
    2644    2536    2534
    4036    2537    2538
    2645    2538    2536
    2900    2535    2537
    2989    2539    2540
    2540    2541    2649
    4092    2542    2539
    4091    2543    2542
    2734    2544    2543
    2544    2650    2541
    2816    2547    2545
    4033    2546    2548
    2607    2549    2547
    2608    2548    2549
    2853    2550    2551
    2923    2552    2550
    4127    2553    2552
    2814    2554    2553
    2815    2551    2554
    2849    2555    2556
    2934    2556    2557
    2657    2558    2559
    2996    2557    2558
    2658    2559    2555
    2560    2561    2912
    2560    2653    2562
    2999    2563    2564
    2563    2913    2561
    2564    2565    2993
    2565    2562    2654
    2566    2567    2978
    2568    2824    2567
    2569    2570    2737
    2738    2568    2569
    2570    2571    3001
    2566    3000    2571
    2572    2862    2573
    2741    2572    2574
    2573    2994    2575
    2575    2995    2576
    2574    2577    2742
    2576    2978    2577
    2578    2579    2921
    2580    4089    2581
    2579    2581    2924
    2582    2578    2735
    4090    2580    2583
    2583    2582    2734
    2584    2816    2585
    2586    2587    3003
    2588    2817    2584
    2659    2589    2586
    2587    2585    3002
    2589    2660    2588
    2590    2693    2591
    2592    2593    2708
    2591    2694    2593
    2709    2596    2597
    2711    2597    2598
    2694    2595    2596
    4131    2598    2594
    2601    2602    2695
    2602    2599    4043
    2603    2601    2696
    2600    2603    2722
    2604    2605    2726
    2606    2700    2605
    2609    4039    2608
    2730    2610    2607
    2611    2703    2609
    2610    2704    2611
    2828    2612    2613
    2985    2614    2612
    2829    2613    2615
    2855    2615    2614
    2812    2616    2617
    2888    2618    2619
    4118    2619    2616
    2875    2620    2618
    2617    2621    2813
    2620    2840    2621
    2622    2623    2862
    2624    2935    2625
    2626    2933    2624
    2627    2930    2626
    2863    2627    2622
    2623    2625    3004
    2628    2629    2716
    2630    2628    2718
    2631    2715    2629
    2632    2633    2833
    2633    2634    2834
    2635    2847    2634
    2636    2943    2637
    2637    2896    2638
    2639    2638    2838
    2640    2914    2641
    2642    2839    2640
    2643    2641    2963
    2646    2976    2647
    2903    2646    2648
    2648    2644    2902
    2647    4046    2645
    2957    2649    2651
    2820    2651    2652
    2736    2652    2650
    2894    2655    2653
    2739    2654    2656
    2740    2656    2655
    2997    2657    2659
    2660    2658    2818
    2850    2661    2662
    2852    2663    2664
    2883    2664    2665
    2879    2665    2661
    2851    2662    2663
    2917    2666    2667
    2876    2668    2669
    2878    2669    2666
    2877    2670    2668
    2886    2667    2670
    2964    2671    2672
    2859    2672    2673
    2910    2674    2675
    2860    2673    2674
    2951    2675    2671
    2925    2676    2677
    2967    2677    2678
    2865    2678    2679
    2926    2680    2676
    2866    2679    2680
    2915    2681    2682
    2683    2684    2897
    2681    2898    2684
    2683    2941    2685
    2682    2685    2954
    2686    2990    2687
    2687    2991    2688
    2889    2686    2689
    2690    2691    2870
    2689    2690    2887
    2691    2688    2871
    2693    4074    2692
    2695    4044    2697
    2698    2697    2976
    2699    2698    2890
    2696    2699    2723
    2701    2727    2700
    2702    2861    2701
    2703    2705    4040
    2704    2731    2706
    2705    2707    2901
    2706    2843    2707
    2715    2708    2710
    2712    2710    2709
    2713    2812    2714
    4124    2713    2711
    2714    2717    2712
    2719    2716    2717
    2720    2721    2841
    2718    2720    2847
    2719    2813    2721
    2722    2724    2815
    2723    2891    2725
    2724    2725    2854
    2912    2726    2728
    2728    2729    2911
    2727    2860    2729
    2817    2732    2730
    2732    2819    2733
    2731    2733    2844
    2735    2821    2736
    2737    2992    2739
    2825    2738    2740
    2743    2864    2741
    2983    2743    2744
    2744    2745    2984
    2745    2742    2979
    2987    2746    2747
    2958    2748    2746
    2959    2749    2748
    2960    2750    2749
    2980    2751    2750
    2988    2747    2751
    2936    2752    2753
    2948    2753    2754
    2893    2755    2752
    2892    2756    2757
    2974    2754    2756
    2891    2757    2755
    2853    2758    2759
    2921    2759    2760
    2761    2762    2893
    2758    2854    2762
    2922    2760    2763
    2937    2763    2761
    2764    2765    2941
    2766    2968    2767
    2918    2766    2768
    2767    2955    2765
    2768    2769    2917
    2769    2764    2919
    2770    2771    2906
    2772    2885    2773
    2774    2902    2772
    2904    2774    2770
    2773    2883    2775
    2771    2775    2884
    2776    2895    2777
    2939    2776    2778
    2777    2894    2779
    2778    2780    2952
    2779    2911    2781
    2780    2781    2910
    2782    2783    2965
    2783    2784    2961
    2784    2785    2962
    2953    2786    2782
    2785    2787    2951
    2786    2952    2787
    2788    2789    2939
    2789    2790    2940
    2791    2984    2790
    2973    2791    2792
    2792    2793    2966
    2793    2788    2953
    2794    2795    2986
    2796    2794    2983
    2797    2944    2795
    2945    2797    2798
    2799    2796    2973
    2798    2799    2972
    2800    2946    2801
    2981    2800    2802
    2801    2945    2803
    2803    2970    2804
    2804    2971    2805
    2802    2805    2980
    2806    2937    2807
    2808    2809    2949
    2938    2806    2810
    2811    2808    2981
    2810    2811    2960
    2807    2936    2809
    2818    2851    2819
    2821    2922    2822
    2822    2938    2823
    2823    2959    2820
    2826    2940    2827
    2827    2979    2824
    2895    2826    2825
    2830    2931    2828
    2829    2856    2831
    2930    2830    2832
    2832    2831    2909
    2835    2920    2836
    2835    2837    2878
    2833    2836    2943
    2834    2848    2837
    2839    2838    2898
    2876    2842    2840
    2848    2841    2842
    2845    2899    2843
    2845    2846    2885
    2846    2844    2852
    2849    2880    2850
    2857    2906    2856
    2975    2858    2855
    2907    2857    2858
    2861    2963    2859
    2864    2932    2863
    2965    2865    2867
    2966    2867    2868
    2972    2868    2869
    2970    2869    2866
    2872    2873    2969
    2873    2871    2987
    2874    2872    2918
    2870    2874    2886
    2887    2877    2875
    2933    2881    2880
    2881    2909    2882
    2882    2884    2879
    4119    2889    2888
    2890    2977    2892
    2942    2897    2896
    4037    2901    2900
    2977    2903    2905
    2905    2904    2908
    2908    2907    2974
    2915    2962    2916
    2916    2964    2914
    2920    2919    2942
    2924    4142    2923
    2968    2927    2925
    2969    2928    2927
    2971    2926    2929
    2988    2929    2928
    2932    2986    2931
    2934    3006    2935
    2946    2982    2947
    2947    2985    2944
    2975    2950    2948
    2982    2949    2950
    2967    2956    2955
    2961    2954    2956
    2957    2958    2991
    2990    4125    2989
    3007    3008    4038
    3075    3009    3010
    3343    3011    3009
    4105    3012    3011
    4107    3013    3012
    3076    3010    3013
    3014    3137    3015
    3016    3017    4169
    3509    3018    3016
    3017    3015    4172
    3018    3138    3014
    3487    3019    3020
    4062    3020    3021
    3142    3022    3023
    3236    3023    3019
    3143    3021    3022
    3080    3024    3025
    3326    3026    3027
    3081    3028    3024
    4028    3027    3028
    3327    3025    3026
    3332    3029    3030
    3316    3031    3032
    3449    3033    3029
    4017    3032    3033
    3317    3030    3031
    3318    3034    3035
    3211    3035    3036
    4019    3037    3034
    3085    3038    3037
    3086    3036    3038
    3215    3039    3040
    3040    3041    3319
    3090    3042    3039
    3043    4061    3041
    3091    3044    3042
    4054    3043    3044
    4042    3045    3046
    3367    3047    3048
    3046    3049    3219
    3047    3220    3049
    4048    3050    3045
    3469    3048    3050
    3051    3357    3052
    3053    3054    4060
    4070    3055    3053
    3056    3144    3051
    3054    3052    3428
    3055    3145    3056
    3146    3057    3058
    3059    3509    3060
    3057    3385    3059
    3060    4170    3061
    3061    4171    3062
    3058    3062    3147
    3063    4168    3064
    3065    3064    3364
    3066    3065    3365
    3067    3068    3223
    3068    3066    3224
    4149    3063    3067
    3069    3070    3151
    4072    3071    3069
    3070    3072    3152
    3072    3073    3240
    3071    4034    3074
    3073    3074    3421
    3075    3077    3323
    4108    3078    3076
    3079    3201    3077
    3078    3202    3079
    4029    3081    3082
    3080    3206    3083
    3084    3083    3207
    4032    3082    3084
    3087    3088    4106
    3088    3085    4020
    3338    3089    3087
    3089    3212    3086
    3092    3090    3216
    3093    4079    3094
    3350    3093    3092
    3094    4053    3091
    3358    3095    3096
    3359    3096    3097
    3457    3098    3095
    3426    3097    3098
    3422    3099    3100
    3221    3101    3099
    3417    3100    3102
    3222    3103    3101
    3370    3102    3103
    3377    3104    3105
    3344    3106    3104
    3323    3107    3106
    3324    3105    3107
    3478    3108    3109
    3398    3109    3110
    3225    3111    3112
    3479    3112    3108
    3226    3110    3111
    3113    3114    3470
    3115    3116    3345
    3346    3117    3115
    3116    3113    4031
    3114    3118    3227
    3117    3228    3118
    3119    3431    3120
    3120    4021    3121
    3502    3122    3123
    3124    3405    3119
    3122    3406    3124
    3123    3121    3503
    3125    4027    3126
    3127    3504    3125
    3128    3390    3127
    3129    3353    3128
    3231    3129    3130
    3130    3126    3232
    3131    4103    3132
    3341    3133    3134
    3135    3339    3131
    3134    3136    3344
    3133    3340    3135
    3132    3343    3136
    3139    3429    3140
    3141    3364    3137
    3510    3139    3138
    3141    3140    3366
    3145    4071    3143
    3144    3142    3237
    3148    3386    3146
    3351    3148    3149
    3150    3147    4167
    3149    3150    3350
    3152    3241    3153
    3154    3155    3487
    3153    3360    3155
    3151    3154    4063
    3491    3156    3157
    3483    3158    3156
    3512    3157    3159
    3436    3159    3160
    3437    3160    3158
    3452    3161    3162
    3424    3163    3164
    3447    3165    3161
    3454    3162    3163
    3425    3164    3165
    3493    3166    3167
    3402    3168    3166
    3403    3169    3168
    3495    3170    3169
    3496    3167    3170
    3498    3171    3172
    3388    3172    3173
    3511    3174    3171
    3387    3175    3174
    3386    3173    3175
    3438    3176    3177
    3372    3177    3178
    3373    3178    3179
    3481    3179    3180
    3482    3180    3176
    3506    3181    3182
    3453    3183    3181
    3452    3184    3183
    3439    3182    3185
    3440    3185    3184
    3424    3186    3187
    3409    3188    3189
    3455    3187    3190
    3411    3190    3188
    3410    3189    3186
    3493    3191    3192
    3429    3193    3194
    3511    3195    3193
    3494    3192    3195
    3430    3194    3191
    3196    3473    3197
    3198    3197    3474
    3443    3199    3198
    3199    3444    3200
    3200    3461    3196
    3202    4113    3203
    3203    3480    3204
    3204    3412    3205
    3205    3325    3201
    3335    3208    3209
    3331    3209    3206
    3347    3210    3208
    4038    3207    3210
    3213    3317    3211
    3333    3213    3214
    3340    3214    3212
    3352    3216    3217
    3413    3217    3218
    3218    3215    3320
    4041    3219    3221
    3368    3222    3220
    3223    3225    4140
    3224    3399    3226
    3471    3227    3229
    3381    3229    3230
    3348    3230    3228
    3233    3450    3234
    3451    3233    3235
    3234    3354    3231
    3235    3232    4025
    3358    3237    3238
    3458    3238    3239
    3488    3239    3236
    3241    3242    3361
    3242    3243    3394
    3240    3417    3243
    3403    3244    3245
    3497    3245    3246
    3507    3246    3247
    3466    3248    3249
    3404    3249    3244
    3512    3247    3248
    3250    3251    3473
    3252    3250    3382
    3433    3253    3254
    3384    3254    3255
    3383    3255    3252
    3253    3434    3251
    3256    3481    3257
    3485    3256    3258
    3259    3257    3435
    3407    3260    3259
    3505    3258    3261
    3406    3261    3260
    3262    3472    3263
    3419    3264    3265
    3265    3263    3461
    3266    3369    3262
    3267    3368    3266
    3264    3371    3267
    3268    3269    3456
    3270    3440    3271
    3271    3454    3269
    3272    3495    3273
    3476    3272    3268
    3273    3441    3270
    3274    3401    3275
    3276    3275    3430
    3277    3276    3496
    3399    3274    3278
    3279    3277    3476
    3278    3279    3400
    3280    3331    3281
    3282    3283    3328
    3281    3327    3283
    3284    3336    3280
    3432    3285    3282
    3285    3384    3284
    3286    3378    3287
    3379    3286    3288
    3287    3377    3289
    3290    3425    3291
    3288    3291    3448
    3289    3410    3290
    3292    3416    3293
    3293    3413    3294
    3499    3292    3295
    3294    3414    3296
    3295    3297    3460
    3296    3426    3297
    3298    3467    3299
    3500    3298    3300
    3299    3468    3301
    3302    3303    3498
    3300    3302    3499
    3301    3494    3303
    3304    3492    3305
    3489    3304    3306
    3305    3500    3307
    3306    3308    3459
    3308    3309    3457
    3307    3460    3309
    3310    3311    3489
    3463    3312    3313
    3313    3310    3464
    3314    3445    3315
    3311    3315    3483
    3312    3446    3314
    4018    3318    3316
    3320    3321    3415
    3322    3319    4059
    3322    3428    3321
    3409    3324    3325
    3326    4023    3329
    3431    3328    3330
    3330    3329    4024
    3380    3332    3334
    3342    3334    3333
    3337    3346    3335
    3336    3349    3337
    3339    3338    4104
    3378    3342    3341
    3345    4030    3347
    3349    3383    3348
    3389    3351    3352
    3353    3355    3391
    3355    3356    3447
    3354    3448    3356
    3359    3427    3357
    3361    3395    3362
    3360    3363    3488
    3362    3465    3363
    3365    3366    3401
    3367    3471    3369
    3371    3418    3370
    3374    3507    3375
    3376    3373    3486
    3508    3374    3376
    3375    3436    3372
    3450    3380    3379
    3381    3382    3472
    3385    3387    3510
    3416    3388    3389
    3392    3391    3453
    3393    3392    3505
    3390    3393    3502
    3395    3396    3463
    3396    3397    3420
    3397    3394    3418
    3400    3477    3398
    3468    3404    3402
    3408    3407    3433
    3405    3408    3432
    3478    3411    3412
    3414    3415    3427
    3420    3419    3462
    3422    3423    4047
    3421    4035    3423
    3435    3475    3434
    3484    3438    3437
    3442    3508    3439
    3441    3497    3442
    3445    3443    3484
    3446    3462    3444
    4026    3449    3451
    3477    3456    3455
    3459    3458    3490
    3464    3490    3465
    3467    3501    3466
    3470    3469    4045
    3482    3474    3475
    3480    4132    3479
    3506    3486    3485
    3492    3491    3501
    3504    3503    4022
    3646    3513    3514
    4126    3515    3513
    3719    3516    3517
    4121    3517    3515
    3647    3514    3516
    4029    3518    3519
    4033    3520    3518
    3593    3521    3520
    3743    3519    3522
    3594    3522    3521
    3975    3523    3524
    4018    3525    3526
    3870    3527    3525
    3871    3524    3527
    3976    3526    3523
    4088    3528    3529
    3755    3530    3531
    3833    3529    3530
    3651    3531    3532
    4136    3533    3528
    3652    3532    3533
    3874    3534    3535
    4027    3535    3536
    4008    3536    3537
    3767    3537    3538
    3768    3538    3534
    3539    3839    3540
    3541    3540    3904
    4049    3542    3541
    3539    3543    3665
    3542    4141    3544
    3543    3544    3666
    3997    3545    3546
    3545    4137    3547
    3546    3548    3656
    3549    3657    3548
    3549    3547    3759
    3550    3875    3551
    3552    3551    4021
    3772    3550    3553
    3552    4024    3554
    3773    3553    3555
    3555    3554    3991
    3556    4120    3557
    3557    3997    3558
    4109    3556    3559
    3560    3558    3860
    3746    3559    3561
    3747    3561    3560
    3562    3831    3563
    3832    3562    3564
    3563    4166    3565
    3842    3564    3566
    3913    3566    3567
    3567    3568    4163
    3568    3565    4165
    3569    3731    3570
    3571    3913    3572
    3569    3573    4144
    3853    3571    3574
    3574    3570    3732
    3572    4164    3573
    3575    3576    4160
    3577    4161    3576
    3578    3720    3577
    3598    3579    3575
    3580    3721    3578
    3579    3599    3580
    3581    3582    4114
    3582    3583    3731
    4020    3584    3581
    3584    3660    3585
    3583    3586    3724
    3585    3661    3586
    3587    3588    4005
    3763    3589    3587
    3588    3590    4075
    3590    3591    4077
    3589    3667    3592
    3591    3592    3668
    3867    3595    3596
    4039    3597    3593
    3970    3596    3597
    3744    3594    3595
    3599    3600    3722
    4158    3601    3598
    3600    3602    3831
    3601    4159    3602
    3905    3603    3604
    3734    3605    3603
    3857    3606    3607
    3735    3607    3605
    4044    3608    3609
    3906    3604    3608
    4046    3609    3606
    3610    3901    3611
    3612    4139    3613
    3611    3877    3614
    3738    3612    3615
    3610    3613    3946
    3615    3614    3739
    3616    3990    3617
    3618    3617    3992
    3619    3618    4028
    3620    3619    3743
    3621    3620    3745
    3919    3616    3621
    3622    3748    3623
    3749    3622    3624
    3623    3914    3625
    3625    3945    3626
    3624    3627    4111
    3626    3947    3627
    3628    3750    3629
    3629    4026    3630
    3751    3628    3631
    3631    3632    3948
    3630    4009    3633
    3633    4010    3632
    3634    3959    3635
    3635    3845    3636
    4085    3634    3637
    3637    3638    3760
    3636    3836    3639
    3638    3639    3761
    3640    3641    3971
    3972    3642    3640
    3641    3643    3884
    3642    4037    3644
    3643    3645    3858
    3644    3859    3645
    3900    3646    3648
    3727    3648    3649
    3721    3650    3647
    3723    3649    3650
    3653    3654    3900
    3898    3655    3653
    3655    3756    3651
    3654    3652    4143
    3887    3656    3658
    3837    3658    3659
    3761    3659    3657
    3662    3932    3663
    3663    3725    3661
    3664    3976    3662
    3660    4019    3664
    3764    3665    3667
    3668    3666    4112
    3888    3669    3670
    3986    3670    3671
    3956    3671    3672
    3889    3673    3669
    3890    3672    3673
    4003    3674    3675
    4004    3676    3674
    3999    3677    3676
    3879    3675    3678
    3880    3678    3677
    3979    3679    3680
    4014    3681    3682
    4013    3682    3683
    3980    3680    3681
    4012    3683    3679
    4013    3684    3685
    3977    3685    3686
    3978    3686    3687
    4002    3688    3684
    3987    3687    3688
    3984    3689    3690
    3973    3690    3691
    3966    3691    3692
    3963    3692    3693
    3964    3693    3689
    3867    3694    3695
    3971    3696    3694
    3916    3697    3698
    3868    3695    3697
    3968    3698    3696
    4015    3699    3700
    4016    3701    3699
    3982    3702    3701
    3949    3703    3702
    3948    3700    3703
    3975    3704    3705
    3932    3705    3706
    3929    3706    3707
    3933    3708    3704
    3930    3707    3708
    3929    3709    3710
    3896    3710    3711
    3709    3928    3712
    3897    3711    3713
    3713    3712    3910
    4004    3714    3715
    3952    3716    3717
    3953    3717    3714
    3715    3718    3982
    3716    3983    3718
    3720    3719    4073
    3722    3728    3723
    3896    3726    3725
    3733    3724    3726
    3729    3864    3727
    3728    3832    3730
    3730    3843    3729
    3854    3732    3733
    3885    3736    3737
    3736    3858    3735
    3737    3734    3907
    3740    4076    3738
    4006    3741    3742
    4005    3740    3741
    3742    3739    3878
    3745    3744    3869
    3748    3747    3861
    4110    3746    3749
    3750    3752    4017
    3753    3870    3752
    3872    3753    3754
    3754    3751    3920
    3756    3899    3757
    3757    3924    3758
    3758    3834    3755
    3760    3762    4086
    3762    3759    4147
    3765    3763    3892
    3849    3766    3765
    3766    3840    3764
    3769    4015    3770
    3876    3771    3768
    3771    3950    3769
    3767    3770    4010
    3774    3876    3772
    3951    3774    3775
    3990    3776    3773
    3989    3775    3776
    3899    3777    3778
    3911    3779    3780
    3779    3910    3781
    3865    3780    3782
    3866    3782    3777
    3778    3781    3927
    3936    3783    3784
    3783    3925    3785
    3931    3784    3786
    3786    3787    3928
    3788    3785    3924
    3788    3927    3787
    3969    3789    3790
    3790    3791    3977
    3792    4014    3791
    3793    3941    3792
    3938    3794    3789
    3939    3793    3794
    3993    3795    3796
    3796    3797    3954
    3797    3798    3955
    3994    3799    3795
    3798    3800    3985
    3799    3986    3800
    3801    3878    3802
    3801    3803    3981
    3804    3979    3803
    3942    3804    3805
    3805    3806    3902
    3806    3802    3877
    3807    3808    3978
    3809    3989    3810
    3988    3809    3807
    3810    3919    3811
    3808    3812    3917
    3811    3918    3812
    3813    4000    3814
    3815    3814    3950
    3816    3815    3951
    4001    3813    3817
    3818    3816    3988
    3817    3818    3987
    3819    3820    3993
    3821    3819    3995
    3822    3915    3820
    3914    3822    3823
    3824    3821    3943
    3823    3824    3944
    3825    3934    3826
    3937    3825    3827
    3826    3935    3828
    3827    3829    3957
    3828    3963    3830
    3829    3830    3958
    3926    3835    3834
    3960    3833    3835
    3837    3838    3889
    3836    3846    3838
    3839    3841    3905
    3840    3850    3841
    3844    3842    3912
    3843    3844    3865
    3845    3961    3847
    3847    3962    3848
    3848    3891    3846
    3851    3849    3893
    3908    3852    3851
    3852    3907    3850
    3912    3853    3855
    3855    3856    3911
    3856    3854    3897
    3859    4036    3857
    3862    3994    3863
    3860    3998    3862
    3861    3863    3915
    3864    3866    3898
    3869    3868    3918
    3974    3871    3873
    3873    3872    3921
    3874    4022    3875
    3881    3880    4001
    4011    3879    3882
    3883    3881    4002
    3882    3883    4012
    3884    3886    3940
    3886    3885    3909
    3998    3887    3888
    3957    3890    3891
    3894    4007    3895
    3893    3895    3941
    3892    4006    3894
    3944    3902    3903
    3945    3903    3901
    4043    3904    3906
    3909    3908    3939
    3969    3917    3916
    3921    3922    3973
    3920    3949    3923
    3922    3923    3983
    3961    3926    3925
    3934    3931    3930
    3935    3933    3967
    3962    3936    3937
    3940    3938    3968
    3943    4011    3942
    3947    3946    4148
    3952    3955    3984
    3954    3953    3996
    3956    3958    3965
    3959    4087    3960
    3985    3965    3964
    3967    3974    3966
    4040    3972    3970
    4007    3981    3980
    3992    3991    4023
    3995    3996    4003
    4000    3999    4016
    4009    4025    4008
    4073    4151    4162
