         1
         6
        11
        16
        21
        26
        31
        36
        41
        46
        51
        56
        61
        66
        71
        76
        81
        86
        91
        96
       101
       106
       111
       116
       121
       126
       131
       138
       145
       152
       159
       166
       173
       180
       187
       192
       197
       202
       207
       212
       217
       222
       227
       232
       237
       242
       247
       252
       257
       262
       267
       272
       277
       282
       287
       292
       297
       302
       307
       312
       317
       322
       327
       332
       337
       342
       347
       352
       357
       362
       367
       372
       377
       382
       387
       392
       397
       402
       407
       412
       417
       422
       427
       432
       437
       444
       451
       458
       465
       472
       479
       484
       489
       494
       499
       504
       509
       514
       519
       524
       529
       534
       539
       544
       549
       554
       559
       564
       569
       574
       579
       584
       589
       594
       599
       604
       609
       614
       619
       624
       629
       634
       639
       644
       649
       654
       659
       664
       669
       674
       679
       684
       689
       694
       699
       704
       709
       714
       719
       724
       729
       734
       739
       744
       749
       754
       759
       764
       769
       774
       779
       784
       789
       794
       799
       804
       811
       818
       825
       832
       839
       846
       853
       860
       867
       874
       881
       888
       895
       902
       909
       916
       923
       930
       937
       944
       951
       958
       965
       972
       978
       983
       988
       994
      1001
      1006
      1011
      1016
      1021
      1026
      1031
      1036
      1041
      1046
      1051
      1056
      1061
      1066
      1071
      1076
      1081
      1086
      1091
      1096
      1101
      1106
      1111
      1118
      1125
      1132
      1137
      1142
      1147
      1152
      1157
      1162
      1167
      1172
      1177
      1182
      1187
      1192
      1197
      1202
      1207
      1212
      1217
      1222
      1227
      1232
      1237
      1242
      1247
      1252
      1257
      1262
      1267
      1272
      1277
      1282
      1287
      1292
      1297
      1302
      1307
      1312
      1317
      1322
      1327
      1332
      1337
      1342
      1347
      1352
      1357
      1362
      1367
      1372
      1377
      1382
      1387
      1392
      1397
      1402
      1407
      1412
      1417
      1422
      1427
      1432
      1437
      1442
      1447
      1454
      1461
      1466
      1471
      1476
      1481
      1486
      1491
      1496
      1501
      1506
      1511
      1516
      1521
      1526
      1531
      1536
      1541
      1546
      1551
      1556
      1561
      1566
      1571
      1576
      1581
      1586
      1593
      1600
      1606
      1611
      1617
      1622
      1629
      1635
      1640
      1646
      1651
      1658
      1664
      1669
      1675
      1680
      1687
      1693
      1698
      1704
      1709
      1716
      1721
      1726
      1731
      1736
      1741
      1748
      1755
      1760
      1765
      1770
      1775
      1780
      1785
      1790
      1795
      1800
      1807
      1814
      1819
      1824
      1829
      1834
      1841
      1848
      1855
      1862
      1869
      1876
      1883
      1890
      1897
      1904
      1911
      1918
      1923
      1928
      1933
      1940
      1947
      1954
      1961
      1966
      1971
      1978
      1985
      1992
      1999
      2006
      2011
      2016
      2021
      2026
      2031
      2036
      2041
      2046
      2051
      2056
      2061
      2066
      2071
      2076
      2081
      2087
      2093
      2100
      2105
      2110
      2117
      2124
      2131
      2138
      2145
      2152
      2157
      2162
      2167
      2172
      2177
      2182
      2189
      2196
      2203
      2208
      2213
      2218
      2223
      2228
      2233
      2238
      2243
      2248
      2253
      2258
      2263
      2269
      2275
      2280
      2285
      2290
      2295
      2300
      2305
      2310
      2315
      2320
      2325
      2330
      2335
      2341
      2346
      2353
      2358
      2363
      2368
      2373
      2378
      2383
      2388
      2393
      2398
      2403
      2410
      2415
      2420
      2425
      2431
      2436
      2441
      2446
      2451
      2456
      2461
      2468
      2475
      2482
      2489
      2496
      2503
      2508
      2513
      2518
      2523
      2528
      2533
      2538
      2543
      2548
      2553
      2558
      2565
      2572
      2579
      2584
      2589
      2594
      2601
      2606
      2613
      2620
      2625
      2630
      2635
      2640
      2645
      2652
      2659
      2664
      2671
      2678
      2685
      2690
      2695
      2700
      2705
      2710
      2715
      2720
      2725
      2730
      2735
      2740
      2745
      2750
      2755
      2760
      2767
      2774
      2781
      2788
      2793
      2798
      2803
      2808
      2813
      2818
      2823
      2828
      2833
      2838
      2843
      2848
      2853
      2858
      2863
      2868
      2873
      2878
      2883
      2888
      2893
      2898
      2903
      2908
      2913
      2918
      2923
      2928
      2935
      2942
      2949
      2956
      2963
      2970
      2977
      2984
      2989
      2994
      2999
      3004
      3009
      3014
      3019
      3024
      3029
      3034
      3039
      3044
      3049
      3054
      3059
      3064
      3069
      3074
      3079
      3084
      3089
      3094
      3099
      3104
      3109
      3114
      3119
      3124
      3129
      3134
      3139
      3144
      3149
      3154
      3159
      3164
      3169
      3174
      3179
      3184
      3189
      3194
      3199
      3204
      3209
      3214
      3219
      3224
      3229
      3234
      3241
      3248
      3255
      3262
      3267
      3272
      3277
      3282
      3287
      3292
      3297
      3302
      3307
      3314
      3321
      3326
      3331
      3336
      3341
      3346
      3351
      3356
      3361
      3366
      3371
      3378
      3385
      3392
      3397
      3402
      3407
      3412
      3417
      3422
      3427
      3432
      3437
      3442
      3447
      3452
      3457
      3462
      3467
      3472
      3477
      3482
      3487
      3492
      3497
      3502
      3507
      3512
      3517
      3522
      3527
      3532
      3537
      3542
      3549
      3556
      3563
      3570
      3577
      3584
      3591
      3598
      3605
      3612
      3619
      3626
      3633
      3640
      3647
      3654
      3661
      3668
      3675
      3682
      3689
      3696
      3703
      3710
      3717
      3724
      3731
      3738
      3745
      3752
      3759
      3766
      3771
      3776
      3781
      3786
      3791
      3796
      3801
      3806
      3811
      3816
      3821
      3827
      3832
      3838
      3845
      3850
      3855
      3860
      3865
      3870
      3875
      3880
      3885
      3890
      3895
      3900
      3905
      3910
      3915
      3920
      3925
      3930
      3935
      3940
      3945
      3950
      3955
      3960
      3965
      3970
      3975
      3980
      3985
      3992
      3998
      4005
      4012
      4019
      4024
      4029
      4034
      4039
      4044
      4049
      4055
      4061
      4068
      4075
      4080
      4085
      4090
      4095
      4100
      4105
      4110
      4115
      4120
      4125
      4130
      4135
      4140
      4145
      4150
      4155
      4160
      4166
      4171
      4176
      4182
      4189
      4195
      4200
      4206
      4211
      4218
      4224
      4229
      4235
      4240
      4247
      4253
      4258
      4264
      4269
      4276
      4281
      4286
      4291
      4296
      4303
      4310
      4317
      4324
      4331
      4336
      4341
      4346
      4351
      4356
      4361
      4366
      4371
      4376
      4381
      4388
      4395
      4402
      4409
      4416
      4423
      4430
      4437
      4444
      4451
      4458
      4465
      4472
      4479
      4486
      4493
      4500
      4507
      4514
      4521
      4528
      4535
      4542
      4549
      4556
      4563
      4570
      4577
      4584
      4591
      4598
      4605
      4612
      4619
      4626
      4633
      4640
      4647
      4654
      4659
      4664
      4669
      4674
      4679
      4684
      4689
      4694
      4699
      4704
      4709
      4714
      4719
      4726
      4733
      4740
      4747
      4754
      4761
      4768
      4775
      4782
      4787
      4792
      4797
      4802
      4807
      4812
      4817
      4822
      4827
      4832
      4837
      4844
      4851
      4858
      4863
      4870
      4875
      4880
      4885
      4890
      4895
      4900
      4905
      4910
      4915
      4922
      4929
      4936
      4941
      4946
      4951
      4956
      4961
      4966
      4971
      4976
      4981
      4986
      4991
      4996
      5001
      5006
      5011
      5016
      5021
      5026
      5031
      5038
      5045
      5052
      5059
      5066
      5073
      5080
      5087
      5092
      5099
      5104
      5109
      5114
      5119
      5126
      5133
      5140
      5147
      5154
      5161
      5168
      5175
      5182
      5189
      5196
      5203
      5210
      5215
      5220
      5225
      5231
      5236
      5241
      5246
      5251
      5256
      5261
      5268
      5275
      5280
      5286
      5291
      5296
      5303
      5310
      5317
      5324
      5329
      5334
      5339
      5344
      5351
      5358
      5365
      5372
      5379
      5386
      5393
      5400
      5405
      5412
      5419
      5426
      5433
      5440
      5447
      5454
      5461
      5468
      5475
      5480
      5485
      5490
      5495
      5500
      5507
      5514
      5521
      5528
      5535
      5542
      5549
      5556
      5563
      5570
      5577
      5584
      5591
      5598
      5605
      5612
      5617
      5622
      5627
      5632
      5637
      5642
      5647
      5652
      5657
      5662
      5667
      5672
      5677
      5682
      5687
      5692
      5697
      5702
      5707
      5712
      5717
      5722
      5727
      5732
      5737
      5742
      5747
      5752
      5757
      5762
      5767
      5772
      5777
      5782
      5787
      5792
      5797
      5802
      5807
      5812
      5817
      5822
      5827
      5832
      5837
      5842
      5847
      5852
      5859
      5866
      5873
      5880
      5887
      5894
      5901
      5908
      5913
      5918
      5923
      5928
      5933
      5938
      5943
      5948
      5953
      5958
      5963
      5968
      5973
      5978
      5983
      5988
      5993
      5998
      6003
      6008
      6013
      6018
      6023
      6028
      6033
      6038
      6043
      6048
      6053
      6058
      6063
      6068
      6073
      6078
      6083
      6088
      6093
      6098
      6103
      6108
      6113
      6118
      6123
      6128
      6133
      6138
      6143
      6148
      6153
      6158
      6163
      6168
      6173
      6178
      6183
      6188
      6193
      6198
      6203
      6208
      6213
      6218
      6223
      6228
      6233
      6238
      6243
      6248
      6253
      6258
      6263
      6268
      6273
      6278
      6283
      6290
      6297
      6304
      6311
      6318
      6325
      6330
      6335
      6340
      6345
      6350
      6355
      6360
      6365
      6370
      6375
      6380
      6385
      6390
      6395
      6400
      6405
      6410
      6415
      6420
      6425
      6430
      6435
      6440
      6445
      6450
      6455
      6460
      6465
      6470
      6475
      6480
      6485
      6490
      6495
      6500
      6505
      6510
      6515
      6520
      6525
      6530
      6535
      6540
      6545
      6550
      6555
      6560
      6565
      6570
      6575
      6580
      6585
      6590
      6595
      6600
      6605
      6610
      6615
      6620
      6625
      6630
      6635
      6640
      6645
      6650
      6655
      6660
      6665
      6670
      6675
      6682
      6689
      6696
      6703
      6710
      6717
      6724
      6731
      6738
      6745
      6752
      6759
      6766
      6773
      6780
      6787
      6792
      6797
      6802
      6807
      6812
      6817
      6822
      6827
      6832
      6837
      6842
      6847
      6852
      6857
      6862
      6867
      6872
      6877
      6882
      6887
      6892
      6897
      6902
      6907
      6912
      6917
      6922
      6928
      6934
      6939
      6944
      6951
      6958
      6965
      6970
      6975
      6980
      6985
      6990
      6995
      7000
      7005
      7010
      7015
      7020
      7025
      7030
      7035
      7040
      7045
      7050
      7055
      7060
      7065
      7070
      7075
      7080
      7085
      7090
      7095
      7100
      7105
      7110
      7115
      7120
      7125
      7130
      7135
      7140
      7145
      7150
      7155
      7160
      7165
      7170
      7175
      7180
      7185
      7190
      7195
      7200
      7205
      7210
      7215
      7220
      7225
      7230
      7235
      7240
      7245
      7250
      7255
      7260
      7265
      7270
      7275
      7280
      7285
      7290
      7295
      7300
      7305
      7310
      7315
      7320
      7325
      7330
      7335
      7340
      7345
      7350
      7355
      7360
      7365
      7370
      7375
      7380
      7385
      7390
      7395
      7400
      7405
      7410
      7415
      7420
      7425
      7430
      7435
      7440
      7445
      7450
      7455
      7460
      7466
      7471
      7476
      7481
      7487
      7493
      7498
      7503
      7508
      7513
      7518
      7523
      7528
      7533
      7538
      7543
      7548
      7553
      7558
      7563
      7568
      7573
      7579
      7585
      7590
      7595
      7601
      7607
      7612
      7617
      7623
      7629
      7634
      7639
      7644
      7649
      7654
      7659
      7664
      7669
      7674
      7679
      7684
      7689
      7694
      7699
      7704
      7709
      7714
      7719
      7724
      7729
      7734
      7739
      7744
      7749
      7754
      7759
      7764
      7769
      7774
      7779
      7784
      7789
      7794
      7799
      7804
      7809
      7814
      7819
      7824
      7829
      7834
      7839
      7844
      7849
      7854
      7859
      7864
      7869
      7874
      7879
      7884
      7889
      7894
      7899
      7904
      7909
      7914
      7919
      7924
      7931
      7938
      7943
      7948
      7953
      7958
      7963
      7968
      7973
      7978
      7983
      7988
      7993
      7998
      8003
      8008
      8014
      8019
      8024
      8029
      8034
      8041
      8048
      8053
      8058
      8063
      8068
      8073
      8078
      8083
      8088
      8093
      8098
      8103
      8108
      8113
      8118
      8123
      8128
      8133
      8138
      8143
      8148
      8153
      8158
      8163
      8168
      8173
      8178
      8183
      8188
      8193
      8199
      8204
      8210
      8216
      8221
      8226
      8231
      8236
      8241
      8246
      8251
      8256
      8261
      8266
      8271
      8276
      8281
      8286
      8291
      8296
      8301
      8306
      8311
      8316
      8321
      8326
      8331
      8336
      8341
      8346
      8351
      8356
      8361
      8366
      8371
      8376
      8381
      8386
      8391
      8398
      8403
      8410
      8415
      8420
      8425
      8430
      8435
      8440
      8445
      8450
      8455
      8460
      8465
      8470
      8475
      8480
      8485
      8492
      8499
      8504
      8509
      8514
      8519
      8524
      8529
      8534
      8539
      8544
      8549
      8554
      8559
      8564
      8569
      8574
      8581
      8586
      8593
      8598
      8603
      8608
      8613
      8618
      8623
      8628
      8633
      8638
      8643
      8648
      8653
      8658
      8663
      8668
      8673
      8678
      8683
      8688
      8693
      8698
      8703
      8708
      8713
      8718
      8723
      8728
      8733
      8738
      8743
      8748
      8753
      8758
      8763
      8768
      8773
      8778
      8783
      8788
      8793
      8798
      8803
      8808
      8813
      8818
      8823
      8828
      8833
      8838
      8843
      8850
      8857
      8864
      8871
      8878
      8885
      8892
      8899
      8904
      8909
      8914
      8919
      8924
      8929
      8936
      8943
      8950
      8957
      8963
      8968
      8974
      8979
      8986
      8991
      8996
      9001
      9006
      9011
      9016
      9021
      9026
      9031
      9036
      9041
      9046
      9051
      9058
      9065
      9072
      9079
      9086
      9093
      9098
      9103
      9108
      9113
      9118
      9123
      9128
      9133
      9138
      9143
      9148
      9153
      9158
      9163
      9168
      9173
      9178
      9183
      9188
      9193
      9200
      9207
      9214
      9221
      9228
      9235
      9242
      9249
      9256
      9263
      9270
      9277
      9284
      9291
      9298
      9305
      9312
      9319
      9326
      9333
      9340
      9347
      9354
      9361
      9368
      9375
      9382
      9389
      9396
      9403
      9410
      9417
      9422
      9427
      9432
      9437
      9442
      9447
      9452
      9457
      9462
      9467
      9472
      9477
      9482
      9487
      9492
      9499
      9506
      9513
      9518
      9523
      9528
      9533
      9538
      9543
      9548
      9553
      9558
      9563
      9568
      9573
      9578
      9583
      9588
      9593
      9598
      9603
      9610
      9617
      9622
      9627
      9632
      9637
      9642
      9647
      9654
      9661
      9668
      9675
      9682
      9688
      9693
      9699
      9704
      9711
      9717
      9722
      9728
      9733
      9740
      9746
      9751
      9757
      9762
      9769
      9774
      9779
      9784
      9789
      9794
      9799
      9804
      9811
      9817
      9823
      9829
      9836
      9843
      9848
      9853
      9858
      9863
      9868
      9875
      9882
      9889
      9896
      9903
      9910
      9917
      9924
      9931
      9938
      9945
      9952
      9959
      9966
      9973
      9980
      9987
      9994
     10001
     10008
     10015
     10022
     10029
     10036
     10043
     10050
     10057
     10064
     10071
     10078
     10085
     10092
     10099
     10106
     10113
     10120
     10127
     10134
     10141
     10148
     10155
     10162
     10169
     10176
     10183
     10190
     10197
     10204
     10211
     10218
     10225
     10232
     10239
     10246
     10253
     10260
     10267
     10272
     10277
     10282
     10287
     10292
     10297
     10302
     10307
     10312
     10319
     10326
     10333
     10340
     10347
     10354
     10361
     10368
     10373
     10378
     10385
     10390
     10395
     10400
     10407
     10414
     10421
     10428
     10433
     10438
     10443
     10448
     10453
     10460
     10467
     10474
     10481
     10488
     10495
     10502
     10509
     10516
     10521
     10526
     10531
     10538
     10545
     10552
     10559
     10566
     10573
     10580
     10587
     10594
     10601
     10608
     10615
     10622
     10629
     10635
     10641
     10648
     10655
     10660
     10665
     10670
     10675
     10680
     10687
     10694
     10701
     10708
     10715
     10722
     10729
     10736
     10743
     10750
     10757
     10764
     10771
     10778
     10785
     10792
     10799
     10806
     10813
     10820
     10827
     10834
     10839
     10846
     10853
     10860
     10867
     10874
     10881
     10888
     10895
     10902
     10909
     10916
     10923
     10930
     10937
     10944
     10951
     10958
     10964
     10969
     10975
     10980
     10985
     10990
     10995
     11000
     11005
     11010
     11017
     11024
     11031
     11038
     11045
     11052
     11057
     11062
     11067
     11074
     11081
     11086
     11093
     11098
     11105
     11112
     11119
     11124
     11129
     11134
     11141
     11148
     11155
     11162
     11169
     11176
     11183
     11190
     11197
     11204
     11211
     11218
     11225
     11232
     11237
     11242
     11247
     11252
     11257
     11262
     11267
     11274
     11281
     11286
     11291
     11296
     11301
     11306
     11311
     11316
     11321
     11326
     11331
     11336
     11341
     11346
     11351
     11356
     11363
     11370
     11377
     11384
     11391
     11398
     11405
     11412
     11419
     11424
     11429
     11434
     11439
     11444
     11449
     11454
     11459
     11464
     11469
     11474
     11479
     11484
     11489
     11494
     11499
     11504
     11509
     11514
     11519
     11524
     11529
     11534
     11539
     11544
     11549
     11554
     11559
     11564
     11569
     11574
     11579
     11584
     11589
     11596
     11603
     11610
     11617
     11622
     11627
     11632
     11637
     11642
     11647
     11652
     11657
     11662
     11667
     11672
     11677
     11682
     11687
     11692
     11697
     11702
     11707
     11712
     11717
     11722
     11727
     11732
     11737
     11742
     11747
     11752
     11757
     11762
     11767
     11772
     11777
     11782
     11787
     11792
     11797
     11802
     11807
     11812
     11817
     11822
     11827
     11832
     11837
     11842
     11847
     11852
     11857
     11862
     11867
     11872
     11877
     11882
     11887
     11892
     11897
     11902
     11907
     11914
     11921
     11928
     11933
     11938
     11943
     11948
     11953
     11958
     11963
     11968
     11973
     11978
     11983
     11988
     11993
     11998
     12003
     12008
     12013
     12018
     12023
     12028
     12033
     12038
     12043
     12048
     12053
     12058
     12063
     12068
     12073
     12078
     12083
     12088
     12093
     12098
     12103
     12108
     12113
     12118
     12123
     12128
     12133
     12138
     12143
     12148
     12153
     12158
     12163
     12168
     12173
     12178
     12183
     12188
     12193
     12198
     12203
     12208
     12213
     12218
     12223
     12228
     12235
     12242
     12249
     12256
     12263
     12270
     12277
     12284
     12291
     12298
     12305
     12312
     12319
     12326
     12333
     12340
     12347
     12354
     12361
     12368
     12375
     12382
     12389
     12396
     12401
     12406
     12411
     12416
     12421
     12426
     12431
     12436
     12441
     12446
     12451
     12456
     12461
     12466
     12471
     12476
     12481
     12486
     12491
     12496
     12501
     12506
     12511
     12516
     12521
     12526
     12531
     12536
     12541
     12546
     12551
     12556
     12561
     12566
     12571
     12576
     12581
     12586
     12591
     12596
     12601
     12606
     12611
     12616
     12621
     12626
     12631
     12636
     12641
     12646
     12651
     12656
     12661
     12666
     12671
     12676
     12681
     12686
     12691
     12696
     12701
     12706
     12711
     12716
     12721
     12726
     12731
     12736
     12741
     12746
     12751
     12756
     12761
     12767
     12772
     12777
     12783
     12788
     12793
     12798
     12803
     12808
     12813
     12818
     12823
     12828
     12833
     12838
     12843
     12848
     12853
     12858
     12863
     12868
     12873
     12878
     12883
     12888
     12893
     12898
     12903
     12908
     12913
     12918
     12923
     12930
     12937
     12943
     12948
     12954
     12959
     12966
     12972
     12977
     12983
     12988
     12995
     13001
     13006
     13012
     13017
     13024
     13029
     13034
     13039
     13044
     13049
     13054
     13059
     13066
     13073
     13078
     13083
     13088
     13093
     13098
     13103
     13110
     13117
     13122
     13127
     13132
     13138
     13144
     13149
     13155
     13161
     13168
     13173
     13178
     13183
     13188
     13193
     13198
     13203
     13208
     13213
     13218
     13225
     13232
     13239
     13246
     13253
     13260
     13267
     13274
     13281
     13288
     13295
     13302
     13309
     13316
     13323
     13330
     13337
     13344
     13351
     13358
     13365
     13372
     13379
     13386
     13391
     13396
     13401
     13406
     13411
     13416
     13423
     13429
     13434
     13439
     13446
     13453
     13460
     13467
     13474
     13479
     13484
     13489
     13494
     13499
     13504
     13509
     13514
     13519
     13524
     13529
     13534
     13539
     13544
     13549
     13554
     13559
     13564
     13569
     13574
     13579
     13584
     13589
     13596
     13603
     13610
     13615
     13620
     13625
     13630
     13635
     13640
     13645
     13650
     13655
     13660
     13665
     13670
     13677
     13684
     13691
     13696
     13701
     13706
     13711
     13716
     13723
     13730
     13737
     13742
     13747
     13752
     13757
     13762
     13767
     13772
     13777
     13782
     13789
     13794
     13799
     13804
     13809
     13814
     13819
     13825
     13831
     13836
     13843
     13850
     13855
     13860
     13865
     13870
     13875
     13880
     13885
     13892
     13899
     13904
     13909
     13914
     13919
     13926
     13933
     13938
     13943
     13948
     13953
     13958
     13963
     13968
     13973
     13978
     13983
     13988
     13993
     13998
     14003
     14008
     14015
     14022
     14029
     14034
     14041
     14046
     14051
     14056
     14063
     14070
     14077
     14084
     14091
     14098
     14105
     14112
     14119
     14124
     14129
     14134
     14140
     14147
     14152
     14157
     14162
     14167
     14172
     14177
     14182
     14187
     14192
     14198
     14203
     14208
     14215
     14220
     14225
     14230
     14235
     14242
     14249
     14254
     14261
     14268
     14275
     14282
     14289
     14296
     14303
     14310
     14317
     14324
     14331
     14336
     14341
     14346
     14351
     14356
     14361
     14366
     14371
     14376
     14381
     14386
     14391
     14396
     14401
     14406
     14411
     14416
     14421
     14426
     14431
     14436
     14441
     14446
     14451
     14456
     14461
     14466
     14471
     14476
     14481
     14486
     14491
     14496
     14501
     14506
     14511
     14516
     14521
     14526
     14531
     14536
     14541
     14546
     14551
     14558
     14565
     14572
     14579
     14584
     14589
     14594
     14599
     14604
     14609
     14614
     14619
     14624
     14629
     14634
     14639
     14644
     14649
     14654
     14659
     14664
     14669
     14674
     14679
     14684
     14689
     14694
     14699
     14704
     14709
     14714
     14719
     14724
     14729
     14734
     14739
     14744
     14749
     14754
     14759
     14764
     14769
     14774
     14779
     14784
     14789
     14794
     14799
     14804
     14809
     14814
     14819
     14824
     14829
     14834
     14839
     14844
     14849
     14854
     14859
     14864
     14869
     14874
     14879
     14884
     14889
     14894
     14899
     14904
     14909
     14914
     14919
     14924
     14929
     14934
     14940
     14945
     14951
     14956
     14963
     14968
     14973
     14978
     14983
     14988
     14995
     15002
     15009
     15014
     15019
     15024
     15029
     15034
     15039
     15044
     15049
     15054
     15059
     15064
     15069
     15074
     15079
     15084
     15089
     15094
     15099
     15104
     15109
     15114
     15119
     15124
     15129
     15134
     15139
     15144
     15149
     15154
     15159
     15164
     15169
     15174
     15179
     15184
     15189
     15194
     15199
     15204
     15209
     15214
     15219
     15224
     15229
     15234
     15239
     15244
     15249
     15254
     15259
     15266
     15273
     15280
     15287
     15294
     15301
     15308
     15315
     15322
     15329
     15336
     15343
     15350
     15357
     15364
     15371
     15376
     15381
     15386
     15391
     15396
     15401
     15406
     15411
     15416
     15421
     15426
     15431
     15436
     15441
     15446
     15451
     15456
     15461
     15466
     15471
     15476
     15481
     15488
     15495
     15502
     15507
     15512
     15517
     15522
     15527
     15532
     15537
     15542
     15547
     15552
     15557
     15562
     15567
     15572
     15577
     15582
     15587
     15592
     15597
     15602
     15607
     15612
     15617
     15622
     15627
     15632
     15637
     15642
     15647
     15652
     15657
     15662
     15667
     15672
     15677
     15682
     15687
     15692
     15697
     15702
     15707
     15712
     15717
     15722
     15727
     15732
     15737
     15742
     15747
     15752
     15757
     15762
     15767
     15772
     15777
     15782
     15787
     15792
     15797
     15802
     15807
     15812
     15817
     15822
     15827
     15832
     15837
     15842
     15847
     15852
     15857
     15862
     15867
     15872
     15877
     15882
     15887
     15892
     15897
     15902
     15907
     15912
     15917
     15922
     15927
     15932
     15937
     15942
     15947
     15952
     15957
     15962
     15967
     15972
     15977
     15982
     15987
     15992
     15997
     16002
     16007
     16012
     16017
     16022
     16027
     16032
     16037
     16044
     16051
     16057
     16062
     16068
     16073
     16080
     16086
     16091
     16097
     16102
     16109
     16114
     16119
     16124
     16131
     16138
     16143
     16148
     16153
     16158
     16163
     16168
     16173
     16178
     16183
     16188
     16193
     16200
     16207
     16214
     16219
     16224
     16229
     16234
     16239
     16244
     16249
     16254
     16259
     16264
     16269
     16274
     16279
     16284
     16289
     16294
     16299
     16304
     16309
     16314
     16319
     16324
     16331
     16338
     16345
     16352
     16359
     16366
     16373
     16380
     16387
     16392
     16397
     16402
     16407
     16412
     16417
     16422
     16427
     16432
     16437
     16442
     16447
     16452
     16457
     16462
     16467
     16472
     16477
     16482
     16487
     16492
     16497
     16502
     16507
     16512
     16517
     16523
     16528
     16533
     16538
     16543
     16550
     16557
     16564
     16569
     16574
     16579
     16584
     16589
     16594
     16599
     16604
     16609
     16614
     16619
     16624
     16631
     16638
     16645
     16650
     16657
     16663
     16668
     16674
     16679
     16685
     16692
     16697
     16702
     16707
     16712
     16717
     16722
     16727
     16732
     16738
     16745
     16752
     16759
     16766
     16773
     16778
     16783
     16788
     16793
     16798
     16803
     16808
     16813
     16819
     16824
     16829
     16834
     16839
     16844
     16849
     16854
     16859
     16864
     16869
     16874
     16879
     16884
     16889
     16894
     16899
     16904
     16909
     16914
     16919
     16924
     16929
     16934
     16940
     16945
     16952
     16957
     16962
     16967
     16972
     16977
     16982
     16987
     16992
     16997
     17002
     17007
     17012
     17017
     17022
     17028
     17033
     17039
     17044
     17049
     17056
     17063
     17068
     17073
     17078
     17083
     17088
     17093
     17098
     17103
     17108
     17113
     17118
     17123
     17128
     17133
     17138
     17143
     17148
     17153
     17158
     17163
     17170
     17177
     17184
     17191
     17196
     17201
     17208
     17213
     17218
     17223
     17228
     17233
     17240
     17247
     17254
     17261
     17268
     17275
     17282
     17287
     17292
     17297
     17302
     17307
     17312
     17319
     17326
     17333
     17338
     17343
     17350
     17357
     17362
     17367
     17372
     17377
     17382
     17389
     17396
     17403
     17408
     17413
     17420
     17427
     17434
     17439
     17444
     17449
     17454
     17459
     17464
     17469
     17474
     17479
     17484
     17489
     17494
     17499
     17504
     17509
     17514
     17519
     17524
     17529
     17534
     17539
     17544
     17551
     17558
     17565
     17572
     17579
     17586
     17593
     17600
     17605
     17610
     17615
     17620
     17625
     17630
     17635
     17640
     17645
     17650
     17655
     17660
     17665
     17670
     17675
     17680
     17685
     17690
     17695
     17700
     17705
     17710
     17715
     17721
     17726
     17732
     17737
     17744
     17749
     17754
     17759
     17764
     17769
     17776
     17783
     17790
     17797
     17804
     17811
     17816
     17821
     17826
     17831
     17836
     17841
     17846
     17851
     17856
     17861
     17866
     17871
     17876
     17881
     17886
     17891
     17896
     17901
     17906
     17911
     17916
     17921
     17926
     17931
     17936
     17941
     17946
     17951
     17956
     17961
     17966
     17971
     17976
     17981
     17986
     17991
     17996
     18001
     18006
     18011
     18016
     18021
     18026
     18031
     18036
     18041
     18046
     18051
     18056
     18061
     18066
     18071
     18076
     18081
     18088
     18095
     18102
     18109
     18116
     18123
     18130
     18137
     18144
     18151
     18158
     18165
     18172
     18179
     18186
     18193
     18200
     18207
     18214
     18221
     18228
     18235
     18242
     18249
     18256
     18263
     18270
     18277
     18282
     18287
     18292
     18297
     18302
     18307
     18312
     18317
     18322
     18327
     18332
     18337
     18342
     18349
     18356
     18363
     18368
     18373
     18378
     18383
     18388
     18393
     18398
     18403
     18408
     18413
     18418
     18423
     18428
     18433
     18438
     18443
     18448
     18453
     18458
     18463
     18468
     18473
     18478
     18483
     18488
     18493
     18498
     18503
     18508
     18513
     18518
     18523
     18528
     18533
     18540
     18547
     18554
     18559
     18564
     18569
     18574
     18579
     18584
     18589
     18594
     18599
     18606
     18613
     18620
     18627
     18634
     18639
     18644
     18649
     18655
     18660
     18666
     18671
     18678
     18684
     18689
     18695
     18700
     18707
     18713
     18718
     18724
     18729
     18736
     18743
     18750
     18755
     18760
     18765
     18770
     18777
     18784
     18789
     18794
     18799
     18804
     18809
     18814
     18819
     18824
     18831
     18838
     18845
     18852
     18859
     18866
     18873
     18880
     18887
     18894
     18901
     18908
     18913
     18918
     18923
     18928
     18935
     18941
     18946
     18953
     18960
     18967
     18974
     18981
     18988
     18995
     19002
     19009
     19016
     19023
     19030
     19037
     19044
     19051
     19058
     19063
     19068
     19073
     19078
     19083
     19088
     19093
     19098
     19103
     19108
     19113
     19118
     19123
     19128
     19133
     19140
     19147
     19152
     19157
     19162
     19167
     19172
     19179
     19186
     19193
     19200
     19207
     19214
     19221
     19228
     19235
     19242
     19249
     19256
     19261
     19266
     19271
     19276
     19281
     19286
     19291
     19296
     19303
     19310
     19315
     19320
     19325
     19330
     19335
     19340
     19345
     19352
     19359
     19366
     19373
     19380
     19387
     19394
     19401
     19408
     19415
     19422
     19427
     19432
     19437
     19442
     19447
     19452
     19459
     19466
     19473
     19480
     19487
     19494
     19501
     19506
     19511
     19517
     19522
     19527
     19534
     19541
     19548
     19555
     19560
     19565
     19570
     19575
     19580
     19586
     19591
     19598
     19603
     19608
     19614
     19620
     19625
     19630
     19635
     19640
     19645
     19650
     19655
     19662
     19669
     19676
     19683
     19690
     19697
     19704
     19711
     19718
     19725
     19732
     19739
     19746
     19753
     19760
     19767
     19772
     19779
     19784
     19790
     19796
     19801
     19806
     19811
     19816
     19821
     19826
     19831
     19836
     19841
     19846
     19851
     19857
     19863
     19870
     19877
     19884
     19891
     19898
     19905
     19911
     19918
     19923
     19930
     19937
     19944
     19951
     19956
     19961
     19966
     19971
     19976
     19981
     19986
     19991
     19996
     20001
     20006
     20011
     20016
     20021
     20026
     20031
     20036
     20041
     20046
     20051
     20056
     20061
     20066
     20071
     20076
     20081
     20086
     20091
     20098
     20105
     20112
     20119
     20126
     20133
     20140
     20147
     20152
     20157
     20162
     20167
     20172
     20177
     20182
     20187
     20192
     20197
     20202
     20207
     20212
     20217
     20222
     20227
     20232
     20237
     20242
     20247
     20252
     20257
     20262
     20268
     20273
     20279
     20284
     20291
     20297
     20302
     20308
     20313
     20320
     20325
     20330
     20335
     20340
     20345
     20352
     20359
     20366
     20373
     20380
     20387
     20392
     20397
     20402
     20407
     20412
     20417
     20422
     20427
     20432
     20437
     20442
     20447
     20452
     20457
     20462
     20467
     20472
     20477
     20482
     20487
     20492
     20497
     20502
     20507
     20512
     20517
     20522
     20527
     20532
     20537
     20544
     20551
     20558
     20565
     20572
     20579
     20586
     20593
     20600
     20607
     20614
     20621
     20628
     20635
     20642
     20649
     20656
     20663
     20670
     20677
     20684
     20691
     20698
     20705
     20712
     20719
     20726
     20733
     20738
     20743
     20748
     20755
     20762
     20769
     20774
     20779
     20784
     20789
     20796
     20803
     20810
     20815
     20820
     20825
     20830
     20835
     20840
     20845
     20850
     20855
     20860
     20865
     20870
     20875
     20880
     20885
     20890
     20895
     20900
     20905
     20910
     20915
     20920
     20925
     20930
     20935
     20940
     20945
     20950
     20955
     20960
     20965
     20970
     20975
     20980
     20985
     20990
     20995
     21000
     21005
     21010
     21015
     21020
     21025
     21030
     21035
     21042
     21049
     21054
     21059
     21064
     21069
     21076
     21083
     21089
     21094
     21100
     21105
     21112
     21118
     21123
     21129
     21134
     21141
     21147
     21152
     21158
     21163
     21170
     21177
     21184
     21189
     21194
     21199
     21206
     21213
     21220
     21227
     21234
     21239
     21244
     21249
     21254
     21259
     21264
     21269
     21274
     21279
     21284
     21291
     21297
     21304
     21311
     21318
     21325
     21332
     21339
     21346
     21353
     21360
     21367
     21374
     21381
     21388
     21395
     21402
     21409
     21416
     21423
     21430
     21437
     21444
     21451
     21458
     21465
     21472
     21479
     21486
     21493
     21500
     21505
     21510
     21515
     21521
     21528
     21535
     21542
     21547
     21552
     21557
     21564
     21571
     21578
     21583
     21588
     21593
     21598
     21605
     21612
     21619
     21626
     21633
     21640
     21647
     21654
     21661
     21666
     21673
     21679
     21684
     21689
     21694
     21699
     21704
     21711
     21718
     21725
     21732
     21737
     21742
     21747
     21754
     21761
     21768
     21773
     21778
     21783
     21788
     21793
     21800
     21807
     21812
     21819
     21826
     21833
     21838
     21845
     21851
     21858
     21863
     21868
     21873
     21880
     21887
     21894
     21900
     21905
     21910
     21915
     21922
     21929
     21936
     21943
     21949
     21954
     21961
     21968
     21975
     21982
     21989
     21995
     22001
     22006
     22011
     22016
     22021
     22026
     22031
     22036
     22041
     22046
     22051
     22056
     22061
     22066
     22073
     22080
     22087
     22094
     22101
     22108
     22115
     22122
     22129
     22136
     22141
     22148
     22153
     22158
     22163
     22168
     22175
     22182
     22189
     22196
     22201
     22206
     22213
     22220
     22227
     22234
     22241
     22248
     22253
     22258
     22263
     22268
     22273
     22278
     22283
     22288
     22293
     22298
     22303
     22308
     22313
     22318
     22325
     22332
     22339
     22346
     22353
     22360
     22367
     22374
     22381
     22388
     22395
     22402
     22409
     22416
     22423
     22430
     22437
     22444
     22449
     22454
     22459
     22464
     22469
     22474
     22479
     22484
     22489
     22494
     22499
     22504
     22509
     22514
     22519
     22526
     22533
     22540
     22547
     22554
     22561
     22568
     22575
     22582
     22589
     22594
     22599
     22604
     22609
     22614
     22619
     22624
     22629
     22634
     22639
     22644
     22649
     22654
     22659
     22664
     22669
     22674
     22679
     22684
     22689
     22694
     22699
     22704
     22709
     22714
     22719
     22726
     22731
     22736
     22743
     22750
     22755
     22760
     22765
     22772
     22777
     22782
     22789
     22796
     22803
     22810
     22817
     22824
     22827
     22831
     22834
     22837
     22840
     22843
     22846
     22849
     22852
     22855
     22858
     22861
     22864
     22867
     22870
     22873
     22876
     22879
     22882
     22885
     22888
     22891
     22894
     22897
     22900
     22903
     22906
     22909
     22912
     22915
     22918
     22921
     22924
     22927
     22930
     22933
     22937
     22940
     22943
     22946
     22950
     22953
     22957
     22961
     22965
     22969
     22973
     22977
     22981
     22985
     22988
     22991
     22994
     22997
     23000
     23003
     23006
     23009
     23012
     23015
     23018
     23021
     23024
     23027
     23030
     23033
     23036
     23039
     23042
     23045
     23048
     23051
     23054
     23057
     23060
