         1
         6
        11
        16
        21
        26
        31
        36
        41
        46
        51
        56
        61
        66
        71
        76
        81
        86
        91
        96
       101
       106
       111
       116
       121
       126
       131
       136
       141
       146
       151
       156
       161
       166
       171
       176
       181
       186
       191
       194
       199
       202
       207
       210
       215
       218
       223
       228
       233
       238
       243
       248
       253
       258
       263
       268
       273
       278
       283
       288
       293
       298
       303
       308
       313
       318
       323
       328
       333
       338
       343
       348
       353
       358
       363
       368
       373
       378
       383
       388
       393
       398
       403
       408
       413
       416
       419
       422
       427
       432
       435
       438
       443
       446
       451
       454
       459
       464
       467
       470
       475
       480
       483
       488
       493
       498
       503
       508
       513
       518
       523
       528
       533
       538
       543
       548
       553
       558
       563
       568
       573
       578
       583
       586
       591
       596
       601
       606
       611
       616
       621
       626
       631
       636
       641
       646
       651
       656
       661
       666
       671
       676
       681
       686
       691
       696
       701
       706
       711
       716
       721
       726
       731
       736
       741
       746
       751
       756
       761
       766
       771
       776
       781
       786
       791
       796
       801
       806
       811
       816
       821
       826
       831
       836
       841
       846
       851
       856
       861
       866
       871
       876
       881
       886
       891
       896
       901
       906
       911
       916
       921
       926
       931
       936
       941
       946
       951
       956
       961
       966
       971
       976
       981
       986
       991
       996
      1001
      1006
      1011
      1016
      1021
      1026
      1031
      1036
      1041
      1046
      1051
      1056
      1061
      1066
      1071
      1076
      1081
      1086
      1091
      1096
      1101
      1106
      1111
      1116
      1121
      1126
      1131
      1136
      1141
      1146
      1151
      1156
      1161
      1166
      1171
      1176
      1181
      1186
      1191
      1196
      1201
      1206
      1211
      1216
      1221
      1226
      1231
      1236
      1241
      1246
      1251
      1256
      1261
      1266
      1271
      1276
      1281
      1286
      1291
      1296
      1301
      1306
      1311
      1316
      1321
      1326
      1331
      1336
      1341
      1346
      1351
      1356
      1361
      1366
      1371
      1376
      1381
      1386
      1391
      1396
      1401
      1406
      1411
      1416
      1421
      1426
      1431
      1436
      1441
      1446
      1451
      1456
      1461
      1466
      1471
      1476
      1481
      1486
      1491
      1496
      1501
      1506
      1511
      1516
      1521
      1526
      1531
      1536
      1541
      1546
      1551
      1556
      1561
      1566
      1571
      1576
      1581
      1586
      1591
      1596
      1601
      1606
      1611
      1616
      1621
      1626
      1631
      1636
      1641
      1646
      1651
      1656
      1661
      1666
      1671
      1676
      1681
      1686
      1691
      1696
      1701
      1706
      1711
      1716
      1721
      1726
      1731
      1736
      1741
      1746
      1751
      1756
      1761
      1766
      1771
      1776
      1781
      1786
      1791
      1796
      1801
      1806
      1811
      1816
      1821
      1826
      1831
      1836
      1841
      1846
      1851
      1856
      1861
      1866
      1871
      1876
      1881
      1886
      1891
      1896
      1901
      1906
      1911
      1916
      1921
      1926
      1931
      1936
      1941
      1946
      1951
      1956
      1961
      1966
      1971
      1976
      1981
      1986
      1991
      1996
      2001
      2006
      2011
      2016
      2021
      2026
      2031
      2036
      2041
      2046
      2051
      2056
      2061
      2066
      2071
      2076
      2081
      2086
      2091
      2096
      2101
      2106
      2111
      2116
      2121
      2126
      2131
      2136
      2141
      2146
      2151
      2156
      2161
      2166
      2171
      2176
      2181
      2186
      2191
      2196
      2201
      2206
      2211
      2216
      2221
      2226
      2231
      2236
      2241
      2246
      2251
      2256
      2261
      2266
      2271
      2276
      2281
      2286
      2291
      2296
      2301
      2306
      2311
      2316
      2321
      2326
      2331
      2336
      2341
      2346
      2351
      2356
      2361
      2366
      2371
      2376
      2381
      2386
      2391
      2396
      2401
      2406
      2411
      2416
      2421
      2426
      2431
      2436
      2441
      2446
      2451
      2456
      2461
      2466
      2471
      2476
      2481
      2486
      2491
      2496
      2501
      2506
      2511
      2516
      2521
      2526
      2531
      2536
      2541
      2546
      2551
      2556
      2561
      2566
      2571
      2576
      2581
      2586
      2591
      2596
      2601
      2606
      2611
      2616
      2621
      2626
      2631
      2636
      2641
      2646
      2651
      2656
      2661
      2666
      2671
      2676
      2681
      2686
      2691
      2696
      2701
      2706
      2711
      2716
      2721
      2726
      2731
      2736
      2741
      2746
      2751
      2756
      2761
      2766
      2771
      2776
      2781
      2786
      2791
      2796
      2801
      2806
      2811
      2816
      2821
      2826
      2831
      2836
      2841
      2846
      2851
      2856
      2861
      2866
      2871
      2876
      2881
      2886
      2891
      2896
      2901
      2906
      2911
      2916
      2921
      2926
      2931
      2936
      2941
      2946
      2951
      2956
      2961
      2966
      2971
      2976
      2981
      2986
      2991
      2996
      3001
      3006
      3011
      3016
      3021
      3026
      3031
      3036
      3041
      3046
      3051
      3056
      3061
      3066
      3071
      3076
      3081
      3086
      3091
      3096
      3101
      3106
      3111
      3116
      3121
      3126
      3131
      3136
      3141
      3146
      3151
      3156
      3161
      3166
      3171
      3176
      3181
      3186
      3191
      3196
      3201
      3206
      3211
      3216
      3221
      3226
      3231
      3236
      3241
      3246
      3251
      3256
      3261
      3266
      3271
      3276
      3281
      3286
      3291
      3296
      3301
      3306
      3311
      3316
      3321
      3326
      3331
      3336
      3341
      3346
      3351
      3356
      3361
      3366
      3371
      3376
      3381
      3386
      3391
      3396
      3401
      3406
      3411
      3416
      3421
      3426
      3431
      3436
      3441
      3446
      3451
      3456
      3461
      3466
      3471
      3476
      3481
      3486
      3491
      3496
      3501
      3506
      3511
      3516
      3521
      3526
      3531
      3536
      3541
      3546
      3551
      3556
      3561
      3566
      3571
      3576
      3581
      3586
      3591
      3596
      3601
      3606
      3611
      3616
      3621
      3626
      3631
      3636
      3641
      3646
      3651
      3656
      3661
      3666
      3671
      3676
      3681
      3686
      3691
      3696
      3701
      3706
      3711
      3716
      3721
      3726
      3731
      3736
      3741
      3746
      3751
      3756
      3761
      3766
      3771
      3776
      3781
      3786
      3791
      3796
      3801
      3806
      3811
      3816
      3821
      3826
      3831
      3836
      3841
      3846
      3851
      3856
      3861
      3866
      3871
      3876
      3881
      3886
      3891
      3896
      3901
      3906
      3911
      3916
      3921
      3926
      3931
      3936
      3941
      3946
      3951
      3956
      3961
      3966
      3971
      3976
      3981
      3986
      3991
      3996
      4001
      4006
      4011
      4016
      4021
      4026
      4031
      4036
      4041
      4046
      4051
      4056
      4061
      4066
      4071
      4076
      4081
      4086
      4091
      4096
      4101
      4106
      4111
      4116
      4121
      4126
      4131
      4136
      4141
      4146
      4151
      4156
      4161
      4166
      4171
      4176
      4181
      4186
      4191
      4196
      4201
      4206
      4211
      4216
      4221
      4226
      4231
      4236
      4241
      4246
      4251
      4256
      4261
      4266
      4271
      4276
      4281
      4286
      4291
      4296
      4301
      4306
      4311
      4316
      4321
      4326
      4331
      4336
      4341
      4346
      4351
      4356
      4361
      4366
      4371
      4376
      4381
      4386
      4391
      4396
      4401
      4406
      4411
      4416
      4421
      4426
      4431
      4436
      4441
      4446
      4451
      4456
      4461
      4466
      4471
      4476
      4481
      4486
      4491
      4496
      4501
      4506
      4511
      4516
      4521
      4526
      4531
      4536
      4541
      4546
      4551
      4556
      4561
      4566
      4571
      4576
      4581
      4586
      4591
      4596
      4601
      4606
      4611
      4616
      4621
      4626
      4631
      4636
      4641
      4646
      4651
      4656
      4661
      4666
      4671
      4676
      4681
      4686
      4691
      4696
      4701
      4706
      4711
      4716
      4721
      4726
      4731
      4736
      4741
      4746
      4751
      4756
      4761
      4766
      4771
      4776
      4781
      4786
      4791
      4796
      4801
      4806
      4811
      4816
      4821
      4826
      4831
      4836
      4841
      4846
      4851
      4856
      4861
      4866
      4871
      4876
      4881
      4886
      4891
      4896
      4901
      4904
      4909
      4914
      4917
      4920
      4925
      4930
      4933
      4938
      4943
      4948
      4953
      4958
      4963
      4968
      4973
      4978
      4983
      4988
      4993
      4998
      5003
      5008
      5013
      5018
      5023
      5028
      5033
      5038
      5043
      5048
      5053
      5058
      5063
      5068
      5073
      5078
      5083
      5088
      5093
      5096
      5101
      5106
      5109
      5114
      5119
      5124
      5129
      5134
      5139
      5144
      5149
      5154
      5159
      5164
      5169
      5174
      5179
      5184
      5189
      5194
      5199
      5204
      5209
      5214
      5219
      5224
      5229
      5234
      5239
      5244
      5249
      5254
      5259
      5264
      5269
      5274
      5279
      5284
      5289
      5294
      5299
      5304
      5309
      5314
      5319
      5324
      5329
      5334
      5339
      5344
      5349
      5354
      5359
      5364
      5369
      5374
      5379
      5384
      5389
      5394
      5399
      5404
      5409
      5414
      5419
      5424
      5429
      5434
      5439
      5444
      5449
      5454
      5459
      5464
      5469
      5474
      5479
      5482
      5487
      5492
      5495
      5500
      5505
      5510
      5515
      5520
      5525
      5530
      5535
      5540
      5545
      5550
      5555
      5560
      5565
      5570
      5575
      5580
      5585
      5590
      5595
      5600
      5605
      5610
      5615
      5620
      5625
      5630
      5635
      5640
      5645
      5650
      5655
      5660
      5665
      5670
      5675
      5680
      5685
      5690
      5695
      5700
      5705
      5710
      5715
      5720
      5725
      5730
      5735
      5740
      5745
      5750
      5755
      5760
      5765
      5770
      5775
      5780
      5785
      5790
      5795
      5800
      5805
      5810
      5815
      5820
      5825
      5830
      5835
      5840
      5845
      5850
      5855
      5860
      5865
      5870
      5875
      5880
      5885
      5890
      5895
      5900
      5905
      5910
      5915
      5920
      5925
      5930
      5935
      5940
      5945
      5950
      5955
      5960
      5965
      5970
      5975
      5980
      5985
      5990
      5995
      6000
      6005
      6010
      6015
      6020
      6025
      6030
      6035
      6040
      6045
      6050
      6055
      6060
      6065
      6070
      6075
      6080
      6085
      6090
      6095
      6100
      6105
      6110
      6115
      6120
      6125
      6130
      6135
      6140
      6145
      6150
      6155
      6160
      6165
      6170
      6175
      6180
      6185
      6190
      6195
      6200
      6205
      6210
      6215
      6220
      6225
      6230
      6235
      6240
      6245
      6250
      6255
      6260
      6265
      6270
      6275
      6280
      6285
      6290
      6295
      6300
      6305
      6310
      6315
      6320
      6325
      6330
      6335
      6340
      6345
      6350
      6355
      6360
      6365
      6370
      6375
      6380
      6385
      6390
      6395
      6400
      6405
      6410
      6415
      6420
      6425
      6430
      6435
      6440
      6445
      6450
      6455
      6460
      6465
      6470
      6475
      6480
      6485
      6490
      6495
      6500
      6505
      6510
      6515
      6520
      6525
      6530
      6535
      6540
      6545
      6550
      6555
      6560
      6565
      6570
      6575
      6580
      6585
      6590
      6595
      6600
      6605
      6610
      6615
      6620
      6625
      6630
      6635
      6640
      6645
      6650
      6655
      6660
      6665
      6670
      6675
      6680
      6685
      6690
      6695
      6700
      6705
      6710
      6715
      6720
      6725
      6730
      6735
      6740
      6745
      6750
      6755
      6760
      6765
      6770
      6775
      6780
      6785
      6790
      6795
      6800
      6805
      6810
      6815
      6820
      6825
      6830
      6835
      6840
      6845
      6850
      6855
      6860
      6865
      6870
      6875
      6880
      6885
      6890
      6895
      6900
      6905
      6910
      6915
      6920
      6925
      6930
      6935
      6940
      6945
      6950
      6955
      6960
      6965
      6970
      6975
      6980
      6985
      6990
      6995
      7000
      7005
      7010
      7015
      7020
      7025
      7030
      7035
      7040
      7045
      7050
      7055
      7060
      7065
      7070
      7075
      7080
      7085
      7090
      7095
      7100
      7103
      7108
      7113
      7116
      7121
      7126
      7131
      7136
      7141
      7146
      7151
      7156
      7161
      7166
      7171
      7176
      7181
      7186
      7191
      7196
      7201
      7206
      7211
      7216
      7221
      7226
      7231
      7236
      7241
      7246
      7251
      7254
      7259
      7264
      7267
      7272
      7277
      7280
      7285
      7290
      7295
      7300
      7305
      7310
      7315
      7320
      7325
      7330
      7335
      7340
      7345
      7350
      7355
      7360
      7365
      7370
      7375
      7380
      7385
      7390
      7395
      7400
      7405
      7410
      7415
      7420
      7425
      7430
      7435
      7440
      7445
      7450
      7455
      7460
      7465
      7470
      7475
      7480
      7485
      7490
      7495
      7500
      7505
      7510
      7515
      7520
      7525
      7530
      7535
      7540
      7543
      7548
      7553
      7556
      7559
      7564
      7569
      7572
      7577
      7582
      7587
      7592
      7597
      7602
      7607
      7612
      7617
      7622
      7627
      7632
      7637
      7642
      7647
      7650
      7655
      7660
      7665
      7670
      7675
      7680
      7685
      7690
      7695
      7700
      7705
      7710
      7715
      7720
      7725
      7730
      7735
      7740
      7745
      7748
      7753
      7758
      7763
      7768
      7773
      7778
      7783
      7788
      7793
      7798
      7803
      7808
      7813
      7818
      7823
      7828
      7833
      7838
      7843
      7848
      7853
      7858
      7863
      7868
      7873
      7878
      7883
      7888
      7893
      7898
      7903
      7908
      7913
      7918
      7923
      7928
      7933
      7938
      7943
      7948
      7953
      7958
      7963
      7968
      7973
      7978
      7983
      7988
      7993
      7998
      8003
      8008
      8013
      8018
      8023
      8028
      8033
      8038
      8043
      8048
      8053
      8058
      8063
      8068
      8073
      8078
      8083
      8088
      8093
      8098
      8103
      8108
      8113
      8118
      8123
      8128
      8133
      8138
      8143
      8148
      8153
      8158
      8163
      8168
      8173
      8178
      8183
      8188
      8193
      8198
      8203
      8208
      8213
      8218
      8223
      8228
      8233
      8238
      8243
      8248
      8253
      8258
      8263
      8268
      8273
      8278
      8283
      8288
      8293
      8298
      8303
      8308
      8313
      8318
      8323
      8328
      8333
      8338
      8343
      8348
      8353
      8358
      8363
      8368
      8373
      8378
      8383
      8388
      8393
      8398
      8403
      8408
      8413
      8418
      8423
      8428
      8433
      8438
      8443
      8448
      8453
      8458
      8463
      8468
      8473
      8478
      8483
      8488
      8493
      8498
      8503
      8508
      8513
      8518
      8523
      8528
      8533
      8538
      8543
      8548
      8553
      8558
      8563
      8568
      8573
      8578
      8583
      8588
      8593
      8598
      8603
      8608
      8613
      8618
      8623
      8628
      8633
      8638
      8643
      8648
      8653
      8658
      8663
      8668
      8673
      8678
      8683
      8688
      8693
      8698
      8703
      8708
      8713
      8718
      8723
      8728
      8733
      8738
      8743
      8748
      8753
      8758
      8763
      8768
      8773
      8778
      8783
      8788
      8793
      8798
      8803
      8808
      8813
      8818
      8823
      8828
      8833
      8838
      8843
      8848
      8853
      8858
      8863
      8868
      8873
      8878
      8883
      8888
      8893
      8898
      8903
      8908
      8913
      8918
      8923
      8928
      8933
      8938
      8943
      8948
      8953
      8958
      8963
      8968
      8973
      8978
      8983
      8988
      8993
      8998
      9003
      9008
      9013
      9018
      9023
      9028
      9033
      9038
      9043
      9048
      9053
      9058
      9063
      9068
      9073
      9078
      9083
      9088
      9093
      9098
      9103
      9108
      9113
      9118
      9123
      9128
      9133
      9138
      9143
      9148
      9153
      9158
      9163
      9168
      9173
      9178
      9183
      9188
      9193
      9198
      9203
      9208
      9213
      9218
      9223
      9228
      9233
      9238
      9243
      9248
      9253
      9258
      9263
      9268
      9273
      9278
      9283
      9288
      9293
      9298
      9303
      9308
      9313
      9318
      9323
      9328
      9333
      9338
      9343
      9348
      9353
      9358
      9363
      9368
      9373
      9378
      9383
      9388
      9393
      9398
      9403
      9408
      9413
      9418
      9423
      9428
      9433
      9438
      9443
      9448
      9453
      9458
      9463
      9468
      9473
      9478
      9483
      9488
      9493
      9498
      9503
      9508
      9513
      9518
      9523
      9528
      9533
      9538
      9543
      9548
      9553
      9558
      9563
      9568
      9573
      9578
      9583
      9588
      9593
      9598
      9603
      9608
      9613
      9618
      9623
      9628
      9633
      9638
      9643
      9648
      9653
      9658
      9663
      9668
      9673
      9678
      9683
      9688
      9693
      9698
      9703
      9708
      9713
      9718
      9723
      9728
      9733
      9738
      9743
      9748
      9753
      9758
      9763
      9768
      9773
      9778
      9783
      9788
      9793
      9798
      9803
      9808
      9813
      9818
      9823
      9828
      9833
      9838
      9843
      9848
      9853
      9858
      9863
      9868
      9873
      9878
      9883
      9888
      9893
      9898
      9903
      9908
      9913
      9918
      9923
      9928
      9933
      9938
      9943
      9948
      9953
      9958
      9963
      9968
      9973
      9978
      9983
      9988
      9993
      9998
     10003
     10008
     10013
     10018
     10023
     10028
     10033
     10038
     10043
     10048
     10053
     10058
     10063
     10068
     10073
     10078
     10083
     10088
     10093
     10098
     10103
     10108
     10113
     10118
     10123
     10128
     10133
     10138
     10143
     10148
     10153
     10158
     10163
     10168
     10173
     10178
     10183
     10188
     10193
     10198
     10203
     10208
     10213
     10218
     10223
     10228
     10233
     10238
     10243
     10248
     10253
     10258
     10263
     10268
     10273
     10278
     10283
     10288
     10293
     10298
     10303
     10308
     10313
     10318
     10323
     10328
     10333
     10338
     10343
     10348
     10353
     10358
     10363
     10368
     10373
     10378
     10383
     10388
     10393
     10398
     10403
     10408
     10413
     10418
     10423
     10428
     10433
     10438
     10443
     10448
     10453
     10458
     10463
     10468
     10473
     10478
     10483
     10488
     10493
     10498
     10503
     10508
     10513
     10518
     10523
     10528
     10533
     10538
     10543
     10548
     10553
     10558
     10563
     10568
     10573
     10578
     10583
     10588
     10593
     10598
     10603
     10608
     10613
     10618
     10623
     10628
     10633
     10638
     10643
     10648
     10653
     10658
     10663
     10668
     10673
     10678
     10683
     10688
     10693
     10698
     10703
     10708
     10713
     10718
     10723
     10728
     10733
     10738
     10743
     10748
     10753
     10758
     10763
     10768
     10773
     10778
     10783
     10788
     10793
     10798
     10803
     10808
     10813
     10818
     10823
     10828
     10833
     10838
     10843
     10848
     10853
     10858
     10863
     10868
     10873
     10878
     10883
     10888
     10893
     10898
     10903
     10908
     10913
     10918
     10923
     10928
     10933
     10938
     10943
     10948
     10953
     10958
     10963
     10968
     10973
     10978
     10983
     10988
     10993
     10998
     11003
     11008
     11013
     11018
     11023
     11028
     11033
     11038
     11043
     11048
     11053
     11058
     11063
     11068
     11073
     11078
     11083
     11088
     11093
     11098
     11103
     11108
     11113
     11118
     11123
     11128
     11133
     11138
     11143
     11148
     11153
     11158
     11163
     11168
     11173
     11178
     11183
     11188
     11193
     11198
     11203
     11208
     11213
     11218
     11223
     11228
     11233
     11238
     11243
     11248
     11253
     11258
     11263
     11268
     11273
     11278
     11283
     11288
     11293
     11298
     11303
     11308
     11313
     11318
     11323
     11328
     11333
     11338
     11343
     11348
     11353
     11358
     11363
     11368
     11373
     11378
     11383
     11388
     11393
     11398
     11403
     11408
     11413
     11418
     11423
     11428
     11433
     11438
     11443
     11448
     11453
     11458
     11463
     11468
     11473
     11478
     11483
     11488
     11493
     11498
     11503
     11508
     11513
     11518
     11523
     11528
     11533
     11538
     11543
     11548
     11553
     11558
     11563
     11568
     11573
     11578
     11583
     11588
     11593
     11598
     11603
     11608
     11613
     11618
     11623
     11628
     11633
     11638
     11643
     11648
     11653
     11658
     11663
     11668
     11673
     11678
     11683
     11688
     11693
     11698
     11703
     11708
     11713
     11718
     11723
     11728
     11733
     11738
     11743
     11748
     11753
     11758
     11763
     11768
     11773
     11778
     11783
     11788
     11793
     11798
     11803
     11808
     11813
     11818
     11823
     11828
     11833
     11838
     11843
     11848
     11853
     11858
     11863
     11868
     11873
     11878
     11883
     11888
     11893
     11898
     11903
     11908
     11913
     11918
     11923
     11928
     11933
     11938
     11943
     11948
     11953
     11958
     11963
     11968
     11973
     11978
     11983
     11988
     11993
     11998
     12003
     12008
     12013
     12018
     12023
     12028
     12033
     12038
     12043
     12048
     12053
     12058
     12063
     12068
     12073
     12078
     12083
     12088
     12093
     12098
     12103
     12108
     12113
     12118
     12123
     12128
     12133
     12138
     12143
     12148
     12153
     12158
     12163
     12168
     12173
     12178
     12183
     12188
     12193
     12198
     12203
     12208
     12213
     12218
     12223
     12228
     12233
     12238
     12243
     12248
     12253
     12258
     12263
     12268
     12273
     12278
     12283
     12288
     12293
     12298
     12303
     12308
     12313
     12318
     12323
     12328
     12333
     12338
     12343
     12348
     12353
     12358
     12363
     12368
     12373
     12378
     12383
     12388
     12393
     12398
     12403
     12408
     12413
     12418
     12423
     12428
     12433
     12438
     12443
     12448
     12453
     12458
     12463
     12468
     12473
     12478
     12483
     12488
     12493
     12498
     12503
     12508
     12513
     12518
     12523
     12528
     12533
     12538
     12543
     12548
     12553
     12558
     12563
     12568
     12573
     12578
     12583
     12588
     12593
     12598
     12603
     12608
     12613
     12618
     12623
     12628
     12633
     12638
     12643
     12648
     12653
     12658
     12663
     12668
     12673
     12678
     12683
     12688
     12693
     12698
     12703
     12708
     12713
     12718
     12723
     12728
     12733
     12738
     12743
     12748
     12753
     12758
     12763
     12768
     12773
     12778
     12783
     12788
     12793
     12798
     12803
     12808
     12813
     12818
     12823
     12828
     12833
     12838
     12843
     12848
     12853
     12858
     12863
     12868
     12873
     12878
     12883
     12888
     12893
     12898
     12903
     12908
     12913
     12918
     12923
     12928
     12933
     12938
     12943
     12948
     12953
     12958
     12963
     12968
     12973
     12978
     12983
     12988
     12993
     12998
     13003
     13008
     13013
     13018
     13023
     13028
     13033
     13038
     13043
     13048
     13053
     13058
     13063
     13068
     13073
     13078
     13083
     13088
     13093
     13098
     13103
     13108
     13113
     13118
     13123
     13128
     13133
     13138
     13143
     13148
     13153
     13158
     13163
     13168
     13173
     13178
     13183
     13188
     13193
     13198
     13203
     13208
     13213
     13218
     13223
     13228
     13233
     13238
     13243
     13248
     13253
     13258
     13263
     13268
     13273
     13278
     13283
     13288
     13293
     13298
     13303
     13308
     13313
     13318
     13323
     13328
     13333
     13338
     13343
     13348
     13353
     13358
     13363
     13368
     13373
     13378
     13383
     13388
     13393
     13398
     13403
     13408
     13413
     13418
     13423
     13428
     13433
     13438
     13443
     13448
     13453
     13458
     13463
     13468
     13473
     13478
     13483
     13488
     13493
     13498
     13503
     13508
     13513
     13518
     13523
     13528
     13533
     13538
     13543
     13548
     13553
     13558
     13563
     13568
     13573
     13578
     13583
     13588
     13593
     13598
     13603
     13608
     13613
     13618
     13623
     13628
     13633
     13638
     13643
     13648
     13653
     13658
     13663
     13668
     13673
     13678
     13683
     13688
     13693
     13698
     13703
     13708
     13713
     13718
     13723
     13728
     13733
     13738
     13743
     13748
     13753
     13758
     13763
     13768
     13773
     13778
     13783
     13788
     13793
     13798
     13803
     13808
     13813
     13818
     13823
     13828
     13833
     13838
     13843
     13848
     13853
     13858
     13863
     13868
     13873
     13878
     13883
     13888
     13893
     13898
     13903
     13908
     13913
     13918
     13923
     13928
     13933
     13938
     13943
     13948
     13953
     13958
     13963
     13968
     13973
     13978
     13983
     13988
     13993
     13998
     14003
     14008
     14013
     14018
     14023
     14028
     14033
     14038
     14043
     14048
     14053
     14058
     14063
     14068
     14073
     14078
     14083
     14088
     14093
     14098
     14103
     14108
     14113
     14118
     14123
     14128
     14133
     14138
     14143
     14148
     14153
     14158
     14163
     14168
     14173
     14178
     14183
     14188
     14193
     14198
     14203
     14208
     14213
     14218
     14223
     14228
     14233
     14238
     14243
     14248
     14253
     14258
     14263
     14268
     14273
     14278
     14283
     14288
     14293
     14298
     14303
     14308
     14313
     14318
     14323
     14328
     14333
     14338
     14343
     14348
     14353
     14358
     14363
     14368
     14373
     14378
     14383
     14388
     14393
     14398
     14403
     14408
     14413
     14418
     14423
     14428
     14433
     14438
     14443
     14448
     14453
     14458
     14463
     14468
     14473
     14478
     14483
     14488
     14493
     14498
     14503
     14508
     14513
     14518
     14523
     14528
     14533
     14538
     14543
     14548
     14553
     14558
     14563
     14568
     14573
     14578
     14583
     14588
     14593
     14598
     14603
     14608
     14613
     14618
     14623
     14628
     14633
     14638
     14643
     14648
     14653
     14658
     14663
     14668
     14673
     14678
     14683
     14688
     14693
     14698
     14703
     14708
     14713
     14718
     14723
     14728
     14733
     14738
     14743
     14748
     14753
     14758
     14763
     14768
     14773
     14778
     14783
     14788
     14793
     14798
     14803
     14808
     14813
     14818
     14823
     14828
     14833
     14838
     14843
     14848
     14853
     14858
     14863
     14868
     14873
     14878
     14883
     14888
     14893
     14898
     14903
     14908
     14913
     14918
     14923
     14928
     14933
     14938
     14943
     14948
     14953
     14958
     14963
     14968
     14973
     14978
     14983
     14988
     14993
     14998
     15003
     15008
     15013
     15018
     15023
     15028
     15033
     15038
     15043
     15048
     15053
     15058
     15063
     15068
     15073
     15078
     15083
     15088
     15093
     15098
     15103
     15108
     15113
     15118
     15123
     15128
     15133
     15138
     15143
     15148
     15153
     15158
     15163
     15168
     15173
     15178
     15183
     15188
     15193
     15198
     15203
     15208
     15213
     15218
     15223
     15228
     15233
     15238
     15243
     15248
     15253
     15258
     15263
     15268
     15273
     15278
     15283
     15288
     15293
     15298
     15303
     15308
     15313
     15318
     15323
     15328
     15333
     15338
     15343
     15348
     15353
     15358
     15363
     15368
     15373
     15378
     15383
     15388
     15393
     15398
     15403
     15408
     15413
     15418
     15423
     15428
     15433
     15438
     15443
     15448
     15453
     15458
     15463
     15468
     15473
     15478
     15483
     15488
     15493
     15498
     15503
     15508
     15513
     15518
     15523
     15528
     15533
     15538
     15543
     15548
     15553
     15558
     15563
     15568
     15573
     15578
     15583
     15588
     15593
     15598
     15603
     15608
     15613
     15618
     15623
     15628
     15633
     15638
     15643
     15648
     15653
     15658
     15663
     15668
     15673
     15678
     15683
     15688
     15693
     15698
     15703
     15708
     15713
     15718
     15723
     15728
     15733
     15738
     15743
     15748
     15753
     15758
     15763
     15768
     15773
     15778
     15783
     15788
     15793
     15798
     15803
     15808
     15813
     15818
     15823
     15828
     15833
     15838
     15843
     15848
     15853
     15858
     15863
     15868
     15873
     15878
     15883
     15888
     15893
     15898
     15903
     15908
     15913
     15918
     15923
     15928
     15933
     15938
     15943
     15948
     15953
     15958
     15963
     15968
     15973
     15978
     15983
     15988
     15993
     15998
     16003
     16008
     16013
     16018
     16023
     16028
     16033
     16038
     16043
     16048
     16053
     16058
     16063
     16068
     16073
     16078
     16083
     16088
     16093
     16098
     16103
     16108
     16113
     16118
     16123
     16128
     16133
     16138
     16143
     16148
     16153
     16158
     16163
     16168
     16173
     16178
     16183
     16188
     16193
     16198
     16203
     16208
     16213
     16218
     16223
     16228
     16233
     16238
     16243
     16248
     16253
     16258
     16263
     16268
     16273
     16278
     16283
     16288
     16293
     16298
     16303
     16308
     16313
     16318
     16323
     16328
     16333
     16338
     16343
     16348
     16353
     16358
     16363
     16368
     16373
     16378
     16383
     16388
     16393
     16398
     16403
     16408
     16413
     16418
     16423
     16428
     16433
     16438
     16443
     16448
     16453
     16458
     16463
     16468
     16473
     16478
     16483
     16488
     16493
     16498
     16503
     16508
     16513
     16518
     16523
     16528
     16533
     16538
     16543
     16548
     16553
     16558
     16563
     16568
     16573
     16578
     16583
     16588
     16593
     16598
     16603
     16608
     16613
     16618
     16623
     16628
     16633
     16638
     16643
     16648
     16653
     16658
     16663
     16668
     16673
     16678
     16683
     16688
     16693
     16698
     16703
     16708
     16713
     16718
     16723
     16728
     16733
     16738
     16743
     16748
     16753
     16758
     16763
     16768
     16773
     16778
     16783
     16788
     16793
     16798
     16803
     16808
     16813
     16818
     16823
     16828
     16833
     16838
     16843
     16848
     16853
     16858
     16863
     16868
     16873
     16878
     16883
     16888
     16893
     16898
     16903
     16908
     16913
     16918
     16923
     16928
     16933
     16938
     16943
     16948
     16953
     16958
     16963
     16968
     16973
     16978
     16983
     16988
     16993
     16998
     17003
     17008
     17013
     17018
     17023
     17028
     17033
     17038
     17043
     17048
     17053
     17058
     17063
     17068
     17073
     17078
     17083
     17088
     17093
     17098
     17103
     17108
     17113
     17118
     17123
     17128
     17133
     17138
     17143
     17148
     17153
     17158
     17163
     17168
     17173
     17178
     17183
     17188
     17193
     17198
     17203
     17208
     17213
     17218
     17223
     17228
     17233
     17238
     17243
     17248
     17253
     17258
     17263
     17268
     17273
     17278
     17283
     17288
     17293
     17298
     17303
     17308
     17313
     17318
     17323
     17328
     17333
     17338
     17343
     17348
     17353
     17358
     17363
     17368
     17373
     17378
     17383
     17388
     17393
     17398
     17403
     17408
     17413
     17418
     17423
     17428
     17433
     17438
     17443
     17448
     17453
     17458
     17463
     17468
     17473
     17478
     17483
     17488
     17493
     17498
     17503
     17508
     17513
     17518
     17523
     17528
     17533
     17538
     17543
     17548
     17553
     17558
     17563
     17568
     17573
     17578
     17583
     17588
     17593
     17598
     17603
     17608
     17613
     17618
     17623
     17628
     17633
     17638
     17643
     17648
     17653
     17658
     17663
     17668
     17673
     17678
     17683
     17688
     17693
     17698
     17703
     17708
     17713
     17718
     17723
     17728
     17733
     17738
     17743
     17748
     17753
     17758
     17763
     17768
     17773
     17778
     17783
     17788
     17793
     17798
     17803
     17808
     17813
     17818
     17823
     17828
     17833
     17838
     17843
     17848
     17853
     17858
     17863
     17868
     17873
     17878
     17883
     17888
     17893
     17898
     17903
     17908
     17913
     17918
     17923
     17928
     17933
     17938
     17943
     17948
     17953
     17958
     17963
     17968
     17973
     17978
     17983
     17988
     17993
     17998
     18003
     18008
     18013
     18018
     18023
     18028
     18033
     18038
     18043
     18048
     18053
     18058
     18063
     18068
     18073
     18078
     18083
     18088
     18093
     18098
     18103
     18108
     18113
     18118
     18123
     18128
     18133
     18138
     18143
     18148
     18153
     18158
     18163
     18168
     18173
     18178
     18183
     18188
     18193
     18198
     18203
     18208
     18213
     18218
     18223
     18228
     18233
     18238
     18243
     18248
     18253
     18258
     18263
     18268
     18273
     18278
     18283
     18288
     18293
     18298
     18303
     18308
     18313
     18318
     18323
     18328
     18333
     18338
     18343
     18348
     18353
     18358
     18363
     18368
     18373
     18378
     18383
     18388
     18393
     18398
     18403
     18408
     18413
     18418
     18423
     18428
     18433
     18438
     18443
     18448
     18453
     18458
     18463
     18468
     18473
     18478
     18483
     18488
     18493
     18498
     18503
     18508
     18513
     18518
     18523
     18528
     18533
     18538
     18543
     18548
     18553
     18558
     18563
     18568
     18573
     18578
     18583
     18588
     18593
     18598
     18603
     18608
     18613
     18618
     18623
     18628
     18633
     18638
     18643
     18648
     18653
     18658
     18663
     18668
     18673
     18678
     18683
     18688
     18693
     18698
     18703
     18708
     18713
     18718
     18723
     18728
     18733
     18738
     18743
     18748
     18753
     18758
     18763
     18768
     18773
     18778
     18783
     18788
     18793
     18798
     18803
     18808
     18813
     18818
     18823
     18828
     18833
     18838
     18843
     18848
     18853
     18858
     18863
     18868
     18873
     18878
     18883
     18888
     18893
     18898
     18903
     18908
     18913
     18918
     18923
     18928
     18933
     18938
     18943
     18948
     18953
     18958
     18963
     18968
     18973
     18978
     18983
     18988
     18993
     18998
     19003
     19008
     19013
     19018
     19023
     19028
     19033
     19038
     19043
     19048
     19053
     19058
     19063
     19068
     19073
     19078
     19083
     19088
     19093
     19098
     19103
     19108
     19113
     19118
     19123
     19128
     19133
     19138
     19143
     19148
     19153
     19158
     19163
     19168
     19173
     19178
     19183
     19188
     19193
     19198
     19203
     19208
     19213
     19218
     19223
     19228
     19233
     19238
     19243
     19248
     19253
     19258
     19263
     19268
     19273
     19278
     19283
     19288
     19293
     19298
     19303
     19308
     19313
     19318
     19323
     19328
     19333
     19338
     19343
     19348
     19353
     19358
     19363
     19368
     19373
     19378
     19383
     19388
     19393
     19398
     19403
     19408
     19413
     19418
     19423
     19428
     19433
     19438
     19443
     19448
     19453
     19458
     19463
     19468
     19473
     19478
     19483
     19488
     19493
     19498
     19503
     19508
     19513
     19518
     19523
     19528
     19533
     19538
     19543
     19548
     19553
     19558
     19563
     19568
     19573
     19578
     19583
     19588
     19593
     19598
     19603
     19608
     19613
     19618
     19623
     19628
     19633
     19638
     19643
     19648
     19653
     19658
     19663
     19668
     19673
     19678
     19683
     19688
     19693
     19698
     19703
     19708
     19713
     19718
     19723
     19728
     19733
     19738
     19743
     19748
     19753
     19758
     19763
     19768
     19773
     19778
     19783
     19788
     19793
     19798
     19803
     19808
     19813
     19818
     19823
     19828
     19833
     19838
     19843
     19848
     19853
     19858
     19863
     19868
     19873
     19878
     19883
     19888
     19893
     19898
     19903
     19908
     19913
     19918
     19923
     19928
     19933
     19938
     19943
     19948
     19953
     19958
     19963
     19968
     19973
     19978
     19983
     19988
     19993
     19998
     20003
     20008
     20013
     20018
     20023
     20028
     20033
     20038
     20043
     20048
     20053
     20058
     20063
     20068
     20073
     20078
     20083
     20088
     20093
     20098
     20103
     20108
     20113
     20118
     20123
     20128
     20133
     20138
     20143
     20148
     20153
     20158
     20163
     20168
     20173
     20178
     20183
     20188
     20193
     20198
     20203
     20208
     20213
     20218
     20223
     20228
     20233
     20238
     20243
     20248
     20253
     20258
     20263
     20268
     20273
     20278
     20281
     20284
     20287
     20290
     20293
     20296
     20299
     20302
     20305
     20308
     20311
     20314
     20317
     20320
     20323
     20326
     20329
     20332
     20335
     20338
     20341
     20344
     20347
     20350
     20353
     20356
     20359
     20362
     20365
     20368
     20371
     20374
     20377
     20380
     20383
     20386
     20389
     20392
     20395
     20398
     20401
     20404
     20407
     20410
     20413
     20416
     20419
     20422
     20425
     20428
     20431
     20434
     20437
     20440
     20443
     20446
     20449
     20452
     20455
     20458
     20461
     20464
     20467
     20470
     20473
     20476
     20479
     20482
     20485
     20488
     20491
     20494
     20497
     20500
     20503
     20506
     20509
     20512
     20515
     20518
     20521
     20524
     20527
     20530
     20533
     20536
     20539
     20542
     20545
     20548
     20551
     20554
     20557
     20560
     20563
     20566
     20569
     20572
     20575
     20578
     20581
     20584
     20587
     20590
     20593
     20596
     20599
     20602
     20605
     20608
     20611
     20614
     20617
     20620
     20623
     20626
     20629
     20632
     20635
     20638
     20641
     20644
     20647
     20650
     20653
     20656
     20659
     20662
     20665
     20668
     20671
     20674
     20677
     20680
     20683
     20686
     20689
     20692
     20695
     20698
     20701
     20704
     20707
     20710
     20713
     20716
     20719
     20722
     20725
     20728
     20731
     20734
