         1
         5
        11
        17
        22
        29
        35
        41
        47
        53
        59
        65
        71
        77
        83
        89
        95
       101
       107
       113
       119
       125
       132
       138
       143
       149
       155
       160
       165
       170
       175
       180
       187
       192
       197
       202
       207
       213
       219
       225
       231
       236
       242
       247
       253
       259
       264
       270
       276
       282
       288
       294
       300
       306
       312
       318
       324
       330
       336
       342
       348
       354
       360
       365
       371
       377
       383
       389
       395
       401
       407
       413
       419
       425
       432
       438
       445
       450
       456
       462
       468
       474
       480
       486
       492
       498
       504
       509
       515
       521
       527
       533
       539
       545
       551
       558
       564
       570
       576
       582
       588
       594
       600
       607
       613
       620
       627
       633
       639
       646
       652
       658
       664
       670
       676
       682
       688
       695
       701
       707
       713
       719
       726
       732
       738
       744
       750
       756
       762
       768
       774
       781
       787
       793
       799
       805
       811
       817
       823
       829
       835
       841
       847
       853
       859
       865
       872
       878
       884
       890
       896
       903
       909
       915
       922
       929
       934
       939
       944
       949
       954
       959
       963
       967
       973
       979
       986
       991
       997
      1003
      1009
      1014
      1018
      1022
      1027
      1031
      1035
      1039
      1043
      1047
      1051
      1055
      1059
      1063
      1067
      1071
      1075
      1081
      1086
      1091
      1097
      1103
      1109
      1116
      1120
      1126
      1131
      1135
      1139
      1144
      1149
      1154
      1159
      1164
      1168
      1174
      1178
      1182
      1186
      1192
      1199
      1203
      1207
      1211
      1215
      1219
      1223
      1227
      1231
      1235
      1240
      1244
      1248
      1252
      1256
      1260
      1264
      1268
      1272
      1276
      1280
      1284
      1288
      1295
      1301
      1306
      1312
      1318
      1322
      1326
      1330
      1334
      1338
      1342
      1346
      1350
      1354
      1358
      1363
      1368
      1372
      1378
      1383
      1388
      1392
      1396
      1402
      1408
      1413
      1418
      1423
      1427
      1431
      1435
      1439
      1443
      1447
      1451
      1456
      1462
      1466
      1470
      1474
      1478
      1482
      1486
      1491
      1496
      1501
      1507
      1511
      1515
      1519
      1523
      1528
      1532
      1538
      1545
      1549
      1553
      1557
      1561
      1565
      1569
      1573
      1577
      1581
      1585
      1589
      1593
      1597
      1601
      1605
      1609
      1613
      1617
      1621
      1626
      1630
      1634
      1638
      1644
      1648
      1652
      1656
      1661
      1667
      1671
      1675
      1679
      1683
      1687
      1691
      1697
      1702
      1706
      1710
      1714
      1718
      1722
      1726
      1730
      1734
      1738
      1744
      1750
      1756
      1763
      1769
      1776
      1782
      1788
      1794
      1800
      1807
      1814
      1821
      1828
      1834
      1840
      1845
      1851
      1856
      1861
      1866
      1871
      1877
      1883
      1889
      1894
      1900
      1906
      1912
      1918
      1924
      1930
      1936
      1942
      1947
      1952
      1958
      1964
      1970
      1976
      1982
      1988
      1995
      2001
      2007
      2013
      2018
      2024
      2030
      2035
      2040
      2045
      2050
      2055
      2060
      2065
      2071
      2077
      2083
      2089
      2095
      2101
      2107
      2113
      2119
      2125
      2131
      2137
      2143
      2149
      2155
      2161
      2167
      2173
      2179
      2185
      2191
      2197
      2203
      2209
      2215
      2220
      2226
      2231
      2237
      2243
      2249
      2255
      2261
      2267
      2273
      2279
      2285
      2291
      2297
      2304
      2310
      2316
      2322
      2328
      2334
      2340
      2346
      2352
      2359
      2365
      2371
      2377
      2383
      2389
      2395
      2401
      2407
      2413
      2418
      2424
      2430
      2436
      2442
      2448
      2454
      2460
      2466
      2473
      2480
      2486
      2492
      2498
      2504
      2510
      2516
      2522
      2528
      2535
      2542
      2549
      2555
      2561
      2567
      2574
      2580
      2586
      2593
      2599
      2605
      2611
      2617
      2624
      2630
      2636
      2643
      2649
      2655
      2661
      2667
      2673
      2679
      2685
      2691
      2698
      2704
      2710
      2717
      2723
      2729
      2735
      2742
      2748
      2754
      2760
      2766
      2772
      2777
      2783
      2788
      2793
      2798
      2803
      2809
      2813
      2817
      2823
      2829
      2833
      2838
      2844
      2850
      2855
      2861
      2867
      2873
      2879
      2883
      2887
      2892
      2897
      2902
      2907
      2912
      2917
      2922
      2926
      2930
      2934
      2938
      2942
      2946
      2950
      2954
      2958
      2963
      2969
      2975
      2981
      2987
      2993
      2997
      3003
      3009
      3015
      3019
      3025
      3031
      3037
      3043
      3049
      3055
      3061
      3067
      3074
      3078
      3082
      3088
      3094
      3099
      3104
      3109
      3114
      3119
      3124
      3130
      3134
      3138
      3144
      3150
      3156
      3162
      3168
      3174
      3178
      3182
      3186
      3190
      3194
      3198
      3202
      3206
      3210
      3216
      3222
      3226
      3230
      3234
      3238
      3244
      3249
      3255
      3261
      3268
      3272
      3277
      3281
      3285
      3291
      3295
      3299
      3305
      3311
      3316
      3320
      3324
      3328
      3332
      3336
      3340
      3344
      3350
      3356
      3360
      3366
      3372
      3376
      3380
      3384
      3389
      3394
      3400
      3405
      3410
      3415
      3421
      3427
      3432
      3437
      3443
      3448
      3454
      3460
      3467
      3473
      3479
      3485
      3492
      3497
      3501
      3505
      3509
      3515
      3521
      3528
      3535
      3540
      3544
      3548
      3552
      3556
      3561
      3565
      3569
      3576
      3582
      3588
      3592
      3597
      3601
      3605
      3611
      3619
      3625
      3631
      3637
      3641
      3645
      3652
      3657
      3663
      3669
      3673
      3678
      3682
      3686
      3690
      3694
      3698
      3702
      3708
      3715
      3721
      3727
      3733
      3739
      3746
      3753
      3760
      3766
      3773
      3779
      3785
      3792
      3798
      3804
      3810
      3816
      3822
      3826
      3830
      3834
      3838
      3842
      3846
      3850
      3854
      3858
      3862
      3866
      3870
      3874
      3878
      3882
      3886
      3890
      3894
      3898
      3902
      3906
      3910
      3914
      3918
      3923
      3928
      3934
      3940
      3944
      3948
      3953
      3959
      3965
      3971
      3977
      3983
      3988
      3993
      3999
      4003
      4007
      4011
      4016
      4021
      4025
      4029
      4033
      4037
      4041
      4046
      4051
      4057
      4063
      4070
      4076
      4082
      4088
      4094
      4099
      4104
      4109
      4115
      4121
      4125
      4129
      4133
      4137
      4143
      4148
      4153
      4158
      4163
      4169
      4174
      4179
      4183
      4189
      4196
      4200
      4204
      4208
      4212
      4216
      4220
      4224
      4228
      4232
      4236
      4240
      4244
      4248
      4252
      4256
      4260
      4266
      4272
      4276
      4280
      4284
      4288
      4295
      4299
      4304
      4309
      4313
      4317
      4321
      4327
      4333
      4337
      4343
      4348
      4352
      4356
      4361
      4365
      4371
      4376
      4380
      4384
      4388
      4394
      4399
      4403
      4409
      4414
      4420
      4426
      4432
      4436
      4440
      4444
      4448
      4452
      4456
      4460
      4464
      4468
      4472
      4476
      4480
      4484
      4488
      4492
      4496
      4500
      4504
      4508
      4512
      4516
      4520
      4524
      4530
      4535
      4539
      4545
      4549
      4553
      4557
      4561
      4565
      4569
      4573
      4577
      4581
      4585
      4589
      4593
      4597
      4601
      4605
      4609
      4613
      4617
      4621
      4625
      4629
      4633
      4638
      4642
      4646
      4650
      4654
      4658
      4662
      4666
      4670
      4674
      4678
      4682
      4686
      4690
      4694
      4698
      4704
      4709
      4714
      4720
      4726
      4732
      4737
      4743
      4749
      4755
      4760
      4766
      4772
      4778
      4784
      4790
      4797
      4803
      4809
      4815
      4821
      4827
      4833
      4839
      4846
      4852
      4858
      4864
      4870
      4876
      4881
      4886
      4891
      4896
      4901
      4906
      4911
      4916
      4922
      4928
      4934
      4940
      4946
      4952
      4958
      4963
      4969
      4974
      4980
      4986
      4992
      4998
      5004
      5010
      5016
      5022
      5028
      5034
      5040
      5046
      5052
      5058
      5064
      5070
      5075
      5080
      5086
      5093
      5098
      5105
      5111
      5117
      5123
      5129
      5134
      5140
      5146
      5152
      5158
      5164
      5170
      5176
      5182
      5188
      5194
      5200
      5206
      5212
      5218
      5224
      5231
      5237
      5243
      5249
      5255
      5261
      5267
      5273
      5279
      5285
      5291
      5297
      5303
      5309
      5315
      5321
      5327
      5333
      5339
      5345
      5351
      5357
      5363
      5370
      5376
      5382
      5388
      5394
      5400
      5406
      5412
      5418
      5425
      5431
      5437
      5443
      5450
      5456
      5463
      5469
      5475
      5481
      5487
      5493
      5500
      5506
      5513
      5519
      5525
      5531
      5537
      5543
      5549
      5555
      5561
      5567
      5573
      5580
      5586
      5593
      5599
      5605
      5611
      5617
      5623
      5629
      5636
      5642
      5648
      5654
      5660
      5667
      5674
      5680
      5686
      5693
      5699
      5705
      5711
      5718
      5724
      5729
      5735
      5740
      5747
      5753
      5760
      5767
      5773
      5779
      5784
      5789
      5794
      5800
      5805
      5810
      5816
      5820
      5824
      5829
      5835
      5841
      5847
      5853
      5859
      5864
      5870
      5874
      5878
      5883
      5888
      5893
      5898
      5903
      5908
      5913
      5918
      5924
      5928
      5932
      5936
      5940
      5944
      5948
      5952
      5958
      5963
      5969
      5974
      5980
      5986
      5992
      5997
      6003
      6007
      6013
      6019
      6025
      6031
      6037
      6043
      6049
      6053
      6059
      6065
      6071
      6077
      6083
      6088
      6092
      6097
      6102
      6107
      6112
      6117
      6122
      6128
      6134
      6139
      6143
      6149
      6153
      6159
      6165
      6171
      6177
      6181
      6185
      6189
      6194
      6198
      6205
      6211
      6216
      6221
      6227
      6233
      6240
      6247
      6253
      6259
      6263
      6268
      6274
      6280
      6284
      6290
      6296
      6302
      6308
      6314
      6320
      6324
      6329
      6335
      6341
      6348
      6353
      6357
      6361
      6367
      6374
      6380
      6385
      6389
      6393
      6397
      6403
      6409
      6415
      6420
      6424
      6428
      6432
      6439
      6446
      6452
      6458
      6464
      6470
      6476
      6480
      6485
      6489
      6493
      6499
      6505
      6511
      6517
      6523
      6530
      6537
      6543
      6549
      6554
      6558
      6562
      6568
      6574
      6580
      6586
      6593
      6599
      6606
      6613
      6620
      6626
      6632
      6638
      6643
      6648
      6653
      6659
      6665
      6671
      6675
      6679
      6685
      6690
      6695
      6701
      6706
      6710
      6714
      6719
      6724
      6729
      6734
      6738
      6742
      6746
      6750
      6754
      6758
      6762
      6766
      6770
      6774
      6778
      6784
      6790
      6796
      6802
      6808
      6813
      6820
      6826
      6833
      6837
      6841
      6847
      6853
      6858
      6863
      6868
      6872
      6876
      6880
      6887
      6891
      6895
      6899
      6903
      6907
      6911
      6915
      6919
      6923
      6927
      6931
      6935
      6939
      6943
      6947
      6951
      6955
      6959
      6963
      6967
      6971
      6975
      6979
      6985
      6991
      6997
      7004
      7010
      7016
      7020
      7024
      7028
      7032
      7036
      7040
      7044
      7048
      7054
      7058
      7064
      7071
      7077
      7081
      7085
      7089
      7093
      7097
      7103
      7109
      7113
      7117
      7121
      7125
      7129
      7133
      7137
      7141
      7145
      7149
      7155
      7160
      7164
      7168
      7172
      7177
      7182
      7186
      7190
      7196
      7201
      7205
      7210
      7215
      7219
      7223
      7229
      7236
      7242
      7246
      7250
      7254
      7258
      7262
      7266
      7270
      7274
      7279
      7283
      7288
      7292
      7298
      7304
      7308
      7312
      7316
      7320
      7324
      7328
      7332
      7336
      7340
      7345
      7349
      7353
      7357
      7363
      7368
      7373
      7378
      7382
      7386
      7390
      7394
      7400
      7405
      7409
      7413
      7417
      7421
      7425
      7429
      7433
      7439
      7445
      7451
      7455
      7459
      7463
      7467
      7471
      7475
      7479
      7483
      7487
      7491
      7495
      7499
      7503
      7507
      7511
      7515
      7519
      7523
      7529
      7536
      7540
      7546
      7552
      7558
      7565
      7571
      7577
      7581
      7585
      7589
      7593
      7597
      7601
      7607
      7612
      7616
      7622
      7626
      7632
      7638
      7644
      7651
      7657
      7662
      7669
      7676
      7684
      7690
      7696
      7703
      7709
      7715
      7722
      7728
      7734
      7740
      7746
      7750
      7754
      7760
      7766
      7772
      7778
      7784
      7789
      7795
      7801
      7807
      7814
      7820
      7825
      7829
      7835
      7841
      7846
      7850
      7854
      7858
      7862
      7866
      7872
      7878
      7884
      7890
      7894
      7897
      7902
      7906
      7909
      7912
      7915
      7919
      7921
      7924
      7927
      7931
      7934
      7937
      7942
      7946
      7950
      7954
      7958
      7962
      7966
      7971
      7975
      7978
      7981
      7985
      7989
      7993
      7999
      8003
      8008
      8011
      8015
      8020
      8023
      8027
      8031
      8036
      8041
      8045
      8049
      8053
      8056
      8060
      8067
      8071
      8076
      8081
      8086
      8091
      8095
      8099
      8102
      8105
      8109
      8114
      8118
      8121
      8124
      8128
      8132
      8136
      8139
      8142
      8145
      8148
      8151
      8154
      8157
      8160
      8163
      8166
      8170
      8174
      8179
      8183
      8187
      8190
      8194
      8199
      8203
      8207
      8211
      8215
      8220
      8223
      8226
      8230
      8234
      8239
      8243
      8246
      8248
      8252
      8257
      8259
      8264
      8269
      8272
      8276
      8280
      8283
      8288
      8292
      8295
      8299
      8302
      8305
      8307
      8310
      8313
      8316
      8321
      8324
      8327
      8331
      8336
      8341
      8344
      8350
      8353
      8357
      8361
      8365
      8371
      8375
      8379
      8383
