         1      1502
      1501         1
        73         1
        13         1
         1      1539
         2       118
         2      1455
      1457         2
       155         2
        38         2
         3      1487
         3      1532
       143         3
        93         3
         3      1477
        46         3
        54         4
         4      1515
         4      1516
        35         4
        13         4
         4      1539
        14         5
        36         5
      1453         5
         5      1501
         5        73
         5      1500
         6       327
         6        15
        47         6
      1466         6
         7       340
         7      1480
        16         7
        77         7
      1463         8
        33         8
        89         8
         8       153
         8       155
      1459         9
      1452         9
         9        59
         9        96
         9        45
        97         9
        10       131
      1464        10
      1459        10
        59        10
        10       132
        10        70
       142        11
       143        11
        86        11
        11        54
        11      1523
        11      1532
       131        12
        12        34
        12        53
        12        75
        12      1440
      1443        12
      1450        12
        73        13
        13      1539
        35        13
        74        13
        14        36
        14      1453
        55        14
      1455        14
       118        14
        15       323
        56        15
        15        72
        16      1481
        76        16
        37        16
       134        17
       148        17
        17       135
        17       133
        85        17
       165        18
       117        18
       164        18
        18       166
        18       126
       154        19
       146        19
        19       152
        19       120
        81        19
        20       143
       142        20
        20        46
        79        20
        78        20
       147        21
       145        21
        21       144
        21        60
        21        81
        22       128
        61        22
        22        98
       125        22
        22       123
       124        23
       101        23
        23       105
        23       125
        80        23
        24       117
        24       165
       163        24
       157        24
        24       100
        25        47
        25        68
        97        25
      1470        25
        26       326
        26       106
        62        26
        72        26
        27       324
        27       115
        63        27
       106        27
        28       339
        28       137
        64        28
       115        28
        29       325
        29        84
        65        29
       137        29
        30       331
        30       149
        66        30
        84        30
        31       329
        31       112
        67        31
       149        31
        32       335
        32        48
        92        32
       112        32
        33      1463
        33        89
      1458        33
        75        33
        90        33
       131        34
        34        53
        34       130
       132        34
        35        54
        74        35
        86        35
        87        35
        36        73
        55        36
        36        74
        69        36
        37      1482
        57        37
        93        37
       155        38
        38       118
       153        38
        38       119
        58        38
        39       140
        39       141
       166        39
        85        39
       162        39
        39       133
        40       145
        40       147
        98        40
       122        40
        40       121
       123        40
        41       146
        41       154
        41        89
       129        41
       128        41
        90        41
       135        42
       133        42
        42        87
        42        86
        42       142
       141        42
        43       164
       165        43
       120        43
       152        43
        43       151
        43       148
       141        44
       140        44
        44        78
       110        44
        44        94
        44        79
        96        45
        59        45
        45       101
        45        70
        45       102
        46        93
        46       143
        79        46
        95        46
        47        56
      1471        47
        48       341
        88        48
        48        77
       158        49
       162        49
        49       110
        49       140
        49       113
       100        50
       117        50
        50       158
        50       126
        50       159
        51       157
        51       163
       136        51
       144        51
        51       127
       105        52
       125        52
        52       123
        52       122
        52        99
        53        75
        53       130
        53       129
        53        90
        54      1515
        54      1523
        86        54
       118        55
        55        69
       134        55
       119        55
        56        71
        68        56
        57        76
        95        57
        91        57
       153        58
        58       119
        58       151
       152        58
       154        58
      1459        59
        59        70
       144        60
        81        60
        60       163
        60       165
        60       120
        61       128
       125        61
        61       129
       130        61
       124        61
        62       107
        71        62
       103        62
        63       114
       107        63
        99        63
        64       138
       114        64
        82        64
        65        83
       138        65
       127        65
        66       150
        83        66
       160        66
        67       111
       150        67
       156        67
        96        68
        68       104
        69        74
       134        69
       135        69
        69        87
        70       132
        70       101
        70       124
        71        72
       104        71
        72       334
        73      1501
        74        73
        87        74
      1440        75
        75        90
        75      1458
        76        77
        88        76
        77       330
        78        79
        78       142
       141        78
        94        79
        79        95
        80       105
       101        80
       102        80
        80       103
       146        81
        81       120
       147        81
        82       139
       116        82
       121        82
        83        84
       161        83
        84       338
       148        85
        85       133
       166        85
       164        85
       142        86
        87        86
       135        87
        92        88
        91        88
        89       153
        90        89
        89       154
       129        90
        94        91
       109        91
       111        92
       109        92
        93      1477
        95        93
       110        94
        94        95
        97        96
        96       102
      1452        97
      1473        97
       128        98
       123        98
        98       147
        99       116
       108        99
       157       100
       100       117
       100       160
       101       124
       102       101
       102       104
       103       108
       104       103
       105       125
       105       108
       106       337
       107       106
       108       107
       113       109
       110       109
       140       110
       111       112
       113       111
       112       328
       156       113
       114       115
       116       114
       115       332
       122       116
       165       117
       117       126
      1455       118
       119       118
       119       134
       151       119
       120       152
       120       165
       122       121
       121       145
       121       136
       123       122
       125       123
       124       125
       124       130
       132       124
       126       166
       126       158
       126       162
       127       161
       139       127
       129       128
       128       146
       128       147
       130       129
       132       130
      1464       131
       131       132
      1443       131
       133       135
       133       141
       148       134
       134       135
       151       134
       136       144
       136       139
       145       136
       137       333
       138       137
       139       138
       140       141
       162       140
       141       142
       142       143
       143      1532
       145       144
       144       163
       147       145
       146       154
       147       146
       164       148
       151       148
       149       336
       150       149
       159       150
       152       151
       154       152
       153       155
       154       153
       155      1457
      1463       155
       158       156
       159       156
       163       157
       157       161
       158       162
       160       159
       161       160
       166       162
       163       165
       165       164
       164       166
       699       167
       167       692
       198       167
       167       294
       275       168
       693       168
       168       686
       168       181
       206       169
       684       169
       169       693
       169       275
       182       169
       170       687
       170       253
       685       170
       183       170
       201       170
       207       171
       698       171
       212       171
       171       688
       171       322
       250       172
       689       172
       172       683
       172       197
       172       176
       691       173
       690       173
       173       694
       173       207
       236       173
       173       234
       174       208
       174       184
       327       174
      1468       174
       175       185
       175      1478
       340       175
       202       175
       197       176
       683       176
       176       684
       176       206
       177       697
       688       177
       322       177
       177       198
       214       177
       177       204
       178       200
       178      1573
      1575       178
       279       178
      1475       179
       695       179
       179       252
       179       250
       199       179
       254       180
       253       180
       180      1571
       180       696
       200       180
       181       686
       275       181
       181       305
       181       219
       239       181
       206       182
       182       275
       182       273
       240       182
       183       685
       183       201
       294       183
       218       183
       692       183
       184       213
       323       184
       184       268
       185      1576
       205       185
       185       278
       207       186
       186       212
       256       186
       234       186
       186       282
       293       187
       187       294
       187       218
       187       262
       291       187
       305       188
       188       236
       188       263
       302       188
       188       257
       189       237
       189       235
       208       189
      1472       189
       190       220
       190       242
       326       190
       268       190
       191       221
       191       290
       324       191
       242       191
       192       222
       192       244
       339       192
       290       192
       193       223
       193       320
       325       193
       244       193
       194       224
       194       246
       331       194
       320       194
       195       225
       195       309
       329       195
       246       195
       196       226
       196       248
       335       196
       309       196
       250       197
       197       206
       197       251
       252       197
       198       699
       198       294
       697       198
       204       198
       293       198
       199       216
      1462       199
       237       199
       200      1572
       217       200
       201       253
       218       201
       255       201
       201       254
       202       205
       330       202
       248       202
       321       203
       322       203
       203       214
       203       264
       314       203
       203       258
       214       204
       204       293
       258       204
       205       215
       249       205
       206       684
       206       240
       251       206
       207       698
       207       212
       694       207
       234       207
       208       213
      1469       208
       209       281
       209       256
       263       209
       257       209
       301       209
       210       314
       210       321
       281       210
       282       210
       310       210
       211       291
       211       293
       264       211
       258       211
       299       211
       212       322
       282       212
       212       321
       213       267
       213       235
       322       214
       214       258
       215       278
       286       215
       215       280
       216       252
       238       216
       216       261
       279       217
       217       254
       241       217
       294       218
       262       218
       218       255
       239       219
       219       305
       219       302
       277       219
       220       243
       267       220
       220       265
       221       289
       243       221
       221       269
       222       245
       289       222
       222       287
       223       319
       245       223
       223       295
       224       247
       319       224
       224       313
       225       308
       247       225
       225       306
       226       249
       308       226
       226       283
       227       260
       227       270
       265       227
       259       227
       228       272
       228       276
       269       228
       270       228
       229       304
       229       296
       287       229
       276       229
       230       301
       230       312
       295       230
       296       230
       231       310
       231       316
       313       231
       312       231
       232       298
       232       300
       306       232
       316       232
       233       292
       233       285
       283       233
       300       233
       236       234
       234       256
       257       234
       235       238
       235       266
       690       236
       305       236
       236       257
       237       238
      1461       237
       238       259
       275       239
       272       239
       273       239
       240       273
       251       240
       260       240
       241       255
       280       241
       284       241
       242       243
       337       242
       243       271
       244       245
       333       244
       245       297
       246       247
       336       246
       247       317
       248       249
       341       248
       249       286
       689       250
       250       252
       695       250
       252       251
       261       251
       253       687
       254       253
       253       696
       255       254
       262       255
       256       282
       256       281
       257       256
       263       257
       264       258
       258       293
       259       261
       266       259
       260       274
       261       260
       291       262
       284       262
       302       263
       303       263
       314       264
       298       264
       265       271
       266       265
       267       266
       268       267
       334       268
       269       288
       271       269
       270       274
       271       270
       272       277
       274       272
       273       275
       274       273
       693       275
       276       277
       288       276
       277       304
       278       279
       278      1575
       280       279
       285       280
       311       281
       281       282
       282       321
       283       286
       307       283
       292       284
       285       284
       286       285
       287       297
       288       287
       289       288
       290       289
       332       290
       293       291
       292       291
       299       292
       293       294
       294       692
       295       318
       297       295
       296       303
       297       296
       298       299
       315       298
       300       299
       307       300
       301       311
       303       301
       305       302
       304       302
       304       303
       686       305
       305       690
       306       307
       317       306
       308       307
       309       308
       328       309
       310       315
       311       310
       312       311
       318       312
       313       317
       318       313
       321       314
       315       314
       316       315
       317       316
       319       318
       320       319
       338       320
       321       322
       322       688
       327       323
       323       334
       324       332
       337       324
       325       338
       333       325
       326       337
       334       326
      1467       327
       329       328
       328       335
       336       329
       330       340
       341       330
       331       336
       338       331
       332       339
       339       333
       335       341
       340      1479
       342       370
       342      1582
      1571       342
       696       342
       342      1570
       358       342
       343      1579
       343      1592
       359       343
      1577       343
       343      1578
       371       343
       344       399
       344       443
       671       344
       344       495
       679       344
       681       345
       669       345
       345       432
       345       394
       345       378
       346       686
       693       346
       377       346
       346       360
       346       372
       347      1580
       501       347
       472       347
       347      1594
       398       347
       347      1597
       348      1591
       348      1586
       379       348
       395       348
       348      1585
       471       348
       667       349
       674       349
       675       349
       349       456
       349       402
       349       441
       676       350
       683       350
       417       350
       350       377
       350       684
       350       413
       351      1589
       351      1590
       351      1598
       391       351
       373       351
       370       351
       699       352
       692       352
       489       352
       352       685
       352       401
       352       415
       672       353
       353       417
       353       418
       673       353
       353       380
       670       353
       354      1525
       354       374
       354      1538
      1534       354
       421       354
       354       375
       355      1581
       355      1583
       422       355
       414       355
       355      1580
       501       355
       674       356
       356       402
       356       494
       677       356
       356       495
       679       356
       357       400
       357       431
       680       357
       432       357
      1491       357
       357      1492
       358       370
       696       358
       687       358
       358       373
       359      1592
       371       359
      1525       359
       359      1526
       374       359
       686       360
       372       360
       360       429
       360       691
       360       690
       361       390
       361      1591
       412       361
       468       361
       471       361
       362      1589
       391       362
       362      1588
       430       362
       392       362
       362       438
       363      1587
       363      1595
       363       414
       438       363
       397       363
       439       363
       462       364
       473       364
       398       364
       364      1593
       364      1594
       364       442
       668       365
       399       365
       365       485
       365       425
       365       486
       678       365
       366       489
       366       699
       475       366
       697       366
       444       366
       366       427
       367       475
       367       688
       445       367
       698       367
       367       474
       428       367
       368       445
       368       694
       429       368
       691       368
       368       446
       436       368
       400       369
       447       369
       369       448
      1493       369
       369       421
       369      1534
       370      1582
       373       370
       370      1598
       371      1577
       374       371
       390       371
       375       371
       377       372
       372       429
       393       372
       373       391
       687       373
       376       373
       374      1525
       375       374
       421       375
       375       390
       412       375
       687       376
       376       391
       415       376
       416       376
       376       392
       377       693
       684       377
       413       377
       377       393
       378       394
       681       378
       378       486
       678       378
       378       458
       395       379
       379      1585
       379      1584
       442       379
       424       379
       380       418
       670       380
       675       380
       380       456
       380       396
       381       460
       381       451
       488       381
       491       381
       492       381
       435       382
       382       478
       382       480
       463       382
       382       477
       383       476
       464       383
       426       383
       383       503
       383       482
       455       384
       456       384
       441       384
       384       449
       384       454
       460       385
       385       461
       385       439
       437       385
       385       433
       386       482
       386       450
       476       386
       386       444
       474       386
       387       487
       387       483
       452       387
       387       484
       481       387
       388       466
       388       457
       459       388
       388       467
       453       388
       454       389
       389       465
       389       464
       389       446
       436       389
      1591       390
       412       390
       390      1577
       390      1596
       391      1589
       392       391
       392       430
       416       392
       393       429
       413       393
       393       420
       419       393
       432       394
       394       458
       394       440
       394       431
       395       471
       424       395
       470       395
       468       395
       456       396
       418       396
       396       455
       396       419
       397       414
       439       397
       397       422
       433       397
       398      1594
       472       398
       473       398
       399       443
       671       399
       668       399
       399       425
       682       399
       431       400
      1492       400
       400       447
       400      1493
       401       415
       489       401
       401       416
       401       423
       490       401
       674       402
       402       441
       402       494
       402       434
       403       500
       499       403
       403       472
       403       473
       480       403
       477       403
       447       404
       404       448
       404       468
       404       470
       466       404
       457       404
       405       479
       485       405
       486       405
       405       453
       458       405
       405       459
       406       462
       406       473
       480       406
       478       406
       406       469
       467       406
       497       407
       503       407
       482       407
       407       492
       407       498
       407       488
       408       461
       408       460
       498       408
       488       408
       493       408
       408       499
       497       409
       409       498
       409       493
       484       409
       409       463
       483       409
       410       497
       410       503
       496       410
       502       410
       410       484
       481       410
       494       411
       411       496
       411       481
       495       411
       411       452
       443       411
       468       412
       421       412
       448       412
       417       413
       413       419
       418       413
       422       414
       414      1583
       414      1595
       685       415
       415       416
       415       687
       416       430
       423       416
       676       417
       672       417
       417       418
       418       419
       419       420
       419       455
       420       429
       455       420
       420       436
       420       454
      1534       421
       448       421
       422       501
       433       422
       461       422
       500       422
       490       423
       423       430
       423       437
       451       423
       424       442
       470       424
       469       424
       462       424
       425       485
       443       425
       425       487
       425       452
       426       503
       464       426
       502       426
       465       426
       427       489
       444       427
       427       490
       450       427
       427       491
       445       428
       428       474
       446       428
       428       476
       464       428
       429       691
       429       436
       430       438
       437       430
       430       439
       432       431
       431       440
       431       447
       669       432
       680       432
       461       433
       439       433
       441       434
       494       434
       434       502
       434       449
       434       496
       435       478
       435       463
       487       435
       483       435
       479       435
       436       446
       454       436
       437       439
       460       437
       451       437
       438      1588
       438      1587
       439       438
       458       440
       440       447
       459       440
       440       457
       456       441
       441       449
       442      1593
       462       442
       442      1584
       495       443
       443       452
       475       444
       474       444
       444       450
       445       698
       694       445
       446       445
       446       464
       447       448
       457       447
       448       468
       454       449
       449       502
       449       465
       482       450
       450       491
       450       492
       451       460
       491       451
       490       451
       452       487
       452       481
       453       467
       459       453
       479       453
       453       478
       455       454
       454       465
       456       455
       675       456
       457       466
       459       457
       486       458
       458       459
       488       460
       460       461
       499       461
       461       500
       473       462
       469       462
       463       477
       463       493
       483       463
       464       476
       465       464
       465       502
       467       466
       466       470
       466       469
       478       467
       467       469
       468       471
       470       468
       469       470
       471      1591
       472       501
       473       472
       500       472
       480       473
       474       475
       476       474
       475       697
       688       475
       476       482
       477       480
       477       499
       493       477
       478       480
       479       478
       485       479
       487       479
       481       484
       496       481
       503       482
       482       492
       487       483
       484       483
       484       497
       486       485
       485       487
       678       486
       492       488
       498       488
       699       489
       489       490
       491       490
       492       491
       498       493
       493       499
       495       494
       494       496
       679       495
       496       502
       503       497
       497       498
       499       500
       500       501
       501      1580
       502       503
      1554       504
      1562       504
       504       584
       504       521
       505       689
       505       695
       546       505
      1441       505
       505       520
      1465       505
       506       532
       506       584
      1558       506
      1562       506
      1604       506
       506      1605
       507       520
       546       507
       507       672
       527       507
      1561       508
      1552       508
       508       580
       508       645
       508       558
       547       509
       509       546
       509      1441
      1439       509
       570       509
       529       510
       609       510
       510       670
       510       675
       510       667
       608       510
       511       530
      1556       511
      1555       511
       511       550
       511       611
      1568       511
      1451       512
       512      1446
      1444       512
       531       512
       512       570
       512       571
       513       587
       513       611
       513       580
      1568       513
      1567       513
      1569       513
       532       514
      1605       514
       514       551
       514      1607
       514       575
      1608       514
       515       668
       533       515
       515       678
       552       515
       515       681
       578       515
       516       601
       516      1474
       534       516
       516       553
      1445       516
      1448       516
      1563       517
      1566       517
       596       517
       517       597
       517       557
       517      1447
       518       671
       535       518
       518       677
       640       518
       518       679
       590       518
       519       669
       536       519
       555       519
      1602       519
       519      1603
       622       519
       519       680
       546       520
       520       689
       520       672
       520       676
       521       584
      1554       521
       521       548
       521       528
      1553       521
       522      1606
       522       622
       575       522
       599       522
       522       623
       650       523
      1438       523
       523      1460
       628       523
       523       594
       523       607
       556       524
      1454       524
       524       650
       524      1442
       579       524
       524       649
       557       525
      1449       525
       525      1456
       589       525
       525       659
       525       593
       639       526
       581       526
       526       674
       526       667
       608       526
       640       526
       526       677
       546       527
       527       672
       547       527
       527       673
       572       527
      1553       528
       528       548
       528       645
      1552       528
       528       615
       609       529
       529       670
       549       529
       529       673
       572       529
      1556       530
       530       550
      1557       530
       530       596
       530       574
      1444       531
       531       571
      1460       531
       594       531
       531       582
       584       532
      1605       532
       532       551
       532       585
       533       668
       552       533
       533       682
       664       533
       613       533
       534       553
      1448       534
      1456       534
       659       534
       534       576
       535       671
       590       535
       664       535
       535       682
       554       535
       536       669
       555       536
       536       578
       577       536
       641       537
       537       651
       620       537
       612       537
       537       652
       618       538
       538       592
       594       538
       607       538
       538       582
       539       606
       539       630
       648       539
       539       631
       651       539
       540       633
       540       653
       591       540
       643       540
       540       654
       647       541
       541       632
       541       591
       646       541
       541       643
       614       542
       598       542
       542       599
       542       621
       542       624
       661       543
       626       543
       543       664
       543       665
       543       613
       636       544
       544       662
       595       544
       544       593
       589       544
       588       545
       545       646
       545       635
       587       545
       610       545
      1441       546
       547       546
       570       547
       547       572
       571       547
       573       547
       584       548
       548       615
       548       585
       548       616
       609       549
       549       572
       592       549
       573       549
       611       550
       550       574
       550       610
       550       583
       551       575
       585       551
       551       598
       551       599
       552       578
       613       552
       602       552
       577       552
       553       601
       576       553
       553       600
       553       586
       554       590
       554       664
       665       554
       617       554
       622       555
       555       577
       623       555
       603       555
       556      1454
       556       579
       601       556
      1437       556
       600       556
      1447       557
       597       557
       557      1449
       557       589
       580       558
       645       558
       558       644
       558       647
       558       588
       559       648
       559       641
       559       655
       658       559
       642       559
       666       559
       663       560
       560       666
       560       658
       560       654
       604       560
       643       560
       631       561
       630       561
       629       561
       561       618
       561       619
       561       625
       656       562
       661       562
       562       637
       657       562
       562       617
       562       665
       660       563
       662       563
       563       634
       563       642
       663       563
       563       666
       564       631
       651       564
       564       628
       564       629
       649       564
       652       564
       638       565
       565       639
       637       565
       565       640
       617       565
       565       590
       566       657
       566       655
       653       566
       566       656
       658       566
       654       566
       627       567
       567       626
       567       661
       633       567
       653       567
       567       656
       615       568
       616       568
       568       632
       644       568
       568       605
       568       614
       627       569
       569       626
       621       569
       569       603
       624       569
       569       602
       570      1439
      1446       570
       571       570
       582       571
       571       573
       572       673
       573       572
       592       573
       582       573
       596       574
       574       583
       574       597
       574       595
      1607       575
       575      1606
       575       599
       659       576
       576       586
       660       576
       576       634
       577       578
       602       577
       603       577
       578       681
       578       669
       579       649
       600       579
       612       579
       579       652
      1561       580
       580       587
      1567       580
       580       588
       639       581
       581       608
       625       581
       619       581
       581       609
       594       582
       582       592
       610       583
       583       595
       583       636
       583       635
      1562       584
       584       585
       585       616
       585       598
       586       600
       634       586
       586       612
       586       620
       611       587
       587       588
       587       610
       588       646
       588       647
       589       593
       595       589
       597       589
       590       640
       617       590
       591       633
       643       591
       632       591
       618       592
       592       609
       619       592
       593       659
       593       662
       593       660
      1460       594
       607       594
       595       636
       597       595
      1563       596
       596       597
      1557       596
       598       614
       598       599
       616       598
       599       623
       599       621
       601       600
       600       612
      1474       601
       601      1437
       602       613
       603       602
       626       602
       623       603
       621       603
       604       663
       604       643
       636       604
       635       604
       646       604
       632       605
       614       605
       605       627
       605       633
       605       624
       606       630
       648       606
       655       606
       657       606
       606       638
       606       637
       628       607
       607       618
       629       607
       608       667
       609       608
       619       609
       610       635
       611       610
      1568       611
       620       612
       612       652
       613       664
       626       613
       614       624
       616       614
       645       615
       615       616
       615       644
       665       617
       637       617
       629       618
       618       619
       625       619
       620       641
       634       620
       642       620
       624       621
       621       623
       622      1602
      1606       622
       623       622
       624       627
       630       625
       625       639
       638       625
       661       626
       627       626
       633       627
       650       628
       628       629
       649       628
       631       629
       631       630
       630       638
       651       631
       647       632
       644       632
       632       633
       633       653
       634       642
       660       634
       635       646
       635       636
       636       662
       636       663
       657       637
       637       638
       638       639
       639       640
       640       677
       641       651
       641       648
       642       641
       666       642
       643       654
       646       643
       645       644
       644       647
      1552       645
       647       646
       648       651
       655       648
       649       650
       652       649
       650      1438
      1442       650
       652       651
       654       653
       653       656
       654       658
       658       655
       655       657
       656       661
       656       657
       666       658
      1456       659
       659       660
       662       660
       661       665
       662       663
       663       666
       664       682
       665       664
       667       674
       667       675
       668       678
       682       668
       669       681
       669       680
       673       670
       670       675
       671       679
       682       671
       673       672
       672       676
       677       674
       676       683
       689       676
       677       679
       681       678
       680      1491
      1603       680
       689       683
       683       684
       684       693
       685       687
       692       685
       693       686
       686       690
       687       696
       698       688
       688       697
       695       689
       690       691
       691       694
       699       692
       694       698
      1475       695
      1465       695
       696      1571
       697       699
       700       712
       742       700
      1412       700
       700      1411
       700      1413
       701       791
      1418       701
       701       713
      1428       701
       701      1427
      1419       702
       702      1409
       702      1412
       702       742
       716       702
      1008       702
       703       780
       760       703
       735       703
       703      1432
      1003       704
      1001       704
       704       726
       767       704
       704       748
       705      1459
       796       705
       705      1452
       714       705
       734       705
      1453       706
       706      1500
       740       706
       706      1508
       706       715
       737       706
       707      1418
       707       791
      1417       707
      1436       707
       810       707
       707       749
       708      1005
       708       727
       708       999
       789       708
       998       708
       788       708
       709      1512
      1005       709
       709      1519
       773       709
       727       709
       765       709
       710       787
      1002       710
       710       728
      1007       710
       814       710
       996       710
       711       716
       711       738
       997       711
      1006       711
       711       767
       742       712
       712      1413
       743       712
       712       735
       712      1416
       791       713
      1427       713
       713       736
       713      1426
       713       744
       714      1452
       734       714
      1421       714
       714      1473
       739       714
       715      1508
       737       715
       715      1519
       773       715
       715      1536
       716       742
      1008       716
       716       738
       997       716
       717      1000
       994       717
       717       829
       745       717
       804       717
       717       832
       718       801
       807       718
       746       718
       718      1450
       718      1440
       828       718
       719       739
       719       761
       777       719
      1423       719
       719      1422
       776       719
       821       720
       820       720
      1414       720
       720      1410
       720       747
       720       786
       721      1464
       721       796
       721      1443
       795       721
       721       766
       770       721
       784       722
       744       722
       722       762
      1425       722
       722      1424
       722       776
       769       723
      1457       723
       723      1455
       759       723
       723       740
       723       741
       801       724
      1458       724
       793       724
       724       783
       724       769
       724      1463
       829       725
      1000       725
      1004       725
       725       763
       725       815
       725       788
      1003       726
       726       748
       726       814
       726       771
       727      1005
       789       727
       727       765
       728       787
       814       728
       728       764
       728       811
       729       826
       822       729
       820       729
       729       786
       729       802
       794       730
       785       730
       730       795
       730       761
       777       730
       782       731
       731       774
       731       765
       789       731
       790       731
       732       823
       830       732
       732       798
       808       732
       732       779
       733       828
       831       733
       775       733
       770       733
       733       766
       734       796
       739       734
       761       734
       735      1432
       735       760
       743       735
       735      1416
       791       736
       736       744
       792       736
       736       784
       740       737
       773       737
       774       737
       741       737
       767       738
       738       742
       738       743
       738       768
       739      1421
       761       739
      1422       739
       740      1453
      1455       740
       741       740
       759       741
       774       741
      1412       742
       742       743
       743       760
       768       743
      1426       744
       744       784
       744      1425
       745       994
       745       804
       995       745
       787       745
       745       805
       746       807
       746       828
       831       746
       817       746
      1410       747
       786       747
       747       810
       747      1436
       747       778
       767       748
       748       771
       748       768
       748       772
       749       791
       810       749
       749       800
       749       792
       809       749
       805       750
       812       750
       804       750
       750       827
       750       825
       750       824
       751       815
       829       751
       751       818
       751       816
       827       751
       832       751
       800       752
       792       752
       784       752
       752       794
       752       785
       752       799
       781       753
       780       753
       753       821
       803       753
       753       820
       753       822
       754       803
       754       781
       772       754
       754       813
       811       754
       771       754
       755       826
       822       755
       803       755
       813       755
       755       825
       812       755
       756       823
       830       756
       756       819
       826       756
       824       756
       825       756
       819       757
       817       757
       757       806
       757       807
       757       816
       818       757
       797       758
       758       790
       806       758
       793       758
       758       783
       758       782
       769       759
       759       774
       782       759
       783       759
       760       780
       768       760
       760       781
       772       760
       777       761
       761       795
       761       796
       784       762
       762       776
       762       785
       762       777
       815       763
       763       788
       797       763
       763       790
       763       789
       787       764
       811       764
       764       805
       764       812
       764       813
       765       773
       789       765
       765       774
       766      1443
       770       766
       828       766
       766      1450
      1001       767
      1006       767
       767       768
       768       772
       769      1457
      1463       769
       783       769
       770       795
       775       770
       794       770
       814       771
       771       772
       771       811
       772       781
       773      1519
       774       773
       782       774
       775       831
       775       794
       798       775
       799       775
       776      1423
       776       777
      1424       776
       785       777
       778       810
       786       778
       778       809
       802       778
       778       808
       808       779
       779       798
       779       800
       809       779
       779       799
      1432       780
       781       780
       780       821
       780      1415
       781       803
       790       782
       783       782
       793       783
       792       784
       784       785
       785       794
       820       786
       786       802
      1002       787
       787       805
       995       787
       788       998
       788       789
      1004       788
       790       789
       797       790
      1418       791
       791       792
       800       792
       801       793
       806       793
       807       793
       794       795
       799       794
       795       796
       796      1459
       796      1464
       806       797
       815       797
       816       797
       823       798
       798       831
       798       799
       800       799
       809       800
       807       801
       801      1440
       801      1458
       826       802
       802       808
       802       830
       803       822
       813       803
       804       832
       805       804
       804       827
       805       812
       807       806
       816       806
       817       807
       808       830
       808       809
       810       809
      1436       810
       814       811
       811       813
       812       825
       813       812
      1007       814
      1003       814
       829       815
       815       816
       818       816
       831       817
       819       817
       823       817
       827       818
       818       819
       824       818
       823       819
       824       819
       821       820
       820       822
       821      1414
      1415       821
       822       826
       830       823
       823       831
       825       824
       827       824
       826       825
       826       830
       827       832
       828      1450
       831       828
      1000       829
       832       829
       833       864
      1537       833
      1599       833
      1521       833
      1600       833
       833       988
      1512       834
      1005       834
       848       834
       834      1498
       834      1497
       834       878
       835      1488
       835       965
       835       893
       865       835
      1489       835
      1490       835
       836      1531
       836      1529
       985       836
       878       836
       883       836
      1505       837
       837      1506
      1509       837
       837       944
       837       866
       837       911
      1537       838
       838       892
      1514       838
       838       977
       838       978
      1528       839
      1541       839
      1527       839
       839       907
       839       926
       839       927
       840      1419
       840      1008
       936       840
       867       840
       840      1429
       894       840
       921       841
       841      1511
       841      1520
      1524       841
       922       841
       891       841
      1533       842
       842       881
       842       882
       842       849
      1517       842
      1530       842
      1503       843
       843       970
      1504       843
      1535       843
       843       880
       843       868
       844       977
       844       879
      1514       844
      1495       844
      1513       844
       844       850
       845      1503
       845       970
       845       910
      1496       845
      1499       845
       885       845
      1541       846
       846       907
       846       915
      1476       846
       846       851
       869       847
       916       847
       847      1430
       847       930
       847      1435
      1005       848
       848       878
       999       848
       848       883
       884       848
      1517       849
       849       882
      1518       849
       849      1527
       849       926
      1495       850
       850       879
      1494       850
       850      1496
       850       885
      1476       851
       851       915
       851       914
       851      1485
       852       984
       852       987
       982       852
       958       852
       853      1433
       853       894
       853      1431
       909       853
       929       853
       930       853
       854       996
       854       951
       948       854
       902       854
       854       947
       855       912
      1601       855
      1600       855
       855       988
       855       956
       855       888
       856       942
       856      1001
       941       856
       937       856
       856      1006
       889       856
       960       857
       961       857
       951       857
       857      1002
       857       890
       857       995
      1488       858
       858      1540
       965       858
       858      1524
       858       891
       963       858
       954       858
       859      1007
       859      1003
       942       859
       947       859
       903       859
       946       859
      1507       860
       860       939
       860       904
       860       940
      1506       860
       944       860
       985       861
       861      1529
       861      1510
       861       921
       986       861
       905       861
       998       862
       862       999
       967       862
       862       884
       952       862
       862       908
       981       863
      1000       863
       863      1004
       863       967
       906       863
       863       966
      1537       864
       988       864
       864       892
       864       989
       864       920
       865       893
      1490       865
      1522       865
       912       865
       865       913
       866       944
       911       866
       866       945
       866       943
       867       936
       867       894
       931       867
       909       867
      1535       868
       868       880
       868      1509
       868       911
       868       886
       869       916
       869      1420
       895       869
       914       869
       972       870
       973       870
       870       975
       870       959
       976       870
       987       871
       984       871
       953       871
       871       918
       871       986
       872       932
       872       939
       881       872
       882       872
       872       887
       873       973
       873       972
       873       925
       928       873
       919       873
       959       874
       975       874
       874       979
       874       992
       874       974
       875       934
       924       875
       875       929
       875       916
       917       875
       968       876
       876       923
       950       876
       949       876
       876       948
       877       924
       927       877
       907       877
       877       917
       915       877
       878      1497
       878      1531
       883       878
       977       879
       879       885
       879       919
       879       928
       970       880
       880       886
       880       950
      1533       881
       881       882
       881       939
      1507       881
       882       926
       882       887
       883       985
       884       883
       918       883
       999       884
       908       884
       918       884
      1496       885
       885       910
       885       919
       911       886
       950       886
       886       945
       886       949
       887       932
       926       887
       887       933
       887       927
       912       888
       888       956
       888       913
       888       957
       937       889
       889      1006
       935       889
       936       889
       889       997
       960       890
       890       995
       890       994
       890       981
       980       890
       922       891
       891      1524
       954       891
      1537       892
       892       978
       892       920
       893       965
       913       893
       893       964
       893       963
       894      1429
       894      1433
       909       894
       895       916
       914       895
       917       895
       915       895
       896       983
       991       896
       993       896
       896       958
       896       992
       896       990
       897       962
       957       897
       897       991
       897       983
       989       897
       956       897
       898       984
       898       953
       898       952
       971       898
       990       898
       966       898
       982       899
       962       899
       964       899
       899       963
       899       955
       899       954
       933       900
       900       934
       900       931
       900       935
       938       900
       932       900
       969       901
       901       961
       901       960
       973       901
       901       974
       975       901
       948       902
       902       947
       902       946
       945       902
       949       902
       903       942
       946       903
       903       941
       940       903
       943       903
       939       904
       940       904
       904       937
       904       938
       904       941
       986       905
       905       921
       987       905
       955       905
       905       922
       906       981
       906       966
       980       906
       971       906
       979       906
      1541       907
       907       927
       907       915
       952       908
       908       918
       953       908
       929       909
       909       931
       934       909
       910       970
       919       910
       910       968
       910       925
      1509       911
       911       945
      1601       912
      1522       912
       912       913
       913       957
       913       964
       915       914
       914      1484
       915       917
       916       930
       916       929
       917       916
       924       917
       953       918
       918       986
       918       985
       919       925
       919       928
       989       920
       978       920
       920       976
       920       993
       920       991
       921      1511
       922       921
       921      1510
       954       922
       955       922
       968       923
       923       948
       969       923
       923       951
       923       961
       924       934
       927       924
       933       924
       925       973
       925       968
       925       969
      1527       926
       926       927
       927       933
       928       972
       977       928
       928       978
       929       930
       934       929
       930      1430
       930      1431
       931       936
       934       931
       931       935
       939       932
       932       933
       932       938
       933       934
       935       936
       937       935
       938       935
       936      1008
       936       997
       941       937
       938       937
       939       938
      1507       939
       944       940
       940       941
       943       940
       941       942
       942      1001
       942      1003
       945       943
       944       943
       943       946
      1506       944
       949       945
       945       946
       946       947
       947       996
       947      1007
       948       951
       949       948
       950       949
       950       968
       970       950
       951       996
       961       951
       951      1002
       967       952
       952       953
       966       952
       984       953
       963       954
       955       954
       982       955
       987       955
       988       956
       956       957
       956       989
       957       962
       957       964
       958       982
       958       984
       983       958
       958       990
       975       959
       976       959
       959       992
       959       993
       961       960
       960       980
       974       960
       969       961
       983       962
       962       982
       964       962
       965       963
       964       963
       965      1488
       966       967
       971       966
       967       998
      1004       967
       970       968
       968       969
       973       969
      1503       970
       990       971
       979       971
       992       971
       972       973
       972       976
       978       972
       973       975
       974       979
       975       974
       974       980
       978       976
       976       993
       977       978
      1514       977
       992       979
       979       980
       980       981
       981      1000
       994       981
       982       987
       983       982
       991       983
       984       987
       990       984
       985      1529
       986       985
       987       986
      1600       988
       988       989
       989       991
       992       990
       991       993
       993       992
       994      1000
       995       994
      1002       995
       996      1007
       996      1002
       997      1006
       997      1008
       998       999
      1004       998
       999      1005
      1000      1004
      1001      1003
      1006      1001
      1003      1007
      1005      1512
      1008      1419
      1009      1406
      1009      1396
      1009      1416
      1045      1009
      1019      1009
      1413      1009
      1474      1010
      1010      1437
      1010      1395
      1020      1010
      1043      1010
      1010      1394
      1456      1011
      1011      1448
      1093      1011
      1011      1027
      1048      1011
      1086      1012
      1012      1157
      1012      1409
      1419      1012
      1028      1012
      1560      1013
      1013      1061
      1013      1041
      1559      1013
      1021      1013
      1014      1129
      1433      1014
      1431      1014
      1014      1050
      1029      1014
      1015      1411
      1412      1015
      1015      1083
      1022      1015
      1042      1015
      1016      1163
      1565      1016
      1564      1016
      1016      1106
      1030      1016
      1017      1018
      1017      1023
      1420      1017
      1483      1017
      1018      1039
      1551      1018
      1018      1549
      1413      1019
      1019      1045
      1411      1019
      1083      1019
      1040      1019
      1020      1043
      1020      1474
      1136      1020
      1047      1020
      1445      1020
      1559      1021
      1021      1041
      1565      1021
      1021      1046
      1022      1412
      1022      1042
      1409      1022
      1157      1022
      1023      1039
      1435      1023
      1023      1058
      1047      1024
      1060      1024
      1024      1043
      1024      1393
      1024      1402
      1115      1024
      1061      1025
      1447      1025
      1025      1093
      1025      1092
      1025      1449
      1064      1025
      1059      1026
      1045      1026
      1026      1407
      1026      1406
      1026      1091
      1027      1448
      1048      1027
      1027      1445
      1027      1136
      1062      1027
      1028      1419
      1028      1086
      1429      1028
      1129      1028
      1028      1049
      1431      1029
      1029      1050
      1430      1029
      1029      1094
      1030      1106
      1564      1030
      1542      1030
      1051      1030
      1167      1031
      1084      1031
      1031      1088
      1031      1165
      1031      1134
      1135      1032
      1032      1139
      1134      1032
      1032      1138
      1101      1032
      1033      1183
      1033      1068
      1151      1033
      1547      1033
      1034      1067
      1034      1107
      1183      1034
      1545      1034
      1035      1111
      1035      1404
      1091      1035
      1069      1035
      1036      1131
      1036      1397
      1111      1036
      1070      1036
      1037      1168
      1037      1399
      1131      1037
      1071      1037
      1038      1053
      1038      1408
      1168      1038
      1100      1038
      1039      1548
      1039      1044
      1083      1040
      1040      1045
      1063      1040
      1040      1059
      1061      1041
      1046      1041
      1041      1084
      1041      1064
      1042      1083
      1157      1042
      1153      1042
      1042      1087
      1043      1394
      1047      1043
      1043      1393
      1058      1044
      1044      1151
      1044      1065
      1045      1406
      1059      1045
      1565      1046
      1046      1084
      1046      1166
      1163      1046
      1136      1047
      1047      1060
      1140      1047
      1085      1047
      1093      1048
      1048      1062
      1092      1048
      1135      1048
      1049      1086
      1129      1049
      1049      1089
      1126      1049
      1050      1129
      1050      1066
      1050      1126
      1051      1105
      1543      1051
      1067      1051
      1052      1099
      1137      1052
      1052      1085
      1052      1140
      1139      1052
      1138      1052
      1053      1401
      1116      1053
      1053      1115
      1089      1054
      1086      1054
      1054      1153
      1054      1157
      1054      1123
      1055      1144
      1055      1166
      1106      1055
      1163      1055
      1097      1055
      1056      1164
      1056      1165
      1144      1056
      1167      1056
      1098      1056
      1057      1137
      1057      1138
      1164      1057
      1101      1057
      1174      1057
      1434      1058
      1058      1095
      1059      1090
      1063      1059
      1060      1115
      1085      1060
      1114      1060
      1560      1061
      1061      1447
      1061      1064
      1566      1061
      1062      1136
      1135      1062
      1139      1062
      1062      1140
      1083      1063
      1063      1103
      1087      1063
      1064      1092
      1084      1064
      1064      1088
      1065      1150
      1095      1065
      1065      1112
      1094      1066
      1066      1128
      1066      1113
      1067      1109
      1544      1067
      1068      1182
      1150      1068
      1068      1118
      1069      1110
      1090      1069
      1102      1069
      1070      1130
      1110      1070
      1119      1070
      1071      1169
      1130      1071
      1096      1071
      1072      1108
      1072      1143
      1181      1072
      1107      1072
      1073      1148
      1073      1141
      1122      1073
      1112      1073
      1074      1180
      1074      1158
      1148      1074
      1118      1074
      1075      1133
      1075      1177
      1179      1075
      1143      1075
      1076      1142
      1076      1155
      1123      1076
      1125      1076
      1077      1162
      1077      1152
      1142      1077
      1147      1077
      1078      1124
      1078      1159
      1161      1078
      1178      1078
      1079      1174
      1079      1172
      1124      1079
      1176      1079
      1080      1121
      1080      1102
      1104      1080
      1155      1080
      1081      1160
      1081      1119
      1121      1081
      1152      1081
      1082      1117
      1082      1100
      1170      1082
      1172      1082
      1083      1411
      1087      1083
      1084      1167
      1084      1088
      1166      1084
      1140      1085
      1099      1085
      1085      1114
      1086      1157
      1089      1086
      1153      1087
      1087      1104
      1088      1134
      1088      1092
      1088      1135
      1126      1089
      1089      1127
      1090      1091
      1103      1090
      1091      1403
      1092      1093
      1092      1135
      1093      1456
      1449      1093
      1434      1094
      1094      1095
      1095      1113
      1096      1170
      1132      1096
      1159      1096
      1097      1145
      1105      1097
      1108      1097
      1098      1175
      1145      1098
      1133      1098
      1137      1099
      1099      1114
      1117      1099
      1100      1116
      1169      1100
      1101      1138
      1134      1101
      1164      1101
      1165      1101
      1102      1120
      1103      1102
      1104      1103
      1156      1104
      1105      1106
      1109      1105
      1106      1163
      1107      1109
      1182      1107
      1108      1146
      1109      1108
      1110      1111
      1120      1110
      1111      1405
      1112      1149
      1113      1112
      1113      1122
      1114      1115
      1116      1114
      1115      1402
      1117      1116
      1171      1117
      1118      1181
      1149      1118
      1119      1132
      1120      1119
      1121      1120
      1154      1121
      1128      1122
      1122      1125
      1123      1156
      1127      1123
      1124      1173
      1177      1124
      1125      1141
      1127      1125
      1129      1126
      1126      1128
      1128      1127
      1433      1129
      1429      1129
      1130      1131
      1132      1130
      1131      1398
      1160      1132
      1133      1176
      1146      1133
      1165      1134
      1134      1135
      1135      1139
      1136      1445
      1140      1136
      1138      1137
      1171      1137
      1138      1139
      1139      1140
      1141      1147
      1141      1142
      1142      1154
      1143      1146
      1180      1143
      1166      1144
      1145      1144
      1144      1167
      1146      1145
      1148      1147
      1147      1158
      1149      1148
      1150      1149
      1151      1150
      1548      1151
      1152      1161
      1154      1152
      1157      1153
      1153      1156
      1155      1154
      1156      1155
      1409      1157
      1158      1179
      1158      1162
      1159      1173
      1160      1159
      1161      1160
      1162      1161
      1162      1178
      1565      1163
      1163      1166
      1165      1164
      1175      1164
      1167      1165
      1166      1167
      1168      1400
      1169      1168
      1170      1169
      1173      1170
      1174      1171
      1172      1171
      1173      1172
      1175      1174
      1176      1175
      1177      1176
      1178      1177
      1179      1178
      1180      1179
      1181      1180
      1182      1181
      1183      1182
      1546      1183
      1437      1184
      1184      1454
      1395      1184
      1184      1212
      1184      1190
      1185      1418
      1185      1417
      1209      1185
      1185      1388
      1195      1185
      1186      1392
      1186      1380
      1186      1389
      1208      1186
      1233      1186
      1196      1186
      1246      1187
      1187      1209
      1187      1417
      1187      1436
      1249      1187
      1188      1197
      1406      1188
      1188      1214
      1407      1188
      1188      1230
      1197      1189
      1189      1210
      1396      1189
      1432      1189
      1189      1222
      1189      1415
      1212      1190
      1454      1190
      1190      1442
      1190      1194
      1393      1191
      1394      1191
      1191      1257
      1191      1259
      1191      1239
      1216      1191
      1192      1249
      1192      1410
      1414      1192
      1192      1211
      1222      1192
      1221      1192
      1193      1391
      1193      1380
      1244      1193
      1233      1193
      1217      1193
      1194      1442
      1212      1194
      1194      1390
      1194      1208
      1213      1194
      1209      1195
      1195      1388
      1215      1195
      1195      1232
      1196      1233
      1196      1208
      1213      1196
      1220      1196
      1406      1197
      1197      1214
      1197      1210
      1396      1197
      1198      1212
      1198      1213
      1257      1198
      1259      1198
      1198      1260
      1199      1250
      1199      1242
      1230      1199
      1403      1199
      1200      1265
      1200      1223
      1250      1200
      1405      1200
      1201      1274
      1201      1224
      1265      1201
      1398      1201
      1202      1271
      1202      1225
      1274      1202
      1400      1202
      1203      1216
      1203      1245
      1271      1203
      1401      1203
      1204      1255
      1204      1383
      1232      1204
      1226      1204
      1205      1237
      1205      1382
      1255      1205
      1227      1205
      1206      1275
      1206      1386
      1237      1206
      1228      1206
      1207      1217
      1207      1385
      1275      1207
      1266      1207
      1208      1389
      1213      1208
      1208      1390
      1209      1417
      1246      1209
      1215      1209
      1210      1222
      1214      1210
      1210      1221
      1210      1243
      1211      1249
      1221      1211
      1211      1246
      1240      1211
      1395      1212
      1212      1213
      1257      1212
      1213      1220
      1260      1213
      1230      1214
      1214      1243
      1214      1241
      1215      1231
      1246      1215
      1247      1215
      1216      1239
      1393      1216
      1402      1216
      1217      1384
      1267      1217
      1218      1247
      1218      1240
      1241      1218
      1243      1218
      1218      1238
      1219      1258
      1219      1260
      1239      1219
      1259      1219
      1269      1219
      1220      1233
      1260      1220
      1220      1244
      1258      1220
      1222      1221
      1243      1221
      1221      1240
      1415      1222
      1222      1414
      1223      1264
      1253      1223
      1223      1234
      1224      1280
      1264      1224
      1224      1235
      1225      1273
      1280      1225
      1225      1278
      1226      1254
      1231      1226
      1251      1226
      1227      1236
      1254      1227
      1262      1227
      1228      1276
      1236      1228
      1270      1228
      1229      1268
      1229      1266
      1277      1229
      1272      1229
      1407      1230
      1230      1241
      1231      1232
      1248      1231
      1232      1379
      1233      1380
      1244      1233
      1234      1263
      1252      1234
      1234      1256
      1235      1279
      1263      1235
      1235      1261
      1236      1237
      1261      1236
      1237      1387
      1238      1248
      1242      1238
      1238      1252
      1239      1259
      1245      1239
      1240      1246
      1240      1247
      1243      1240
      1241      1242
      1241      1243
      1242      1253
      1267      1244
      1258      1244
      1273      1245
      1245      1269
      1246      1249
      1247      1246
      1247      1248
      1248      1251
      1249      1436
      1410      1249
      1250      1253
      1404      1250
      1251      1256
      1252      1251
      1253      1252
      1254      1255
      1256      1254
      1255      1381
      1256      1262
      1394      1257
      1257      1259
      1395      1257
      1260      1258
      1268      1258
      1259      1260
      1262      1261
      1261      1270
      1263      1262
      1264      1263
      1265      1264
      1397      1265
      1266      1267
      1276      1266
      1268      1267
      1269      1268
      1272      1269
      1270      1277
      1279      1270
      1271      1273
      1408      1271
      1273      1272
      1278      1272
      1274      1280
      1399      1274
      1275      1378
      1276      1275
      1277      1276
      1278      1277
      1279      1278
      1280      1279
      1380      1281
      1281      1392
      1391      1281
      1281      1327
      1281      1292
      1282      1289
      1389      1282
      1390      1282
      1438      1282
      1282      1460
      1282      1287
      1283      1441
      1283      1347
      1283      1439
      1307      1283
      1311      1283
      1441      1284
      1284      1465
      1347      1284
      1284      1293
      1306      1284
      1285      1308
      1285      1294
      1428      1285
      1379      1285
      1286      1295
      1286      1470
      1421      1286
      1309      1286
      1460      1287
      1289      1287
      1287      1444
      1287      1290
      1451      1288
      1288      1446
      1288      1335
      1367      1288
      1288      1307
      1368      1288
      1389      1289
      1289      1290
      1392      1289
      1289      1291
      1290      1444
      1291      1290
      1290      1451
      1290      1368
      1392      1291
      1291      1368
      1327      1291
      1291      1304
      1292      1327
      1391      1292
      1292      1328
      1305      1292
      1293      1465
      1306      1293
      1293      1475
      1315      1293
      1294      1312
      1427      1294
      1294      1353
      1295      1471
      1313      1295
      1295      1342
      1296      1329
      1296      1325
      1308      1296
      1381      1296
      1297      1369
      1297      1316
      1329      1297
      1387      1297
      1298      1333
      1298      1317
      1369      1298
      1378      1298
      1299      1318
      1299      1331
      1425      1299
      1353      1299
      1300      1326
      1300      1309
      1423      1300
      1331      1300
      1301      1355
      1301      1467
      1342      1301
      1319      1301
      1302      1370
      1302      1469
      1355      1302
      1320      1302
      1303      1315
      1303      1461
      1370      1303
      1338      1303
      1327      1304
      1304      1368
      1304      1365
      1328      1304
      1304      1367
      1305      1314
      1384      1305
      1333      1305
      1347      1306
      1339      1306
      1348      1306
      1307      1439
      1307      1311
      1335      1307
      1446      1307
      1308      1312
      1383      1308
      1309      1313
      1422      1309
      1365      1310
      1367      1310
      1310      1340
      1310      1335
      1359      1310
      1311      1347
      1335      1311
      1311      1348
      1340      1311
      1312      1352
      1312      1325
      1313      1341
      1326      1313
      1314      1328
      1334      1314
      1314      1366
      1315      1462
      1339      1315
      1316      1377
      1330      1316
      1316      1363
      1317      1334
      1377      1317
      1317      1375
      1318      1332
      1352      1318
      1318      1344
      1319      1354
      1341      1319
      1336      1319
      1320      1371
      1354      1320
      1337      1320
      1321      1362
      1321      1345
      1344      1321
      1350      1321
      1322      1374
      1322      1360
      1362      1322
      1376      1322
      1323      1359
      1323      1357
      1374      1323
      1364      1323
      1324      1349
      1324      1338
      1372      1324
      1357      1324
      1325      1330
      1325      1351
      1332      1326
      1326      1343
      1392      1327
      1327      1328
      1328      1365
      1329      1330
      1382      1329
      1330      1350
      1331      1332
      1424      1331
      1332      1346
      1333      1334
      1385      1333
      1334      1364
      1367      1335
      1335      1340
      1336      1356
      1343      1336
      1345      1336
      1337      1372
      1356      1337
      1360      1337
      1338      1339
      1371      1338
      1349      1339
      1358      1340
      1340      1348
      1341      1342
      1343      1341
      1342      1466
      1346      1343
      1344      1346
      1351      1344
      1345      1361
      1346      1345
      1347      1441
      1348      1347
      1349      1348
      1358      1349
      1350      1363
      1351      1350
      1352      1351
      1353      1352
      1426      1353
      1354      1355
      1356      1354
      1355      1468
      1361      1356
      1357      1358
      1373      1357
      1359      1358
      1366      1359
      1360      1373
      1361      1360
      1362      1361
      1363      1362
      1363      1376
      1364      1366
      1375      1364
      1365      1367
      1366      1365
      1368      1367
      1368      1451
      1369      1377
      1386      1369
      1370      1472
      1371      1370
      1372      1371
      1373      1372
      1374      1373
      1375      1374
      1376      1375
      1377      1376
      1386      1378
      1378      1385
      1388      1379
      1379      1383
      1380      1392
      1380      1391
      1383      1381
      1381      1382
      1382      1387
      1384      1391
      1385      1384
      1387      1386
      1388      1418
      1388      1428
      1389      1392
      1390      1389
      1442      1390
      1390      1438
      1402      1393
      1393      1394
      1394      1395
      1437      1395
      1406      1396
      1416      1396
      1396      1432
      1397      1398
      1405      1397
      1398      1399
      1399      1400
      1400      1408
      1408      1401
      1401      1402
      1407      1403
      1403      1404
      1404      1405
      1406      1407
      1419      1409
      1409      1412
      1414      1410
      1410      1436
      1412      1411
      1411      1413
      1413      1416
      1415      1414
      1432      1415
      1416      1432
      1417      1418
      1436      1417
      1418      1428
      1429      1419
      1420      1435
      1484      1420
      1421      1473
      1422      1421
      1423      1422
      1424      1423
      1425      1424
      1426      1425
      1427      1426
      1428      1427
      1433      1429
      1430      1434
      1430      1431
      1431      1433
      1435      1434
      1437      1454
      1474      1437
      1438      1460
      1442      1438
      1439      1441
      1446      1439
      1450      1440
      1440      1458
      1441      1465
      1454      1442
      1443      1450
      1464      1443
      1444      1451
      1460      1444
      1445      1474
      1448      1445
      1451      1446
      1566      1447
      1447      1449
      1456      1448
      1449      1456
      1452      1459
      1473      1452
      1453      1500
      1455      1453
      1457      1455
      1463      1457
      1458      1463
      1464      1459
      1472      1461
      1461      1462
      1462      1475
      1465      1475
      1466      1467
      1471      1466
      1467      1468
      1468      1469
      1469      1472
      1470      1471
      1473      1470
      1541      1476
      1476      1486
      1477      1487
      1477      1482
      1479      1478
      1480      1479
      1481      1480
      1482      1481
      1483      1551
      1484      1483
      1485      1484
      1486      1485
      1532      1487
      1489      1488
      1488      1540
      1490      1489
      1522      1490
      1491      1492
      1492      1493
      1493      1534
      1494      1496
      1495      1494
      1513      1495
      1496      1499
      1498      1497
      1497      1531
      1512      1498
      1499      1503
      1500      1501
      1500      1508
      1501      1502
      1539      1502
      1503      1504
      1504      1535
      1505      1506
      1509      1505
      1506      1507
      1533      1507
      1508      1536
      1535      1509
      1529      1510
      1510      1511
      1511      1520
      1519      1512
      1513      1514
      1537      1514
      1515      1516
      1523      1515
      1539      1516
      1530      1517
      1517      1518
      1518      1527
      1519      1536
      1524      1520
      1521      1537
      1532      1523
      1540      1524
      1538      1525
      1525      1526
      1527      1528
      1528      1541
      1529      1531
      1530      1533
      1534      1538
      1478      1576
      1603      1491
      1599      1521
      1601      1522
      1526      1592
      1542      1564
      1543      1542
      1544      1543
      1545      1544
      1546      1545
      1547      1546
      1548      1547
      1549      1548
      1550      1549
      1551      1550
      1552      1561
      1553      1552
      1554      1553
      1562      1554
      1555      1556
      1555      1568
      1556      1557
      1557      1563
      1558      1562
      1558      1604
      1559      1560
      1559      1565
      1560      1566
      1561      1567
      1563      1566
      1564      1565
      1567      1569
      1569      1568
      1570      1582
      1571      1570
      1572      1571
      1573      1572
      1574      1573
      1575      1574
      1576      1575
      1577      1578
      1596      1577
      1578      1579
      1579      1592
      1580      1597
      1580      1581
      1583      1581
      1582      1598
      1595      1583
      1584      1585
      1593      1584
      1585      1586
      1591      1586
      1587      1595
      1588      1587
      1589      1588
      1589      1590
      1598      1590
      1591      1596
      1594      1593
      1594      1597
      1599      1600
      1601      1600
      1602      1603
      1606      1602
      1604      1605
      1605      1608
      1607      1606
      1608      1607
