         1
         6
        12
        18
        24
        29
        34
        39
        44
        50
        56
        62
        68
        74
        80
        86
        92
        98
       102
       108
       114
       120
       126
       132
       138
       144
       151
       157
       163
       169
       174
       179
       184
       189
       194
       199
       204
       209
       214
       219
       225
       231
       237
       243
       248
       254
       259
       265
       271
       277
       283
       289
       295
       301
       307
       313
       319
       325
       331
       337
       343
       349
       355
       361
       367
       373
       379
       385
       391
       397
       403
       409
       415
       420
       426
       432
       438
       444
       450
       456
       462
       468
       474
       481
       488
       494
       500
       506
       512
       519
       526
       533
       540
       546
       552
       558
       564
       570
       576
       582
       588
       594
       600
       606
       612
       618
       625
       631
       637
       643
       649
       655
       661
       667
       673
       679
       686
       692
       698
       704
       710
       716
       722
       729
       735
       741
       748
       755
       762
       768
       774
       780
       786
       792
       798
       804
       810
       816
       822
       828
       834
       840
       846
       852
       858
       866
       872
       878
       884
       891
       897
       904
       910
       917
       923
       929
       935
       942
       948
       954
       960
       964
       970
       976
       982
       987
       992
       998
      1004
      1009
      1014
      1020
      1026
      1032
      1038
      1044
      1050
      1056
      1061
      1067
      1073
      1079
      1085
      1091
      1098
      1104
      1110
      1116
      1122
      1127
      1133
      1138
      1143
      1148
      1153
      1158
      1163
      1168
      1173
      1178
      1183
      1188
      1193
      1198
      1204
      1210
      1216
      1222
      1229
      1235
      1241
      1247
      1252
      1258
      1264
      1270
      1277
      1283
      1289
      1295
      1301
      1307
      1313
      1319
      1325
      1331
      1337
      1343
      1349
      1355
      1361
      1367
      1373
      1379
      1384
      1390
      1396
      1403
      1409
      1415
      1421
      1427
      1434
      1440
      1447
      1453
      1459
      1465
      1472
      1478
      1484
      1490
      1496
      1502
      1508
      1514
      1520
      1527
      1533
      1539
      1545
      1551
      1557
      1563
      1570
      1576
      1582
      1588
      1594
      1600
      1606
      1612
      1618
      1624
      1631
      1637
      1643
      1649
      1655
      1662
      1668
      1674
      1680
      1686
      1692
      1698
      1704
      1711
      1717
      1723
      1729
      1735
      1741
      1747
      1753
      1759
      1765
      1772
      1778
      1784
      1790
      1796
      1803
      1809
      1815
      1821
      1827
      1834
      1840
      1846
      1852
      1859
      1866
      1872
      1878
      1884
      1890
      1896
      1903
      1910
      1917
      1923
      1929
      1935
      1941
      1947
      1953
      1959
      1965
      1971
      1977
      1983
      1989
      1996
      2001
      2006
      2011
      2016
      2021
      2026
      2031
      2037
      2043
      2049
      2055
      2059
      2063
      2069
      2075
      2081
      2087
      2093
      2099
      2105
      2111
      2115
      2121
      2125
      2129
      2134
      2139
      2144
      2149
      2154
      2159
      2165
      2171
      2176
      2182
      2187
      2193
      2199
      2205
      2211
      2217
      2223
      2229
      2235
      2241
      2247
      2253
      2259
      2265
      2271
      2277
      2283
      2289
      2295
      2301
      2307
      2313
      2319
      2325
      2331
      2337
      2343
      2350
      2356
      2361
      2368
      2375
      2381
      2385
      2392
      2399
      2405
      2411
      2417
      2423
      2429
      2435
      2440
      2447
      2453
      2459
      2465
      2471
      2477
      2483
      2489
      2495
      2501
      2506
      2512
      2519
      2525
      2531
      2537
      2543
      2549
      2556
      2563
      2569
      2575
      2581
      2587
      2593
      2599
      2605
      2611
      2618
      2624
      2630
      2635
      2641
      2647
      2653
      2659
      2665
      2672
      2679
      2685
      2691
      2697
      2703
      2709
      2715
      2721
      2727
      2734
      2740
      2746
      2752
      2758
      2764
      2770
      2776
      2782
      2788
      2795
      2801
      2807
      2813
      2819
      2826
      2832
      2838
      2844
      2850
      2854
      2858
      2863
      2868
      2874
      2880
      2886
      2892
      2896
      2900
      2906
      2912
      2918
      2924
      2930
      2936
      2942
      2948
      2954
      2958
      2962
      2968
      2974
      2979
      2984
      2989
      2994
      2999
      3004
      3009
      3014
      3020
      3026
      3031
      3038
      3042
      3048
      3053
      3059
      3065
      3071
      3077
      3083
      3089
      3095
      3101
      3107
      3113
      3119
      3125
      3131
      3137
      3143
      3149
      3155
      3162
      3166
      3173
      3179
      3185
      3190
      3196
      3200
      3205
      3211
      3217
      3223
      3229
      3235
      3242
      3248
      3254
      3260
      3266
      3272
      3278
      3284
      3291
      3296
      3302
      3308
      3314
      3320
      3326
      3332
      3338
      3344
      3350
      3356
      3362
      3368
      3374
      3380
      3386
      3390
      3396
      3402
      3408
      3414
      3420
      3426
      3433
      3439
      3445
      3452
      3457
      3463
      3469
      3475
      3481
      3488
      3494
      3500
      3506
      3512
      3518
      3524
      3530
      3537
      3543
      3549
      3555
      3561
      3567
      3573
      3579
      3585
      3591
      3597
      3603
      3610
      3617
      3623
      3629
      3635
      3641
      3648
      3654
      3661
      3667
      3673
      3679
      3685
      3691
      3697
      3703
      3709
      3715
      3721
      3727
      3733
      3739
      3745
      3751
      3757
      3764
      3770
      3774
      3780
      3786
      3792
      3799
      3805
      3810
      3816
      3822
      3828
      3834
      3840
      3847
      3853
      3858
      3862
      3868
      3874
      3880
      3886
      3892
      3898
      3904
      3910
      3914
      3920
      3924
      3930
      3936
      3942
      3948
      3954
      3960
      3964
      3968
      3972
      3978
      3984
      3990
      3995
      4000
      4005
      4010
      4015
      4020
      4025
      4030
      4035
      4041
      4045
      4051
      4057
      4063
      4069
      4076
      4082
      4088
      4092
      4098
      4104
      4110
      4116
      4122
      4128
      4134
      4140
      4146
      4152
      4158
      4164
      4170
      4176
      4182
      4188
      4194
      4200
      4204
      4210
      4215
      4221
      4227
      4233
      4239
      4245
      4251
      4257
      4263
      4269
      4275
      4281
      4287
      4293
      4299
      4305
      4311
      4317
      4323
      4329
      4335
      4341
      4347
      4353
      4359
      4363
      4369
      4375
      4382
      4389
      4395
      4401
      4407
      4412
      4419
      4425
      4431
      4438
      4445
      4451
      4457
      4463
      4469
      4475
      4481
      4487
      4493
      4499
      4505
      4511
      4517
      4523
      4529
      4535
      4541
      4547
      4553
      4559
      4565
      4571
      4577
      4583
      4589
      4596
      4602
      4608
      4614
      4620
      4624
      4630
      4636
      4642
      4648
      4655
      4662
      4669
      4675
      4681
      4687
      4693
      4699
      4705
      4712
      4718
      4724
      4730
      4735
      4740
      4746
      4750
      4755
      4761
      4767
      4772
      4777
      4783
      4789
      4795
      4801
      4807
      4811
      4817
      4823
      4827
      4833
      4837
      4843
      4849
      4853
      4857
      4861
      4865
      4871
      4876
      4881
      4887
      4892
      4897
      4902
      4907
      4912
      4918
      4924
      4930
      4934
      4940
      4946
      4952
      4956
      4962
      4968
      4974
      4980
      4986
      4992
      4998
      5004
      5010
      5016
      5022
      5028
      5034
      5040
      5046
      5052
      5058
      5064
      5070
      5076
      5082
      5088
      5094
      5100
      5106
      5112
      5118
      5122
      5128
      5134
      5140
      5144
      5151
      5157
      5163
      5169
      5175
      5181
      5187
      5193
      5199
      5205
      5211
      5216
      5222
      5228
      5234
      5240
      5246
      5252
      5258
      5264
      5271
      5277
      5283
      5290
      5296
      5303
      5309
      5316
      5322
      5329
      5335
      5342
      5348
      5354
      5360
      5367
      5373
      5379
      5385
      5391
      5395
      5401
      5407
      5413
      5419
      5425
      5431
      5437
      5443
      5449
      5453
      5459
      5465
      5471
      5478
      5484
      5490
      5496
      5502
      5508
      5514
      5520
      5526
      5532
      5538
      5544
      5550
      5557
      5563
      5569
      5576
      5583
      5589
      5595
      5601
      5607
      5614
      5620
      5626
      5631
      5637
      5643
      5650
      5657
      5663
      5669
      5675
      5681
      5687
      5691
      5697
      5702
      5707
      5712
      5717
      5722
      5727
      5733
      5739
      5745
      5751
      5757
      5763
      5769
      5775
      5781
      5787
      5791
      5796
      5800
      5805
      5811
      5817
      5823
      5829
      5835
      5841
      5847
      5853
      5858
      5863
      5868
      5873
      5878
      5883
      5888
      5893
      5898
      5904
      5910
      5916
      5922
      5928
      5934
      5939
      5945
      5951
      5957
      5963
      5969
      5975
      5981
      5987
      5993
      5999
      6005
      6011
      6017
      6023
      6029
      6035
      6041
      6047
      6054
      6060
      6066
      6072
      6078
      6084
      6091
      6097
      6103
      6109
      6115
      6122
      6128
      6133
      6139
      6145
      6151
      6158
      6164
      6170
      6176
      6182
      6188
      6194
      6200
      6206
      6212
      6217
      6223
      6230
      6236
      6242
      6248
      6254
      6260
      6267
      6273
      6279
      6285
      6292
      6298
      6304
      6310
      6316
      6322
      6328
      6334
      6341
      6347
      6354
      6360
      6367
      6374
      6380
      6386
      6392
      6398
      6404
      6411
      6417
      6424
      6430
      6436
      6443
      6449
      6455
      6461
      6468
      6474
      6480
      6486
      6493
      6499
      6506
      6512
      6518
      6525
      6532
      6538
      6544
      6550
      6556
      6563
      6569
      6575
      6582
      6588
      6594
      6600
      6606
      6611
      6616
      6621
      6627
      6632
      6638
      6643
      6649
      6655
      6662
      6668
      6674
      6680
      6686
      6692
      6698
      6705
      6711
      6717
      6723
      6729
      6735
      6741
      6747
      6753
      6758
      6764
      6770
      6775
      6780
      6785
      6790
      6795
      6800
      6805
      6810
      6815
      6820
      6826
      6832
      6837
      6843
      6849
      6854
      6860
      6866
      6872
      6878
      6884
      6891
      6897
      6903
      6909
      6915
      6921
      6927
      6933
      6939
      6945
      6951
      6957
      6963
      6969
      6974
      6980
      6986
      6992
      6998
      7004
      7010
      7016
      7022
      7028
      7034
      7040
      7047
      7052
      7058
      7064
      7070
      7076
      7082
      7088
      7094
      7100
      7106
      7112
      7118
      7124
      7130
      7136
      7142
      7148
      7154
      7160
      7166
      7172
      7178
      7184
      7191
      7198
      7204
      7210
      7216
      7222
      7228
      7234
      7240
      7246
      7252
      7258
      7264
      7271
      7277
      7283
      7289
      7295
      7301
      7308
      7314
      7320
      7327
      7333
      7340
      7345
      7351
      7358
      7364
      7370
      7376
      7382
      7388
      7394
      7400
      7406
      7413
      7420
      7426
      7432
      7438
      7444
      7451
      7457
      7464
      7471
      7477
      7484
      7490
      7497
      7504
      7510
      7517
      7523
      7529
      7536
      7541
      7547
      7553
      7559
      7565
      7572
      7578
      7584
      7590
      7597
      7603
      7609
      7615
      7621
      7627
      7633
      7639
      7645
      7651
      7657
      7663
      7669
      7675
      7680
      7686
      7692
      7698
      7705
      7711
      7717
      7723
      7729
      7736
      7742
      7747
      7754
      7760
      7766
      7772
      7778
      7782
      7788
      7794
      7800
      7806
      7812
      7818
      7824
      7830
      7836
      7839
      7844
      7847
      7852
      7855
      7860
      7864
      7868
      7872
      7876
      7880
      7885
      7888
      7893
      7896
      7900
      7903
      7906
      7910
      7915
      7918
      7922
      7927
      7931
      7935
      7940
      7944
      7947
      7951
      7955
      7959
      7963
      7967
      7972
      7977
      7980
      7984
      7987
      7992
      7995
      8000
      8005
      8008
      8013
      8017
      8022
      8026
      8030
      8033
      8036
      8039
      8044
      8049
      8053
      8058
      8063
      8067
      8073
      8078
      8082
      8086
      8090
      8094
      8098
      8101
      8105
      8109
      8113
      8117
      8120
      8124
      8128
      8132
      8136
      8140
      8145
      8149
      8152
      8157
      8160
      8164
      8167
      8171
      8176
      8178
      8183
      8186
      8189
      8194
      8197
      8200
      8205
      8208
      8213
      8216
      8219
      8225
      8229
      8231
      8236
      8239
      8243
      8247
      8252
      8255
      8258
      8263
      8267
      8271
      8275
      8279
      8283
      8288
      8293
      8298
      8301
      8304
      8309
      8313
      8318
      8322
      8326
      8331
      8336
      8340
      8344
      8348
      8351
      8355
      8358
      8362
      8367
      8370
      8374
      8377
      8381
      8385
      8389
      8393
      8399
      8403
      8407
      8411
      8414
      8418
      8422
      8426
      8429
      8433
      8436
      8441
      8444
      8448
      8453
