         2
         3
         4
         5
       275
      4103
      4104
         1
         3
         4
         5
      2011
      4104
      4117
         1
         2
         4
         5
        14
        36
       264
       275
       276
       277
         1
         2
         3
         5
        35
      1613
      2011
      2012
      2013
         1
         2
         3
         4
        35
        36
        37
        38
        39
         7
         8
         9
        10
        11
        40
      2061
      4049
      4069
      4070
         6
         8
         9
        10
        11
      2064
      4069
      4114
      4126
         6
         7
         9
        10
        11
        40
        41
        42
        43
        44
         6
         7
         8
        10
        11
        71
       190
      4123
      4124
         6
         7
         8
         9
        11
      4124
      4126
         6
         7
         8
         9
        10
        41
        73
       190
       191
        13
        14
        15
       117
       194
       322
       420
       421
       422
        12
        14
        15
       276
       420
      4102
      4103
        12
        13
        15
         3
        36
       264
       275
       276
       277
        12
        13
        14
       118
       266
       277
       283
       322
       323
        17
        18
        19
        20
        80
        81
        82
        83
        84
        16
        18
        19
        20
        80
       124
       297
       298
       299
        16
        17
        19
        20
       333
      3663
      4001
      4075
      4079
        16
        17
        18
        20
       182
       297
       333
       334
       335
        16
        17
        18
        19
        81
      3646
      3999
      4072
      4079
        22
        23
        24
        25
        26
       279
      4093
      4094
        21
        23
        24
        25
        26
      4093
      4095
        21
        22
        24
        25
        26
        46
       192
       461
      4095
      4098
        21
        22
        23
        25
        26
        45
       114
       363
       461
       462
        21
        22
        23
        24
        26
        68
       278
       279
       280
       281
        21
        22
        23
        24
        25
       112
       261
       278
       324
       363
       364
        28
        29
        30
       542
       995
       996
        27
        29
        30
        85
        86
        87
        27
        28
        30
       156
       300
       301
        27
        28
        29
      1958
      2038
      2039
        32
        33
        34
       546
       985
       986
        31
        33
        34
      3801
      4085
      4086
        31
        32
        34
        88
        89
        90
        31
        32
        33
       207
       208
       209
         5
        36
        37
        38
        39
         4
      1613
      2011
      2012
      2013
         5
        35
        37
        38
        39
         3
        14
       264
       275
       276
       277
         5
        35
        36
        38
        39
       185
      1614
      1759
      2012
      2027
         5
        35
        36
        37
        39
       185
       186
       187
       188
       189
         5
        35
        36
        37
        38
       186
       264
       265
       266
         8
        41
        42
        43
        44
         6
      2061
      4049
      4069
      4070
         8
        40
        42
        43
        44
        11
        73
       190
       191
         8
        40
        41
        43
        44
       286
      3608
      4050
      4063
      4070
         8
        40
        41
        42
        44
        79
       267
       286
       287
       288
         8
        40
        41
        42
        43
        72
       191
       267
       268
       269
        46
        47
        48
        49
        24
       114
       363
       461
       462
        45
        47
        48
        49
        23
       192
       461
      4095
      4098
        45
        46
        48
        49
       192
       193
       194
       195
       196
        45
        46
        47
        49
       193
       214
       380
       396
       397
        45
        46
        47
        48
       115
       383
       396
       462
       467
        51
        52
        53
        54
        55
       197
       198
       199
       200
       201
        50
        52
        53
        54
        55
       197
       220
       295
       400
       446
       447
        50
        51
        53
        54
        55
       340
      1600
      1762
      2014
      2017
        50
        51
        52
        54
        55
       198
      1646
      1764
      2014
      2015
        50
        51
        52
        53
        55
        64
       340
       341
       342
       343
        50
        51
        52
        53
        54
       221
       341
       400
       401
        57
        58
        59
        60
        61
       141
       270
       358
       375
       410
       411
        56
        58
        59
        60
        61
       203
       270
       271
       272
        56
        57
        59
        60
        61
        75
       356
       411
       412
       413
        56
        57
        58
        60
        61
       412
      3656
      3916
      4058
      4059
        56
        57
        58
        59
        61
       202
       203
       204
       205
       206
        56
        57
        58
        59
        60
       202
      3653
      3799
      4058
      4073
        63
        64
        65
        66
        67
       497
      1638
      1984
      2016
      2028
        62
        64
        65
        66
        67
       342
      1601
      1866
      1985
      2016
      2017
        62
        63
        65
        66
        67
        54
       340
       341
       342
       343
        62
        63
        64
        66
        67
       219
       252
       343
       401
       500
       501
        62
        63
        64
        65
        67
       254
       284
       371
       498
       500
        62
        63
        64
        65
        66
       188
       282
       497
       498
       499
        69
        70
        71
        72
        73
        25
       278
       279
       280
       281
        68
        70
        71
        72
        73
       280
      4094
      4123
        68
        69
        71
        72
        73
       260
       268
       281
       324
       325
        68
        69
        70
        72
        73
         9
       190
      4123
      4124
        68
        69
        70
        71
        73
        44
       191
       267
       268
       269
        68
        69
        70
        71
        72
        11
        41
       190
       191
        75
        76
        77
        78
        79
       259
       326
       356
       357
       358
        74
        76
        77
        78
        79
        58
       356
       411
       412
       413
        74
        75
        77
        78
        79
       258
       269
       288
       325
       326
        74
        75
        76
        78
        79
       287
      3605
      3617
      3736
      4062
      4063
        74
        75
        76
        77
        79
       413
      3618
      3915
      4059
      4062
        74
        75
        76
        77
        78
        43
       267
       286
       287
       288
        16
        81
        82
        83
        84
        17
       124
       297
       298
       299
        16
        80
        82
        83
        84
        20
      3646
      3999
      4072
      4079
        16
        80
        81
        83
        84
       205
       518
      3645
      3796
      4072
      4073
        16
        80
        81
        82
        84
       204
       230
       398
       505
       518
        16
        80
        81
        82
        83
       123
       231
       298
       398
       399
        28
        86
        87
       788
       991
       995
        28
        85
        87
       300
       327
       328
        28
        85
        86
       163
       367
       369
        33
        89
        90
      3711
      4082
      4085
        33
        88
        90
       208
       273
       274
        33
        88
        89
       184
       457
       458
        92
        93
        94
        95
       234
       242
       434
       504
       514
       515
        91
        93
        94
        95
       109
       227
       372
       503
       514
       519
        91
        92
        94
        95
       235
       290
       477
       515
       516
        91
        92
        93
        95
       108
       289
       372
       373
       374
        91
        92
        93
        94
       289
       290
       291
       292
        97
        98
        99
       100
       130
       132
       414
       426
       482
       483
        96
        98
        99
       100
       129
       217
       293
       447
       482
       486
        96
        97
        99
       100
       320
       329
       414
       415
       416
        96
        97
        98
       100
       293
       294
       295
       296
        96
        97
        98
        99
       294
       329
       330
       331
       332
       102
       103
       104
       105
       150
       384
       428
       468
       476
       479
       101
       103
       104
       105
       292
       374
       468
       469
       470
       101
       102
       104
       105
       107
       310
       373
       469
       489
       493
       101
       102
       103
       105
       309
       385
       489
       490
       101
       102
       103
       104
       384
       385
       386
       387
       107
       108
       109
       110
       153
       308
       432
       493
       494
       106
       108
       109
       110
       103
       310
       373
       469
       489
       493
       106
       107
       109
       110
        94
       289
       372
       373
       374
       106
       107
       108
       110
        92
       227
       372
       503
       514
       519
       106
       107
       108
       109
       151
       225
       407
       494
       512
       519
       112
       113
       114
       115
       136
       263
       364
       388
       389
       111
       113
       114
       115
        26
       261
       278
       324
       363
       364
       111
       112
       114
       115
       137
       382
       388
       452
       466
       467
       111
       112
       113
       115
        24
        45
       363
       461
       462
       111
       112
       113
       114
        49
       383
       396
       462
       467
       117
       118
       119
       120
       195
       215
       397
       421
       423
       116
       118
       119
       120
        12
       194
       322
       420
       421
       422
       116
       117
       119
       120
        15
       266
       277
       283
       322
       323
       116
       117
       118
       120
       256
       285
       323
       370
       371
       116
       117
       118
       119
       213
       257
       370
       423
       424
       122
       123
       124
       125
       146
       229
       399
       427
       442
       443
       121
       123
       124
       125
       303
       336
       430
       442
       445
       121
       122
       124
       125
        84
       231
       298
       398
       399
       121
       122
       123
       125
        17
        80
       297
       298
       299
       121
       122
       123
       124
       181
       299
       334
       336
       337
       127
       128
       129
       130
       223
       247
       425
       465
       495
       496
       126
       128
       129
       130
       216
       246
       486
       495
       502
       126
       127
       129
       130
       131
       224
       406
       425
       426
       126
       127
       128
       130
        97
       217
       293
       447
       482
       486
       126
       127
       128
       129
        96
       132
       414
       426
       482
       483
       132
       133
       134
       135
       128
       224
       406
       425
       426
       131
       133
       134
       135
        96
       130
       414
       426
       482
       483
       131
       132
       134
       135
       315
       405
       484
       507
       513
       131
       132
       133
       135
       226
       405
       406
       407
       408
       131
       132
       133
       134
       318
       416
       483
       484
       485
       137
       138
       139
       140
       111
       263
       364
       388
       389
       136
       138
       139
       140
       113
       382
       388
       452
       466
       467
       136
       137
       139
       140
       142
       262
       357
       389
       409
       410
       136
       137
       138
       140
       144
       409
       437
       450
       453
       136
       137
       138
       139
       245
       436
       452
       453
       454
       142
       143
       144
       145
        56
       270
       358
       375
       410
       411
       141
       143
       144
       145
       138
       262
       357
       389
       409
       410
       141
       142
       144
       145
       272
       375
       376
       377
       378
       141
       142
       143
       145
       139
       409
       437
       450
       453
       141
       142
       143
       144
       239
       376
       435
       450
       451
       147
       148
       149
       150
       121
       229
       399
       427
       442
       443
       146
       148
       149
       150
       228
       236
       443
       475
       516
       517
       146
       147
       149
       150
       291
       470
       475
       476
       477
       146
       147
       148
       150
       305
       427
       428
       429
       430
       146
       147
       148
       149
       101
       384
       428
       468
       476
       479
       152
       153
       154
       155
       110
       225
       407
       494
       512
       519
       151
       153
       154
       155
       313
       408
       471
       512
       513
       151
       152
       154
       155
       106
       308
       432
       493
       494
       151
       152
       153
       155
       312
       431
       471
       472
       151
       152
       153
       154
       307
       431
       432
       433
       157
       158
       159
        29
       300
       301
       156
       158
       159
       328
       359
       360
       156
       157
       159
       201
       417
       448
       449
       156
       157
       158
      1909
      2036
      2037
       161
       162
       163
       855
       992
       999
       160
       162
       163
       167
       509
       510
       160
       161
       163
       344
       345
       346
       160
       161
       162
        87
       367
       369
       165
       166
       167
       954
       993
       998
       164
       166
       167
       171
       402
       404
       164
       165
       167
       347
       348
       349
       164
       165
       166
       161
       509
       510
       169
       170
       171
       875
       987
       994
       168
       170
       171
       175
       487
       492
       168
       169
       171
       350
       351
       352
       168
       169
       170
       165
       402
       404
       173
       174
       175
       975
       988
      1000
       172
       174
       175
       179
       390
       392
       172
       173
       175
       353
       354
       355
       172
       173
       174
       169
       487
       492
       177
       178
       179
       858
       989
       997
       176
       178
       179
       209
       338
       339
       176
       177
       179
       361
       365
       366
       176
       177
       178
       173
       390
       392
       181
       182
       183
       184
       302
       337
       444
       445
       180
       182
       183
       184
       125
       299
       334
       336
       337
       180
       181
       183
       184
        19
       297
       333
       334
       335
       180
       181
       182
       184
       335
      3662
      4074
      4075
       180
       181
       182
       183
        90
       457
       458
        38
       186
       187
       188
       189
        37
      1614
      1759
      2012
      2027
        38
       185
       187
       188
       189
        39
       264
       265
       266
        38
       185
       186
       188
       189
       499
      1640
      1761
      2027
      2028
        38
       185
       186
       187
       189
        67
       282
       497
       498
       499
        38
       185
       186
       187
       188
       265
       282
       283
       284
       285
        11
        41
        73
       191
         9
        71
      4123
      4124
        11
        41
        73
       190
        44
        72
       267
       268
       269
        47
       193
       194
       195
       196
        23
        46
       461
      4095
      4098
        47
       192
       194
       195
       196
        48
       214
       380
       396
       397
        47
       192
       193
       195
       196
        12
       117
       322
       420
       421
       422
        47
       192
       193
       194
       196
       116
       215
       397
       421
       423
        47
       192
       193
       194
       195
       422
      4098
      4102
        50
       198
       199
       200
       201
        51
       220
       295
       400
       446
       447
        50
       197
       199
       200
       201
        53
      1646
      1764
      2014
      2015
        50
       197
       198
       200
       201
       296
       330
       419
       446
       449
        50
       197
       198
       199
       201
       448
      1645
      2015
      2036
        50
       197
       198
       199
       200
       158
       417
       448
       449
        60
       203
       204
       205
       206
        61
      3653
      3799
      4058
      4073
        60
       202
       204
       205
       206
        57
       270
       271
       272
        60
       202
       203
       205
       206
        83
       230
       398
       505
       518
        60
       202
       203
       204
       206
        82
       518
      3645
      3796
      4072
      4073
        60
       202
       203
       204
       205
       233
       271
       377
       505
       506
        34
       208
       209
       745
       986
       990
        34
       207
       209
        89
       273
       274
        34
       207
       208
       177
       338
       339
       211
       212
       213
       214
       215
       250
       255
       424
       438
       441
       210
       212
       213
       214
       215
       251
       379
       438
       439
       440
       210
       211
       213
       214
       215
       379
       380
       381
       382
       383
       210
       211
       212
       214
       215
       120
       257
       370
       423
       424
       210
       211
       212
       213
       215
        48
       193
       380
       396
       397
       210
       211
       212
       213
       214
       116
       195
       397
       421
       423
       217
       218
       219
       220
       221
       127
       246
       486
       495
       502
       216
       218
       219
       220
       221
        97
       129
       293
       447
       482
       486
       216
       217
       219
       220
       221
       249
       253
       441
       501
       502
       216
       217
       218
       220
       221
        65
       252
       343
       401
       500
       501
       216
       217
       218
       219
       221
        51
       197
       295
       400
       446
       447
       216
       217
       218
       219
       220
        55
       341
       400
       401
       223
       224
       225
       226
       227
       241
       463
       496
       503
       504
       222
       224
       225
       226
       227
       126
       247
       425
       465
       495
       496
       222
       223
       225
       226
       227
       128
       131
       406
       425
       426
       222
       223
       224
       226
       227
       110
       151
       407
       494
       512
       519
       222
       223
       224
       225
       227
       134
       405
       406
       407
       408
       222
       223
       224
       225
       226
        92
       109
       372
       503
       514
       519
       229
       230
       231
       232
       233
       147
       236
       443
       475
       516
       517
       228
       230
       231
       232
       233
       121
       146
       399
       427
       442
       443
       228
       229
       231
       232
       233
        83
       204
       398
       505
       518
       228
       229
       230
       232
       233
        84
       123
       298
       398
       399
       228
       229
       230
       231
       233
       238
       378
       451
       506
       517
       228
       229
       230
       231
       232
       206
       271
       377
       505
       506
       235
       236
       237
       238
       239
        91
       242
       434
       504
       514
       515
       234
       236
       237
       238
       239
        93
       290
       477
       515
       516
       234
       235
       237
       238
       239
       147
       228
       443
       475
       516
       517
       234
       235
       236
       238
       239
       244
       434
       435
       436
       437
       234
       235
       236
       237
       239
       232
       378
       451
       506
       517
       234
       235
       236
       237
       238
       145
       376
       435
       450
       451
       241
       242
       243
       244
       245
       248
       439
       463
       464
       465
       240
       242
       243
       244
       245
       222
       463
       496
       503
       504
       240
       241
       243
       244
       245
        91
       234
       434
       504
       514
       515
       240
       241
       242
       244
       245
       381
       440
       454
       464
       466
       240
       241
       242
       243
       245
       237
       434
       435
       436
       437
       240
       241
       242
       243
       244
       140
       436
       452
       453
       454
       247
       248
       249
       250
       251
       127
       216
       486
       495
       502
       246
       248
       249
       250
       251
       126
       223
       425
       465
       495
       496
       246
       247
       249
       250
       251
       240
       439
       463
       464
       465
       246
       247
       248
       250
       251
       218
       253
       441
       501
       502
       246
       247
       248
       249
       251
       210
       255
       424
       438
       441
       246
       247
       248
       249
       250
       211
       379
       438
       439
       440
       253
       254
       255
       256
       257
        65
       219
       343
       401
       500
       501
       252
       254
       255
       256
       257
       218
       249
       441
       501
       502
       252
       253
       255
       256
       257
        66
       284
       371
       498
       500
       252
       253
       254
       256
       257
       210
       250
       424
       438
       441
       252
       253
       254
       255
       257
       119
       285
       323
       370
       371
       252
       253
       254
       255
       256
       120
       213
       370
       423
       424
       259
       260
       261
       262
       263
        76
       269
       288
       325
       326
       258
       260
       261
       262
       263
        74
       326
       356
       357
       358
       258
       259
       261
       262
       263
        70
       268
       281
       324
       325
       258
       259
       260
       262
       263
        26
       112
       278
       324
       363
       364
       258
       259
       260
       261
       263
       138
       142
       357
       389
       409
       410
       258
       259
       260
       261
       262
       111
       136
       364
       388
       389
        39
       186
       265
       266
         3
        14
        36
       275
       276
       277
        39
       186
       264
       266
       189
       282
       283
       284
       285
        39
       186
       264
       265
        15
       118
       277
       283
       322
       323
        44
        72
       191
       268
       269
        43
        79
       286
       287
       288
        44
        72
       191
       267
       269
        70
       260
       281
       324
       325
        44
        72
       191
       267
       268
        76
       258
       288
       325
       326
        57
       203
       271
       272
        56
       141
       358
       375
       410
       411
        57
       203
       270
       272
       206
       233
       377
       505
       506
        57
       203
       270
       271
       143
       375
       376
       377
       378
        89
       208
       274
       444
       458
       459
        89
       208
       273
       339
       361
       362
         3
        14
        36
       264
       276
       277
         1
      4103
      4104
         3
        14
        36
       264
       275
       277
        13
       420
      4102
      4103
         3
        14
        36
       264
       275
       276
        15
       118
       266
       283
       322
       323
        25
        68
       279
       280
       281
        26
       112
       261
       324
       363
       364
        25
        68
       278
       280
       281
        21
      4093
      4094
        25
        68
       278
       279
       281
        69
      4094
      4123
        25
        68
       278
       279
       280
        70
       260
       268
       324
       325
       189
       265
       283
       284
       285
        67
       188
       497
       498
       499
       189
       265
       282
       284
       285
        15
       118
       266
       277
       322
       323
       189
       265
       282
       283
       285
        66
       254
       371
       498
       500
       189
       265
       282
       283
       284
       119
       256
       323
       370
       371
        43
        79
       267
       287
       288
        42
      3608
      4050
      4063
      4070
        43
        79
       267
       286
       288
        77
      3605
      3617
      3736
      4062
      4063
        43
        79
       267
       286
       287
        76
       258
       269
       325
       326
        95
       290
       291
       292
        94
       108
       372
       373
       374
        95
       289
       291
       292
        93
       235
       477
       515
       516
        95
       289
       290
       292
       148
       470
       475
       476
       477
        95
       289
       290
       291
       102
       374
       468
       469
       470
        99
       294
       295
       296
        97
       129
       217
       447
       482
       486
        99
       293
       295
       296
       100
       329
       330
       331
       332
        99
       293
       294
       296
        51
       197
       220
       400
       446
       447
        99
       293
       294
       295
       199
       330
       419
       446
       449
        17
        80
       124
       298
       299
        19
       182
       333
       334
       335
        17
        80
       124
       297
       299
        84
       123
       231
       398
       399
        17
        80
       124
       297
       298
       125
       181
       334
       336
       337
        29
       156
       301
        86
       327
       328
        29
       156
       300
      1714
      2037
      2038
       303
       304
       305
       306
       180
       337
       444
       445
       302
       304
       305
       306
       122
       336
       430
       442
       445
       302
       303
       305
       306
       386
       429
       478
       479
       302
       303
       304
       306
       149
       427
       428
       429
       430
       302
       303
       304
       305
       362
       459
       460
       308
       309
       310
       311
       155
       431
       432
       433
       307
       309
       310
       311
       106
       153
       432
       493
       494
       307
       308
       310
       311
       104
       385
       489
       490
       307
       308
       309
       311
       103
       107
       373
       469
       489
       493
       307
       308
       309
       310
       473
       488
       491
       313
       314
       315
       316
       154
       431
       471
       472
       312
       314
       315
       316
       152
       408
       471
       512
       513
       312
       313
       315
       316
       317
       485
       507
       508
       312
       313
       314
       316
       133
       405
       484
       507
       513
       312
       313
       314
       315
       349
       455
       456
       318
       319
       320
       321
       314
       485
       507
       508
       317
       319
       320
       321
       135
       416
       483
       484
       485
       317
       318
       320
       321
       332
       395
       415
       418
       317
       318
       319
       321
        98
       329
       414
       415
       416
       317
       318
       319
       320
       346
       393
       394
        15
       118
       266
       277
       283
       323
        12
       117
       194
       420
       421
       422
        15
       118
       266
       277
       283
       322
       119
       256
       285
       370
       371
        70
       260
       268
       281
       325
        26
       112
       261
       278
       363
       364
        70
       260
       268
       281
       324
        76
       258
       269
       288
       326
        76
       258
       269
       288
       325
        74
       259
       356
       357
       358
        86
       300
       328
       345
       367
       368
        86
       300
       327
       157
       359
       360
       100
       294
       330
       331
       332
        98
       320
       414
       415
       416
       100
       294
       329
       331
       332
       199
       296
       419
       446
       449
       100
       294
       329
       330
       332
       359
       417
       418
       419
       100
       294
       329
       330
       331
       319
       395
       415
       418
        19
       182
       297
       334
       335
        18
      3663
      4001
      4075
      4079
        19
       182
       297
       333
       335
       125
       181
       299
       336
       337
        19
       182
       297
       333
       334
       183
      3662
      4074
      4075
       125
       181
       299
       334
       337
       122
       303
       430
       442
       445
       125
       181
       299
       334
       336
       180
       302
       444
       445
       177
       209
       339
       682
       989
       990
       177
       209
       338
       274
       361
       362
        54
        64
       341
       342
       343
        52
      1600
      1762
      2014
      2017
        54
        64
       340
       342
       343
        55
       221
       400
       401
        54
        64
       340
       341
       343
        63
      1601
      1866
      1985
      2016
      2017
        54
        64
       340
       341
       342
        65
       219
       252
       401
       500
       501
       162
       345
       346
       348
       510
       511
       162
       344
       346
       327
       367
       368
       162
       344
       345
       321
       393
       394
       166
       348
       349
       351
       402
       403
       166
       347
       349
       344
       510
       511
       166
       347
       348
       316
       455
       456
       170
       351
       352
       354
       487
       488
       170
       350
       352
       347
       402
       403
       170
       350
       351
       433
       473
       474
       174
       354
       355
       365
       390
       391
       174
       353
       355
       350
       487
       488
       174
       353
       354
       481
       490
       491
        74
       259
       326
       357
       358
        58
        75
       411
       412
       413
        74
       259
       326
       356
       358
       138
       142
       262
       389
       409
       410
        74
       259
       326
       356
       357
        56
       141
       270
       375
       410
       411
       157
       328
       360
       331
       417
       418
       419
       157
       328
       359
       368
       394
       395
       274
       339
       362
       178
       365
       366
       274
       339
       361
       306
       459
       460
        26
       112
       261
       278
       324
       364
        24
        45
       114
       461
       462
        26
       112
       261
       278
       324
       363
       111
       136
       263
       388
       389
       178
       361
       366
       353
       390
       391
       178
       361
       365
       460
       478
       480
       327
       345
       368
        87
       163
       369
       327
       345
       367
       360
       394
       395
        87
       163
       367
       662
       991
       992
       119
       256
       285
       323
       371
       120
       213
       257
       423
       424
       119
       256
       285
       323
       370
        66
       254
       284
       498
       500
        94
       108
       289
       373
       374
        92
       109
       227
       503
       514
       519
        94
       108
       289
       372
       374
       103
       107
       310
       469
       489
       493
        94
       108
       289
       372
       373
       102
       292
       468
       469
       470
       143
       272
       376
       377
       378
        56
       141
       270
       358
       410
       411
       143
       272
       375
       377
       378
       145
       239
       435
       450
       451
       143
       272
       375
       376
       378
       206
       233
       271
       505
       506
       143
       272
       375
       376
       377
       232
       238
       451
       506
       517
       212
       380
       381
       382
       383
       211
       251
       438
       439
       440
       212
       379
       381
       382
       383
        48
       193
       214
       396
       397
       212
       379
       380
       382
       383
       243
       440
       454
       464
       466
       212
       379
       380
       381
       383
       113
       137
       388
       452
       466
       467
       212
       379
       380
       381
       382
        49
       115
       396
       462
       467
       105
       385
       386
       387
       101
       150
       428
       468
       476
       479
       105
       384
       386
       387
       104
       309
       489
       490
       105
       384
       385
       387
       304
       429
       478
       479
       105
       384
       385
       386
       391
       480
       481
       111
       136
       263
       364
       389
       113
       137
       382
       452
       466
       467
       111
       136
       263
       364
       388
       138
       142
       262
       357
       409
       410
       353
       365
       391
       173
       179
       392
       353
       365
       390
       387
       480
       481
       173
       179
       390
       678
       997
      1000
       321
       346
       394
       456
       508
       511
       321
       346
       393
       360
       368
       395
       360
       368
       394
       319
       332
       415
       418
        48
       193
       214
       380
       397
        49
       115
       383
       462
       467
        48
       193
       214
       380
       396
       116
       195
       215
       421
       423
        84
       123
       231
       298
       399
        83
       204
       230
       505
       518
        84
       123
       231
       298
       398
       121
       146
       229
       427
       442
       443
        55
       221
       341
       401
        51
       197
       220
       295
       446
       447
        55
       221
       341
       400
        65
       219
       252
       343
       500
       501
       347
       351
       403
       165
       171
       404
       347
       351
       402
       455
       472
       474
       165
       171
       402
       670
       993
       994
       134
       226
       406
       407
       408
       133
       315
       484
       507
       513
       134
       226
       405
       407
       408
       128
       131
       224
       425
       426
       134
       226
       405
       406
       408
       110
       151
       225
       494
       512
       519
       134
       226
       405
       406
       407
       152
       313
       471
       512
       513
       138
       142
       262
       357
       389
       410
       139
       144
       437
       450
       453
       138
       142
       262
       357
       389
       409
        56
       141
       270
       358
       375
       411
        58
        75
       356
       412
       413
        56
       141
       270
       358
       375
       410
        58
        75
       356
       411
       413
        59
      3656
      3916
      4058
      4059
        58
        75
       356
       411
       412
        78
      3618
      3915
      4059
      4062
        98
       320
       329
       415
       416
        96
       130
       132
       426
       482
       483
        98
       320
       329
       414
       416
       319
       332
       395
       418
        98
       320
       329
       414
       415
       135
       318
       483
       484
       485
       331
       359
       418
       419
       158
       201
       448
       449
       331
       359
       417
       419
       319
       332
       395
       415
       331
       359
       417
       418
       199
       296
       330
       446
       449
        12
       117
       194
       322
       421
       422
        13
       276
      4102
      4103
        12
       117
       194
       322
       420
       422
       116
       195
       215
       397
       423
        12
       117
       194
       322
       420
       421
       196
      4098
      4102
       116
       195
       215
       397
       421
       120
       213
       257
       370
       424
       120
       213
       257
       370
       423
       210
       250
       255
       438
       441
       128
       131
       224
       406
       426
       126
       223
       247
       465
       495
       496
       128
       131
       224
       406
       425
        96
       130
       132
       414
       482
       483
       149
       305
       428
       429
       430
       121
       146
       229
       399
       442
       443
       149
       305
       427
       429
       430
       101
       150
       384
       468
       476
       479
       149
       305
       427
       428
       430
       304
       386
       478
       479
       149
       305
       427
       428
       429
       122
       303
       336
       442
       445
       155
       307
       432
       433
       154
       312
       471
       472
       155
       307
       431
       433
       106
       153
       308
       493
       494
       155
       307
       431
       432
       352
       473
       474
       237
       244
       435
       436
       437
        91
       234
       242
       504
       514
       515
       237
       244
       434
       436
       437
       145
       239
       376
       450
       451
       237
       244
       434
       435
       437
       140
       245
       452
       453
       454
       237
       244
       434
       435
       436
       139
       144
       409
       450
       453
       211
       251
       379
       439
       440
       210
       250
       255
       424
       441
       211
       251
       379
       438
       440
       240
       248
       463
       464
       465
       211
       251
       379
       438
       439
       243
       381
       454
       464
       466
       210
       250
       255
       424
       438
       218
       249
       253
       501
       502
       121
       146
       229
       399
       427
       443
       122
       303
       336
       430
       445
       121
       146
       229
       399
       427
       442
       147
       228
       236
       475
       516
       517
       180
       302
       337
       445
       273
       458
       459
       180
       302
       337
       444
       122
       303
       336
       430
       442
        51
       197
       220
       295
       400
       447
       199
       296
       330
       419
       449
        51
       197
       220
       295
       400
       446
        97
       129
       217
       293
       482
       486
       158
       201
       417
       449
       200
      1645
      2015
      2036
       158
       201
       417
       448
       199
       296
       330
       419
       446
       145
       239
       376
       435
       451
       139
       144
       409
       437
       453
       145
       239
       376
       435
       450
       232
       238
       378
       506
       517
       140
       245
       436
       453
       454
       113
       137
       382
       388
       466
       467
       140
       245
       436
       452
       454
       139
       144
       409
       437
       450
       140
       245
       436
       452
       453
       243
       381
       440
       464
       466
       316
       349
       456
       403
       472
       474
       316
       349
       455
       393
       508
       511
        90
       184
       458
      3873
      4074
      4082
        90
       184
       457
       273
       444
       459
       273
       444
       458
       306
       362
       460
       306
       362
       459
       366
       478
       480
        24
        45
       114
       363
       462
        23
        46
       192
      4095
      4098
        24
        45
       114
       363
       461
        49
       115
       383
       396
       467
       240
       248
       439
       464
       465
       222
       241
       496
       503
       504
       240
       248
       439
       463
       465
       243
       381
       440
       454
       466
       240
       248
       439
       463
       464
       126
       223
       247
       425
       495
       496
       243
       381
       440
       454
       464
       113
       137
       382
       388
       452
       467
       113
       137
       382
       388
       452
       466
        49
       115
       383
       396
       462
       102
       292
       374
       469
       470
       101
       150
       384
       428
       476
       479
       102
       292
       374
       468
       470
       103
       107
       310
       373
       489
       493
       102
       292
       374
       468
       469
       148
       291
       475
       476
       477
       154
       312
       431
       472
       152
       313
       408
       512
       513
       154
       312
       431
       471
       403
       455
       474
       352
       433
       474
       311
       488
       491
       352
       433
       473
       403
       455
       472
       148
       291
       470
       476
       477
       147
       228
       236
       443
       516
       517
       148
       291
       470
       475
       477
       101
       150
       384
       428
       468
       479
       148
       291
       470
       475
       476
        93
       235
       290
       515
       516
       304
       386
       429
       479
       366
       460
       480
       304
       386
       429
       478
       101
       150
       384
       428
       468
       476
       366
       460
       478
       387
       391
       481
       387
       391
       480
       355
       490
       491
        96
       130
       132
       414
       426
       483
        97
       129
       217
       293
       447
       486
        96
       130
       132
       414
       426
       482
       135
       318
       416
       484
       485
       135
       318
       416
       483
       485
       133
       315
       405
       507
       513
       135
       318
       416
       483
       484
       314
       317
       507
       508
        97
       129
       217
       293
       447
       482
       127
       216
       246
       495
       502
       350
       354
       488
       169
       175
       492
       350
       354
       487
       311
       473
       491
       104
       309
       385
       490
       103
       107
       310
       373
       469
       493
       104
       309
       385
       489
       355
       481
       491
       355
       481
       490
       311
       473
       488
       169
       175
       487
       674
       987
       988
       106
       153
       308
       432
       494
       103
       107
       310
       373
       469
       489
       106
       153
       308
       432
       493
       110
       151
       225
       407
       512
       519
       126
       223
       247
       425
       465
       496
       127
       216
       246
       486
       502
       126
       223
       247
       425
       465
       495
       222
       241
       463
       503
       504
        67
       188
       282
       498
       499
        62
      1638
      1984
      2016
      2028
        67
       188
       282
       497
       499
        66
       254
       284
       371
       500
        67
       188
       282
       497
       498
       187
      1640
      1761
      2027
      2028
        66
       254
       284
       371
       498
        65
       219
       252
       343
       401
       501
        65
       219
       252
       343
       401
       500
       218
       249
       253
       441
       502
       218
       249
       253
       441
       501
       127
       216
       246
       486
       495
       222
       241
       463
       496
       504
        92
       109
       227
       372
       514
       519
       222
       241
       463
       496
       503
        91
       234
       242
       434
       514
       515
       206
       233
       271
       377
       506
        83
       204
       230
       398
       518
       206
       233
       271
       377
       505
       232
       238
       378
       451
       517
       314
       317
       485
       508
       133
       315
       405
       484
       513
       314
       317
       485
       507
       393
       456
       511
       161
       167
       510
       666
       998
       999
       161
       167
       509
       344
       348
       511
       344
       348
       510
       393
       456
       508
       152
       313
       408
       471
       513
       110
       151
       225
       407
       494
       519
       152
       313
       408
       471
       512
       133
       315
       405
       484
       507
        91
       234
       242
       434
       504
       515
        92
       109
       227
       372
       503
       519
        91
       234
       242
       434
       504
       514
        93
       235
       290
       477
       516
        93
       235
       290
       477
       515
       147
       228
       236
       443
       475
       517
       147
       228
       236
       443
       475
       516
       232
       238
       378
       451
       506
        83
       204
       230
       398
       505
        82
       205
      3645
      3796
      4072
      4073
        92
       109
       227
       372
       503
       514
       110
       151
       225
       407
       494
       512
       521
       522
       523
       524
      1006
      2044
      2692
      2885
      4056
      4071
       520
       522
       523
       524
       549
      2693
      2971
      4071
      4080
       520
       521
       523
       524
       525
       688
      1007
      2031
      2044
       520
       521
       522
       524
       526
       548
       603
       607
       688
       689
       520
       521
       522
       523
       548
       549
       550
       551
       526
       527
       528
       529
       522
       688
      1007
      2031
      2044
       525
       527
       528
       529
       523
       548
       603
       607
       688
       689
       525
       526
       528
       529
       552
      1009
      1105
      1240
      2031
      2032
       525
       526
       527
       529
       553
       607
       608
       609
       610
       525
       526
       527
       528
       552
       553
       554
       555
       531
       532
       533
       534
       613
      1089
      1483
      2026
      2033
       530
       532
       533
       534
       589
       886
      1094
      1484
      2022
      2033
       530
       531
       533
       534
       586
       690
       866
       886
       887
       530
       531
       532
       534
       613
       614
       615
       616
       617
       530
       531
       532
       533
       614
       690
       691
       692
       693
       536
       537
       538
       539
       618
      1085
      1593
      2020
      2025
       535
       537
       538
       539
       618
       619
       620
       621
       622
       535
       536
       538
       539
       557
       635
       792
       937
       938
       939
       535
       536
       537
       539
       937
      1083
      1378
      2020
      2021
       535
       536
       537
       538
       619
       631
       736
       792
       793
       541
       542
       543
       600
       611
       612
       540
       542
       543
       663
       787
       788
       540
       541
       543
        27
       995
       996
       540
       541
       542
      1876
      2018
      2035
       545
       546
       547
       623
       624
       625
       544
       546
       547
      4019
      4077
      4087
       544
       545
       547
        31
       985
       986
       544
       545
       546
       681
       744
       745
       524
       549
       550
       551
       523
       526
       603
       607
       688
       689
       524
       548
       550
       551
       521
      2693
      2971
      4071
      4080
       524
       548
       549
       551
       602
      2604
      2969
      4051
      4080
      4083
       524
       548
       549
       550
       602
       603
       604
       605
       606
       529
       553
       554
       555
       527
      1009
      1105
      1240
      2031
      2032
       529
       552
       554
       555
       528
       607
       608
       609
       610
       529
       552
       553
       555
       727
      1106
      1438
      1570
      2029
      2032
       529
       552
       553
       554
       574
       608
       727
       728
       729
       557
       558
       559
       560
       561
       634
       764
       877
       938
       942
       556
       558
       559
       560
       561
       537
       635
       792
       937
       938
       939
       556
       557
       559
       560
       561
       939
      1025
      1376
      2021
      2030
       556
       557
       558
       560
       561
       742
       763
       877
       878
       556
       557
       558
       559
       561
       656
       741
       742
       743
       556
       557
       558
       559
       560
       741
      1026
      1123
      2030
      2034
       563
       564
       565
       566
       567
       694
      3210
      3366
      4060
      4067
       562
       564
       565
       566
       567
       694
       695
       696
       697
       698
       562
       563
       565
       566
       567
       695
       707
       798
       841
       843
       562
       563
       564
       566
       567
       844
      3213
      3232
      4060
      4061
       562
       563
       564
       565
       567
       604
       783
       842
       844
       845
       562
       563
       564
       565
       566
       708
       785
       841
       842
       569
       570
       571
       572
       573
       794
      3223
      3469
      4064
      4065
       568
       570
       571
       572
       573
       592
       952
      3171
      3219
      4064
      4066
       568
       569
       571
       572
       573
       582
       746
       794
       795
       796
       568
       569
       570
       572
       573
       593
       761
       921
       951
       952
       568
       569
       570
       571
       573
       746
       747
       748
       749
       750
       568
       569
       570
       571
       572
       747
       762
       905
       921
       922
       575
       576
       577
       578
       579
       555
       608
       727
       728
       729
       574
       576
       577
       578
       579
       728
      1034
      1569
      2024
      2029
       574
       575
       577
       578
       579
       848
      1035
      1237
      2023
      2024
       574
       575
       576
       578
       579
       706
       755
       786
       846
       847
       574
       575
       576
       577
       579
       609
       703
       729
       784
       786
       574
       575
       576
       577
       578
       590
       752
       846
       848
       849
       581
       582
       583
       584
       585
       881
      3198
      3603
      4068
      4076
       580
       582
       583
       584
       585
       795
      3201
      3468
      4065
      4076
       580
       581
       583
       584
       585
       570
       746
       794
       795
       796
       580
       581
       582
       584
       585
       697
       797
       881
       882
       883
       580
       581
       582
       583
       585
       712
       749
       796
       879
       880
       580
       581
       582
       583
       584
       710
       800
       851
       879
       882
       587
       588
       589
       590
       591
       532
       690
       866
       886
       887
       586
       588
       589
       590
       591
       637
       751
       853
       863
       884
       887
       586
       587
       589
       590
       591
       751
       752
       753
       754
       755
       586
       587
       588
       590
       591
       531
       886
      1094
      1484
      2022
      2033
       586
       587
       588
       589
       591
       579
       752
       846
       848
       849
       586
       587
       588
       589
       590
       849
      1096
      1238
      2022
      2023
       593
       594
       595
       596
       597
       569
       952
      3171
      3219
      4064
      4066
       592
       594
       595
       596
       597
       571
       761
       921
       951
       952
       592
       593
       595
       596
       597
       700
      3173
      4066
      4084
       592
       593
       594
       596
       597
       699
       700
       701
       702
       592
       593
       594
       595
       597
       699
       730
       731
       732
       592
       593
       594
       595
       596
       730
       760
       949
       951
       599
       600
       601
       914
      2041
      2042
       598
       600
       601
       733
       734
       735
       598
       599
       601
       540
       611
       612
       598
       599
       600
      1632
      2019
      2040
       551
       603
       604
       605
       606
       550
      2604
      2969
      4051
      4080
      4083
       551
       602
       604
       605
       606
       523
       526
       548
       607
       688
       689
       551
       602
       603
       605
       606
       566
       783
       842
       844
       845
       551
       602
       603
       604
       606
       610
       689
       704
       783
       784
       785
       551
       602
       603
       604
       605
       845
      3233
      4053
      4061
      4083
       528
       553
       608
       609
       610
       523
       526
       548
       603
       688
       689
       528
       553
       607
       609
       610
       555
       574
       727
       728
       729
       528
       553
       607
       608
       610
       578
       703
       729
       784
       786
       528
       553
       607
       608
       609
       605
       689
       704
       783
       784
       785
       540
       600
       612
       734
       787
       789
       540
       600
       611
      1666
      2018
      2019
       533
       614
       615
       616
       617
       530
      1089
      1483
      2026
      2033
       533
       613
       615
       616
       617
       534
       690
       691
       692
       693
       533
       613
       614
       616
       617
       621
       983
      1088
      1594
      2025
      2026
       533
       613
       614
       615
       617
       620
       737
       897
       982
       983
       533
       613
       614
       615
       616
       691
       719
       897
       898
       899
       536
       619
       620
       621
       622
       535
      1085
      1593
      2020
      2025
       536
       618
       620
       621
       622
       539
       631
       736
       792
       793
       536
       618
       619
       621
       622
       616
       737
       897
       982
       983
       536
       618
       619
       620
       622
       615
       983
      1088
      1594
      2025
      2026
       536
       618
       619
       620
       621
       736
       737
       738
       739
       740
       544
       624
       625
      3186
      4077
      4078
       544
       623
       625
       744
       790
       791
       544
       623
       624
       686
       915
       917
       627
       628
       629
       630
       715
       740
       891
       899
       981
       982
       626
       628
       629
       630
       642
       716
       907
       957
       981
       984
       626
       627
       629
       630
       739
       873
       891
       892
       626
       627
       628
       630
       771
       918
       957
       958
       959
       626
       627
       628
       629
       647
       769
       872
       892
       958
       960
       632
       633
       634
       635
       539
       619
       736
       792
       793
       631
       633
       634
       635
       646
       738
       793
       871
       872
       873
       631
       632
       634
       635
       650
       765
       871
       941
       942
       631
       632
       633
       635
       556
       764
       877
       938
       942
       631
       632
       633
       634
       537
       557
       792
       937
       938
       939
       637
       638
       639
       640
       693
       863
       864
       865
       866
       636
       638
       639
       640
       587
       751
       853
       863
       884
       887
       636
       637
       639
       640
       725
       864
       896
       902
       903
       636
       637
       638
       640
       714
       726
       885
       900
       902
       636
       637
       638
       639
       711
       852
       884
       885
       642
       643
       644
       645
       776
       920
       959
       980
       984
       641
       643
       644
       645
       627
       716
       907
       957
       981
       984
       641
       642
       644
       645
       718
       868
       893
       907
       908
       641
       642
       643
       645
       653
       867
       868
       869
       870
       641
       642
       643
       644
       774
       867
       945
       969
       980
       647
       648
       649
       650
       632
       738
       793
       871
       872
       873
       646
       648
       649
       650
       630
       769
       872
       892
       958
       960
       646
       647
       649
       650
       768
       940
       960
       961
       646
       647
       648
       650
       766
       935
       940
       941
       646
       647
       648
       649
       633
       765
       871
       941
       942
       652
       653
       654
       655
       722
       869
       895
       904
       908
       909
       651
       653
       654
       655
       759
       906
       909
       922
       923
       651
       652
       654
       655
       644
       867
       868
       869
       870
       651
       652
       653
       655
       758
       781
       923
       943
       946
       651
       652
       653
       654
       779
       870
       943
       944
       945
       657
       658
       659
       560
       741
       742
       743
       656
       658
       659
       878
       910
       911
       656
       657
       659
       733
       913
       914
       656
       657
       658
      1054
      2042
      2043
       661
       662
       663
       789
       837
       838
       660
       662
       663
       667
       854
       855
       660
       661
       663
       369
       991
       992
       660
       661
       662
       541
       787
       788
       665
       666
       667
       802
       803
       804
       664
       666
       667
       671
       953
       954
       664
       665
       667
       509
       998
       999
       664
       665
       666
       661
       854
       855
       669
       670
       671
       805
       806
       807
       668
       670
       671
       675
       874
       875
       668
       669
       671
       404
       993
       994
       668
       669
       670
       665
       953
       954
       673
       674
       675
       808
       809
       810
       672
       674
       675
       679
       974
       975
       672
       673
       675
       492
       987
       988
       672
       673
       674
       669
       874
       875
       677
       678
       679
       811
       812
       813
       676
       678
       679
       683
       857
       858
       676
       677
       679
       392
       997
      1000
       676
       677
       678
       673
       974
       975
       681
       682
       683
       791
       839
       840
       680
       682
       683
       547
       744
       745
       680
       681
       683
       338
       989
       990
       680
       681
       682
       677
       857
       858
       685
       686
       687
       702
       860
       862
       684
       686
       687
      3287
      4088
      4089
       684
       685
       687
       625
       915
       917
       684
       685
       686
       814
       815
       816
       523
       526
       548
       603
       607
       689
       522
       525
      1007
      2031
      2044
       523
       526
       548
       603
       607
       688
       605
       610
       704
       783
       784
       785
       534
       614
       691
       692
       693
       532
       586
       866
       886
       887
       534
       614
       690
       692
       693
       617
       719
       897
       898
       899
       534
       614
       690
       691
       693
       720
       865
       894
       898
       903
       534
       614
       690
       691
       692
       636
       863
       864
       865
       866
       563
       695
       696
       697
       698
       562
      3210
      3366
      4060
      4067
       563
       694
       696
       697
       698
       564
       707
       798
       841
       843
       563
       694
       695
       697
       698
       797
       798
       799
       800
       801
       563
       694
       695
       696
       698
       583
       797
       881
       882
       883
       563
       694
       695
       696
       697
       883
      3369
      3604
      4067
      4068
       595
       700
       701
       702
       596
       730
       731
       732
       595
       699
       701
       702
       594
      3173
      4066
      4084
       595
       699
       700
       702
      3175
      3543
      4084
      4090
       595
       699
       700
       701
       684
       860
       862
       704
       705
       706
       707
       708
       578
       609
       729
       784
       786
       703
       705
       706
       707
       708
       605
       610
       689
       783
       784
       785
       703
       704
       706
       707
       708
       754
       801
       843
       847
       850
       703
       704
       705
       707
       708
       577
       755
       786
       846
       847
       703
       704
       705
       706
       708
       564
       695
       798
       841
       843
       703
       704
       705
       706
       707
       567
       785
       841
       842
       710
       711
       712
       713
       714
       753
       799
       850
       851
       852
       853
       709
       711
       712
       713
       714
       585
       800
       851
       879
       882
       709
       710
       712
       713
       714
       640
       852
       884
       885
       709
       710
       711
       713
       714
       584
       749
       796
       879
       880
       709
       710
       711
       712
       714
       724
       750
       880
       900
       901
       709
       710
       711
       712
       713
       639
       726
       885
       900
       902
       716
       717
       718
       719
       720
       626
       740
       891
       899
       981
       982
       715
       717
       718
       719
       720
       627
       642
       907
       957
       981
       984
       715
       716
       718
       719
       720
       723
       893
       894
       895
       896
       715
       716
       717
       719
       720
       643
       868
       893
       907
       908
       715
       716
       717
       718
       720
       617
       691
       897
       898
       899
       715
       716
       717
       718
       719
       692
       865
       894
       898
       903
       722
       723
       724
       725
       726
       748
       901
       904
       905
       906
       721
       723
       724
       725
       726
       651
       869
       895
       904
       908
       909
       721
       722
       724
       725
       726
       717
       893
       894
       895
       896
       721
       722
       723
       725
       726
       713
       750
       880
       900
       901
       721
       722
       723
       724
       726
       638
       864
       896
       902
       903
       721
       722
       723
       724
       725
       639
       714
       885
       900
       902
       555
       574
       608
       728
       729
       554
      1106
      1438
      1570
      2029
      2032
       555
       574
       608
       727
       729
       575
      1034
      1569
      2024
      2029
       555
       574
       608
       727
       728
       578
       609
       703
       784
       786
       596
       699
       731
       732
       597
       760
       949
       951
       596
       699
       730
       732
       814
       860
       861
       596
       699
       730
       731
       756
       933
       949
       950
       599
       734
       735
       658
       913
       914
       599
       733
       735
       611
       787
       789
       599
       733
       734
       838
       888
       889
       622
       737
       738
       739
       740
       539
       619
       631
       792
       793
       622
       736
       738
       739
       740
       616
       620
       897
       982
       983
       622
       736
       737
       739
       740
       632
       646
       793
       871
       872
       873
       622
       736
       737
       738
       740
       628
       873
       891
       892
       622
       736
       737
       738
       739
       626
       715
       891
       899
       981
       982
       560
       656
       742
       743
       561
      1026
      1123
      2030
      2034
       560
       656
       741
       743
       559
       763
       877
       878
       560
       656
       741
       742
      1125
      1500
      2034
      2043
       547
       681
       745
       624
       790
       791
       547
       681
       744
       207
       986
       990
       572
       747
       748
       749
       750
       570
       582
       794
       795
       796
       572
       746
       748
       749
       750
       573
       762
       905
       921
       922
       572
       746
       747
       749
       750
       721
       901
       904
       905
       906
       572
       746
       747
       748
       750
       584
       712
       796
       879
       880
       572
       746
       747
       748
       749
       713
       724
       880
       900
       901
       588
       752
       753
       754
       755
       587
       637
       853
       863
       884
       887
       588
       751
       753
       754
       755
       579
       590
       846
       848
       849
       588
       751
       752
       754
       755
       709
       799
       850
       851
       852
       853
       588
       751
       752
       753
       755
       705
       801
       843
       847
       850
       588
       751
       752
       753
       754
       577
       706
       786
       846
       847
       757
       758
       759
       760
       761
       762
       732
       933
       949
       950
       756
       758
       759
       760
       761
       762
       780
       946
       948
       950
       756
       757
       759
       760
       761
       762
       654
       781
       923
       943
       946
       756
       757
       758
       760
       761
       762
       652
       906
       909
       922
       923
       756
       757
       758
       759
       761
       762
       597
       730
       949
       951
       756
       757
       758
       759
       760
       762
       571
       593
       921
       951
       952
       756
       757
       758
       759
       760
       761
       573
       747
       905
       921
       922
       764
       765
       766
       767
       559
       742
       877
       878
       763
       765
       766
       767
       556
       634
       877
       938
       942
       763
       764
       766
       767
       633
       650
       871
       941
       942
       763
       764
       765
       767
       649
       935
       940
       941
       763
       764
       765
       766
       817
       911
       912
       769
       770
       771
       772
       648
       940
       960
       961
       768
       770
       771
       772
       630
       647
       872
       892
       958
       960
       768
       769
       771
       772
       775
       918
       919
       920
       768
       769
       770
       772
       629
       918
       957
       958
       959
       768
       769
       770
       771
       962
       967
       968
       774
       775
       776
       777
       778
       944
       969
       970
       773
       775
       776
       777
       645
       867
       945
       969
       980
       773
       774
       776
       777
       770
       918
       919
       920
       773
       774
       775
       777
       641
       920
       959
       980
       984
       773
       774
       775
       776
       931
       971
       976
       779
       780
       781
       782
       773
       944
       969
       970
       778
       780
       781
       782
       655
       870
       943
       944
       945
       778
       779
       781
       782
       757
       946
       948
       950
       778
       779
       780
       782
       654
       758
       923
       943
       946
       778
       779
       780
       781
       947
       965
       966
       605
       610
       689
       704
       784
       785
       566
       604
       842
       844
       845
       605
       610
       689
       704
       783
       785
       578
       609
       703
       729
       786
       605
       610
       689
       704
       783
       784
       567
       708
       841
       842
       578
       609
       703
       729
       784
       577
       706
       755
       846
       847
       541
       663
       788
       611
       734
       789
       541
       663
       787
        85
       991
       995
       611
       734
       787
       660
       837
       838
       624
       744
       791
       815
       915
       916
       624
       744
       790
       680
       839
       840
       539
       619
       631
       736
       793
       537
       557
       635
       937
       938
       939
       539
       619
       631
       736
       792
       632
       646
       738
       871
       872
       873
       570
       582
       746
       795
       796
       568
      3223
      3469
      4064
      4065
       570
       582
       746
       794
       796
       581
      3201
      3468
      4065
      4076
       570
       582
       746
       794
       795
       584
       712
       749
       879
       880
       696
       798
       799
       800
       801
       583
       697
       881
       882
       883
       696
       797
       799
       800
       801
       564
       695
       707
       841
       843
       696
       797
       798
       800
       801
       709
       753
       850
       851
       852
       853
       696
       797
       798
       799
       801
       585
       710
       851
       879
       882
       696
       797
       798
       799
       800
       705
       754
       843
       847
       850
       664
       803
       804
       806
       953
       955
       664
       802
       804
       837
       854
       856
       664
       802
       803
       890
       929
       930
       668
       806
       807
       809
       874
       876
       668
       805
       807
       802
       953
       955
       668
       805
       806
       956
       978
       979
       672
       809
       810
       812
       973
       974
       672
       808
       810
       805
       874
       876
       672
       808
       809
       932
       972
       977
       676
       812
       813
       839
       857
       859
       676
       811
       813
       808
       973
       974
       676
       811
       812
       924
       963
       964
       687
       815
       816
       731
       860
       861
       687
       814
       816
       790
       915
       916
       687
       814
       815
       834
       926
       927
       818
       819
       820
       767
       911
       912
       817
       819
       820
       824
       928
       929
       817
       818
       820
       856
       889
       890
       817
       818
       819
       888
       910
       913
       822
       823
       824
       936
       961
       962
       821
       823
       824
       828
       968
       979
       821
       822
       824
       930
       955
       956
       821
       822
       823
       818
       928
       929
       826
       827
       828
       919
       967
       976
       825
       827
       828
       832
       931
       932
       825
       826
       828
       876
       977
       978
       825
       826
       827
       822
       968
       979
       830
       831
       832
       965
       970
       971
       829
       831
       832
       836
       964
       966
       829
       830
       832
       963
       972
       973
       829
       830
       831
       826
       931
       932
       834
       835
       836
       934
       947
       948
       833
       835
       836
       816
       926
       927
       833
       834
       836
       859
       924
       925
       833
       834
       835
       830
       964
       966
       660
       789
       838
       803
       854
       856
       660
       789
       837
       735
       888
       889
       680
       791
       840
       811
       857
       859
       680
       791
       839
       916
       925
       927
       567
       708
       785
       842
       564
       695
       707
       798
       843
       567
       708
       785
       841
       566
       604
       783
       844
       845
       564
       695
       707
       798
       841
       705
       754
       801
       847
       850
       566
       604
       783
       842
       845
       565
      3213
      3232
      4060
      4061
       566
       604
       783
       842
       844
       606
      3233
      4053
      4061
      4083
       577
       706
       755
       786
       847
       579
       590
       752
       848
       849
       577
       706
       755
       786
       846
       705
       754
       801
       843
       850
       579
       590
       752
       846
       849
       576
      1035
      1237
      2023
      2024
       579
       590
       752
       846
       848
       591
      1096
      1238
      2022
      2023
       705
       754
       801
       843
       847
       709
       753
       799
       851
       852
       853
       709
       753
       799
       850
       852
       853
       585
       710
       800
       879
       882
       709
       753
       799
       850
       851
       853
       640
       711
       884
       885
       709
       753
       799
       850
       851
       852
       587
       637
       751
       863
       884
       887
       661
       667
       855
       803
       837
       856
       661
       667
       854
       160
       992
       999
       803
       837
       854
       819
       889
       890
       677
       683
       858
       811
       839
       859
       677
       683
       857
       176
       989
       997
       811
       839
       857
       835
       924
       925
       731
       814
       861
       684
       702
       862
       731
       814
       860
       926
       933
       934
       684
       702
       860
      3375
      4089
      4090
       636
       693
       864
       865
       866
       587
       637
       751
       853
       884
       887
       636
       693
       863
       865
       866
       638
       725
       896
       902
       903
       636
       693
       863
       864
       866
       692
       720
       894
       898
       903
       636
       693
       863
       864
       865
       532
       586
       690
       886
       887
       644
       653
       868
       869
       870
       645
       774
       945
       969
       980
       644
       653
       867
       869
       870
       643
       718
       893
       907
       908
       644
       653
       867
       868
       870
       651
       722
       895
       904
       908
       909
       644
       653
       867
       868
       869
       655
       779
       943
       944
       945
       632
       646
       738
       793
       872
       873
       633
       650
       765
       941
       942
       632
       646
       738
       793
       871
       873
       630
       647
       769
       892
       958
       960
       632
       646
       738
       793
       871
       872
       628
       739
       891
       892
       669
       675
       875
       805
       809
       876
       669
       675
       874
       168
       987
       994
       805
       809
       874
       827
       977
       978
       559
       742
       763
       878
       556
       634
       764
       938
       942
       559
       742
       763
       877
       657
       910
       911
       584
       712
       749
       796
       880
       585
       710
       800
       851
       882
       584
       712
       749
       796
       879
       713
       724
       750
       900
       901
       583
       697
       797
       882
       883
       580
      3198
      3603
      4068
      4076
       583
       697
       797
       881
       883
       585
       710
       800
       851
       879
       583
       697
       797
       881
       882
       698
      3369
      3604
      4067
      4068
       640
       711
       852
       885
       587
       637
       751
       853
       863
       887
       640
       711
       852
       884
       639
       714
       726
       900
       902
       532
       586
       690
       866
       887
       531
       589
      1094
      1484
      2022
      2033
       532
       586
       690
       866
       886
       587
       637
       751
       853
       863
       884
       735
       838
       889
       820
       910
       913
       735
       838
       888
       819
       856
       890
       819
       856
       889
       804
       929
       930
       628
       739
       873
       892
       626
       715
       740
       899
       981
       982
       628
       739
       873
       891
       630
       647
       769
       872
       958
       960
       717
       723
       894
       895
       896
       643
       718
       868
       907
       908
       717
       723
       893
       895
       896
       692
       720
       865
       898
       903
       717
       723
       893
       894
       896
       651
       722
       869
       904
       908
       909
       717
       723
       893
       894
       895
       638
       725
       864
       902
       903
       617
       691
       719
       898
       899
       616
       620
       737
       982
       983
       617
       691
       719
       897
       899
       692
       720
       865
       894
       903
       617
       691
       719
       897
       898
       626
       715
       740
       891
       981
       982
       713
       724
       750
       880
       901
       639
       714
       726
       885
       902
       713
       724
       750
       880
       900
       721
       748
       904
       905
       906
       638
       725
       864
       896
       903
       639
       714
       726
       885
       900
       638
       725
       864
       896
       902
       692
       720
       865
       894
       898
       721
       748
       901
       905
       906
       651
       722
       869
       895
       908
       909
       721
       748
       901
       904
       906
       573
       747
       762
       921
       922
       721
       748
       901
       904
       905
       652
       759
       909
       922
       923
       643
       718
       868
       893
       908
       627
       642
       716
       957
       981
       984
       643
       718
       868
       893
       907
       651
       722
       869
       895
       904
       909
       651
       722
       869
       895
       904
       908
       652
       759
       906
       922
       923
       657
       878
       911
       820
       888
       913
       657
       878
       910
       767
       817
       912
       767
       817
       911
       928
       935
       936
       820
       888
       910
       658
       733
       914
       658
       733
       913
       598
      2041
      2042
       790
       815
       916
       625
       686
       917
       790
       815
       915
       840
       925
       927
       625
       686
       915
      3491
      4078
      4088
       770
       775
       919
       920
       629
       771
       957
       958
       959
       770
       775
       918
       920
       825
       967
       976
       770
       775
       918
       919
       641
       776
       959
       980
       984
       573
       747
       762
       905
       922
       571
       593
       761
       951
       952
       573
       747
       762
       905
       921
       652
       759
       906
       909
       923
       652
       759
       906
       909
       922
       654
       758
       781
       943
       946
       835
       859
       925
       813
       963
       964
       835
       859
       924
       840
       916
       927
       816
       834
       927
       861
       933
       934
       816
       834
       926
       840
       916
       925
       818
       824
       929
       912
       935
       936
       818
       824
       928
       804
       890
       930
       804
       890
       929
       823
       955
       956
       826
       832
       932
       777
       971
       976
       826
       832
       931
       810
       972
       977
       861
       926
       934
       732
       756
       949
       950
       861
       926
       933
       833
       947
       948
       912
       928
       936
       649
       766
       940
       941
       912
       928
       935
       821
       961
       962
       537
       557
       635
       792
       938
       939
       538
      1083
      1378
      2020
      2021
       537
       557
       635
       792
       937
       939
       556
       634
       764
       877
       942
       537
       557
       635
       792
       937
       938
       558
      1025
      1376
      2021
      2030
       649
       766
       935
       941
       648
       768
       960
       961
       649
       766
       935
       940
       633
       650
       765
       871
       942
       556
       634
       764
       877
       938
       633
       650
       765
       871
       941
       655
       779
       870
       944
