         2
         3
         4
         5
      4093
      4094
         1
         3
         4
         5
        26
       312
      4091
      4093
         1
         2
         4
         5
        27
        67
       167
       312
       313
         1
         2
         3
         5
        21
        67
        68
        69
        70
         1
         2
         3
         4
        22
        68
      4094
      4111
         7
         8
         9
        10
        75
       175
       256
       395
       396
         6
         8
         9
        10
        74
       395
      2130
      2205
      4047
      4048
         6
         7
         9
        10
       452
      2129
      2329
      4048
      4049
         6
         7
         8
        10
        41
       174
       450
       452
       453
         6
         7
         8
         9
       174
       175
       176
       177
       178
        12
        13
        14
        15
        16
      4065
      4075
        11
        13
        14
        15
        16
        59
       437
      4075
      4118
        11
        12
        14
        15
        16
        55
        97
       221
       436
       437
        11
        12
        13
        15
        16
       173
       220
       356
       357
        11
        12
        13
        14
        16
       356
      4065
      4066
        11
        12
        13
        14
        15
        99
       220
       221
       222
       223
        18
        19
        20
        21
        22
        57
       163
       253
       254
       255
        17
        19
        20
        21
        22
       253
      4109
      4110
        17
        18
        20
        21
        22
      4109
      4111
        17
        18
        19
        21
        22
        69
       163
       164
       165
       166
        17
        18
        19
        20
        22
         4
        67
        68
        69
        70
        17
        18
        19
        20
        21
         5
        68
      4094
      4111
        24
        25
        26
        27
        28
        71
        72
        73
        74
        75
        23
        25
        26
        27
        28
        71
       167
       168
       169
       170
        23
        24
        26
        27
        28
        72
      2033
      2204
      4046
      4047
        23
        24
        25
        27
        28
         2
       312
      4091
      4093
        23
        24
        25
        26
        28
         3
        67
       167
       312
       313
        23
        24
        25
        26
        27
      2034
      4046
      4091
      4092
        30
        31
        32
       501
       858
       866
        29
        31
        32
        76
        77
        78
        29
        30
        32
       122
       224
       225
        29
        30
        31
      3914
      4056
      4057
        34
        35
        36
       505
       870
       877
        33
        35
        36
      4068
      4069
        33
        34
        36
        79
        80
        81
        33
        34
        35
       228
       318
       320
        38
        39
        40
        41
       154
       453
      2139
      2330
      4049
      4050
        37
        39
        40
        41
       154
       155
       156
       157
       158
        37
        38
        40
        41
       155
       193
       348
       349
       350
        37
        38
        39
        41
       176
       265
       348
       450
       451
        37
        38
        39
        40
         9
       174
       450
       452
       453
        43
        44
        45
        46
        47
        50
       270
      2028
      2390
      4044
      4051
        42
        44
        45
        46
        47
       362
      2030
      2078
      4044
      4045
        42
        43
        45
        46
        47
        51
       216
       270
       271
        42
        43
        44
        46
        47
       215
       300
       360
       361
        42
        43
        44
        45
        47
       215
       216
       217
       218
       219
        42
        43
        44
        45
        46
       124
       360
       362
       363
        49
        50
        51
        52
        53
        60
       159
       419
       420
       421
        48
        50
        51
        52
        53
       419
      2116
      2391
      4034
      4051
        48
        49
        51
        52
        53
        42
       270
      2028
      2390
      4044
      4051
        48
        49
        50
        52
        53
        44
       216
       270
       271
        48
        49
        50
        51
        53
       162
       306
       408
       418
       420
        48
        49
        50
        51
        52
       218
       271
       306
       307
       308
        55
        56
        57
        58
        59
        98
       201
       322
       343
       435
       436
        54
        56
        57
        58
        59
        13
        97
       221
       436
       437
        54
        55
        57
        58
        59
       165
       200
       255
       343
       344
        54
        55
        56
        58
        59
        17
       163
       253
       254
       255
        54
        55
        56
        57
        59
       254
      4110
      4118
        54
        55
        56
        57
        58
        12
       437
      4075
      4118
        61
        62
        63
        64
        65
        66
        48
       159
       419
       420
       421
        60
        62
        63
        64
        65
        66
       159
       160
       161
       162
        60
        61
        63
        64
        65
        66
       160
       249
       250
       251
       252
        60
        61
        62
        64
        65
        66
       157
       249
       315
       316
       317
        60
        61
        62
        63
        65
        66
       315
      2102
      2401
      4029
      4030
        60
        61
        62
        63
        64
        66
       421
      2118
      2321
      4033
      4034
        60
        61
        62
        63
        64
        65
      2101
      2324
      2448
      4029
      4033
         4
        21
        68
        69
        70
         3
        27
       167
       312
       313
         4
        21
        67
        69
        70
         5
        22
      4094
      4111
         4
        21
        67
        68
        70
        20
       163
       164
       165
       166
         4
        21
        67
        68
        69
       164
       169
       302
       313
       314
        23
        72
        73
        74
        75
        24
       167
       168
       169
       170
        23
        71
        73
        74
        75
        25
      2033
      2204
      4046
      4047
        23
        71
        72
        74
        75
       168
       256
       257
       258
       259
        23
        71
        72
        73
        75
         7
       395
      2130
      2205
      4047
      4048
        23
        71
        72
        73
        74
         6
       175
       256
       395
       396
        30
        77
        78
       546
       858
       859
        30
        76
        78
       224
       260
       261
        30
        76
        77
       129
       309
       311
        35
        80
        81
      4069
      4070
        35
        79
        81
       262
       318
       319
        35
        79
        80
       171
       172
       173
        83
        84
        85
        86
       258
       303
       397
       424
       425
       426
        82
        84
        85
        86
       208
       339
       424
       443
       444
        82
        83
        85
        86
       197
       304
       345
       422
       425
        82
        83
        84
        86
       184
       198
       340
       422
       423
        82
        83
        84
        85
       182
       339
       340
       341
       342
        88
        89
        90
        91
       118
       204
       275
       393
       400
       462
       463
        87
        89
        90
        91
       117
       235
       370
       393
       394
        87
        88
        90
        91
       203
       342
       443
       463
       464
        87
        88
        89
        91
       181
       341
       409
       461
       464
        87
        88
        89
        90
       237
       394
       409
       410
       411
        93
        94
        95
        96
       192
       269
       350
       441
       449
       451
        92
        94
        95
        96
       191
       330
       415
       441
       442
        92
        93
        95
        96
       206
       268
       399
       448
       449
        92
        93
        94
        96
       205
       276
       331
       399
       400
        92
        93
        94
        95
       106
       273
       330
       331
       332
        98
        99
       100
       101
        13
        55
       221
       436
       437
        97
        99
       100
       101
        54
       201
       322
       343
       435
       436
        97
        98
       100
       101
        16
       220
       221
       222
       223
        97
        98
        99
       101
       214
       222
       321
       324
       325
        97
        98
        99
       100
       211
       321
       322
       323
       103
       104
       105
       106
       186
       332
       366
       416
       440
       442
       102
       104
       105
       106
       185
       402
       429
       438
       440
       102
       103
       105
       106
       242
       272
       427
       438
       439
       102
       103
       104
       106
       272
       273
       274
       275
       276
       102
       103
       104
       105
        96
       273
       330
       331
       332
       108
       109
       110
       111
       195
       277
       364
       414
       415
       416
       107
       109
       110
       111
       277
       278
       279
       280
       281
       107
       108
       110
       111
       187
       364
       365
       366
       107
       108
       109
       111
       115
       245
       278
       377
       405
       406
       107
       108
       109
       110
       190
       246
       365
       404
       405
       113
       114
       115
       116
       281
       308
       372
       406
       407
       408
       112
       114
       115
       116
       217
       307
       327
       372
       373
       112
       113
       115
       116
       244
       326
       377
       378
       112
       113
       114
       116
       110
       245
       278
       377
       405
       406
       112
       113
       114
       115
       326
       327
       328
       329
       118
       119
       120
       121
        88
       235
       370
       393
       394
       117
       119
       120
       121
        87
       204
       275
       393
       400
       462
       463
       117
       118
       120
       121
       240
       274
       439
       456
       462
       117
       118
       119
       121
       239
       369
       456
       457
       117
       118
       119
       120
       234
       369
       370
       371
       123
       124
       125
        31
       224
       225
       122
       124
       125
       261
       300
       301
       122
       123
       125
        47
       360
       362
       363
       122
       123
       124
      3744
      4061
      4062
       127
       128
       129
       572
       864
       865
       126
       128
       129
       133
       379
       380
       126
       127
       129
       282
       283
       284
       126
       127
       128
        78
       309
       311
       131
       132
       133
       576
       860
       861
       130
       132
       133
       137
       389
       391
       130
       131
       133
       285
       286
       287
       130
       131
       132
       127
       379
       380
       135
       136
       137
       580
       874
       875
       134
       136
       137
       141
       430
       431
       134
       135
       137
       288
       289
       290
       134
       135
       136
       131
       389
       391
       139
       140
       141
       584
       862
       863
       138
       140
       141
       145
       336
       338
       138
       139
       141
       291
       292
       293
       138
       139
       140
       135
       430
       431
       143
       144
       145
       588
       872
       873
       142
       144
       145
       149
       445
       446
       142
       143
       145
       294
       295
       296
       142
       143
       144
       139
       336
       338
       147
       148
       149
       592
       867
       869
       146
       148
       149
       153
       385
       387
       146
       147
       149
       297
       298
       299
       146
       147
       148
       143
       445
       446
       151
       152
       153
       596
       868
       876
       150
       152
       153
       226
       227
       228
       150
       151
       153
       346
       354
       355
       150
       151
       152
       147
       385
       387
        38
       155
       156
       157
       158
        37
       453
      2139
      2330
      4049
      4050
        38
       154
       156
       157
       158
        39
       193
       348
       349
       350
        38
       154
       155
       157
       158
       317
      2135
      2402
      4030
      4050
        38
       154
       155
       156
       158
        63
       249
       315
       316
       317
        38
       154
       155
       156
       157
       196
       252
       316
       349
       351
        61
       160
       161
       162
        48
        60
       419
       420
       421
        61
       159
       161
       162
        62
       249
       250
       251
       252
        61
       159
       160
       162
       250
       280
       407
       417
       418
        61
       159
       160
       161
        52
       306
       408
       418
       420
        20
        69
       164
       165
       166
        17
        57
       253
       254
       255
        20
        69
       163
       165
       166
        70
       169
       302
       313
       314
        20
        69
       163
       164
       166
        56
       200
       255
       343
       344
        20
        69
       163
       164
       165
       199
       305
       314
       344
       345
        24
        71
       168
       169
       170
         3
        27
        67
       312
       313
        24
        71
       167
       169
       170
        73
       256
       257
       258
       259
        24
        71
       167
       168
       170
        70
       164
       302
       313
       314
        24
        71
       167
       168
       169
       257
       302
       303
       304
       305
        81
       172
       173
      4066
      4070
        81
       171
       173
       262
       263
       264
        81
       171
       172
        14
       220
       356
       357
        10
       175
       176
       177
       178
         9
        41
       450
       452
       453
        10
       174
       176
       177
       178
         6
        75
       256
       395
       396
        10
       174
       175
       177
       178
        40
       265
       348
       450
       451
        10
       174
       175
       176
       178
       259
       266
       396
       397
       398
        10
       174
       175
       176
       177
       265
       266
       267
       268
       269
       180
       181
       182
       183
       184
       210
       232
       384
       433
       434
       179
       181
       182
       183
       184
       202
       209
       323
       423
       433
       435
       179
       180
       182
       183
       184
        90
       341
       409
       461
       464
       179
       180
       181
       183
       184
        86
       339
       340
       341
       342
       179
       180
       181
       182
       184
       230
       411
       434
       458
       461
       179
       180
       181
       182
       183
        85
       198
       340
       422
       423
       186
       187
       188
       189
       190
       103
       402
       429
       438
       440
       185
       187
       188
       189
       190
       102
       332
       366
       416
       440
       442
       185
       186
       188
       189
       190
       109
       364
       365
       366
       185
       186
       187
       189
       190
       247
       392
       401
       404
       185
       186
       187
       188
       190
       335
       401
       402
       403
       185
       186
       187
       188
       189
       111
       246
       365
       404
       405
       192
       193
       194
       195
       196
        93
       330
       415
       441
       442
       191
       193
       194
       195
       196
        92
       269
       350
       441
       449
       451
       191
       192
       194
       195
       196
        39
       155
       348
       349
       350
       191
       192
       193
       195
       196
       251
       279
       351
       414
       417
       191
       192
       193
       194
       196
       107
       277
       364
       414
       415
       416
       191
       192
       193
       194
       195
       158
       252
       316
       349
       351
       198
       199
       200
       201
       202
        84
       304
       345
       422
       425
       197
       199
       200
       201
       202
        85
       184
       340
       422
       423
       197
       198
       200
       201
       202
       166
       305
       314
       344
       345
       197
       198
       199
       201
       202
        56
       165
       255
       343
       344
       197
       198
       199
       200
       202
        54
        98
       322
       343
       435
       436
       197
       198
       199
       200
       201
       180
       209
       323
       423
       433
       435
       204
       205
       206
       207
       208
        89
       342
       443
       463
       464
       203
       205
       206
       207
       208
        87
       118
       275
       393
       400
       462
       463
       203
       204
       206
       207
       208
        95
       276
       331
       399
       400
       203
       204
       205
       207
       208
        94
       268
       399
       448
       449
       203
       204
       205
       206
       208
       267
       398
       426
       444
       448
       203
       204
       205
       206
       207
        83
       339
       424
       443
       444
       210
       211
       212
       213
       214
       180
       202
       323
       423
       433
       435
       209
       211
       212
       213
       214
       179
       232
       384
       433
       434
       209
       210
       212
       213
       214
       101
       321
       322
       323
       209
       210
       211
       213
       214
       231
       358
       383
       384
       209
       210
       211
       212
       214
       324
       352
       358
       359
       209
       210
       211
       212
       213
       100
       222
       321
       324
       325
        46
       216
       217
       218
       219
        45
       300
       360
       361
        46
       215
       217
       218
       219
        44
        51
       270
       271
        46
       215
       216
       218
       219
       113
       307
       327
       372
       373
        46
       215
       216
       217
       219
        53
       271
       306
       307
       308
        46
       215
       216
       217
       218
       328
       361
       373
       374
        16
        99
       221
       222
       223
        14
       173
       356
       357
        16
        99
       220
       222
       223
        13
        55
        97
       436
       437
        16
        99
       220
       221
       223
       100
       214
       321
       324
       325
        16
        99
       220
       221
       222
       263
       325
       357
       359
        31
       122
       225
        77
       260
       261
        31
       122
       224
      3780
      4057
      4061
       151
       227
       228
       756
       871
       876
       151
       226
       228
       319
       346
       347
       151
       226
       227
        36
       318
       320
       230
       231
       232
       233
       236
       410
       454
       458
       229
       231
       232
       233
       183
       411
       434
       458
       461
       229
       230
       232
       233
       212
       358
       383
       384
       229
       230
       231
       233
       179
       210
       384
       433
       434
       229
       230
       231
       232
       382
       386
       388
       235
       236
       237
       238
       121
       369
       370
       371
       234
       236
       237
       238
        88
       117
       370
       393
       394
       234
       235
       237
       238
       229
       410
       454
       458
       234
       235
       236
       238
        91
       394
       409
       410
       411
       234
       235
       236
       237
       447
       455
       459
       240
       241
       242
       243
       120
       369
       456
       457
       239
       241
       242
       243
       119
       274
       439
       456
       462
       239
       240
       242
       243
       403
       427
       428
       429
       239
       240
       241
       243
       104
       272
       427
       438
       439
       239
       240
       241
       242
       293
       412
       413
       245
       246
       247
       248
       114
       326
       377
       378
       244
       246
       247
       248
       110
       115
       278
       377
       405
       406
       244
       245
       247
       248
       111
       190
       365
       404
       405
       244
       245
       246
       248
       188
       392
       401
       404
       244
       245
       246
       247
       287
       367
       368
        62
       160
       250
       251
       252
        63
       157
       315
       316
       317
        62
       160
       249
       251
       252
       161
       280
       407
       417
       418
        62
       160
       249
       250
       252
       194
       279
       351
       414
       417
        62
       160
       249
       250
       251
       158
       196
       316
       349
       351
        17
        57
       163
       254
       255
        18
      4109
      4110
        17
        57
       163
       253
       255
        58
      4110
      4118
        17
        57
       163
       253
       254
        56
       165
       200
       343
       344
        73
       168
       257
       258
       259
         6
        75
       175
       395
       396
        73
       168
       256
       258
       259
       170
       302
       303
       304
       305
        73
       168
       256
       257
       259
        82
       303
       397
       424
       425
       426
        73
       168
       256
       257
       258
       177
       266
       396
       397
       398
        77
       224
       261
       283
       309
       310
        77
       224
       260
       123
       300
       301
       172
       263
       264
        80
       318
       319
       172
       262
       264
       223
       325
       357
       359
       172
       262
       263
       347
       352
       353
       178
       266
       267
       268
       269
        40
       176
       348
       450
       451
       178
       265
       267
       268
       269
       177
       259
       396
       397
       398
       178
       265
       266
       268
       269
       207
       398
       426
       444
       448
       178
       265
       266
       267
       269
        94
       206
       399
       448
       449
       178
       265
       266
       267
       268
        92
       192
       350
       441
       449
       451
        44
        51
       216
       271
        42
        50
      2028
      2390
      4044
      4051
        44
        51
       216
       270
        53
       218
       306
       307
       308
       105
       273
       274
       275
       276
       104
       242
       427
       438
       439
       105
       272
       274
       275
       276
        96
       106
       330
       331
       332
       105
       272
       273
       275
       276
       119
       240
       439
       456
       462
       105
       272
       273
       274
       276
        87
       118
       204
       393
       400
       462
       463
       105
       272
       273
       274
       275
        95
       205
       331
       399
       400
       108
       278
       279
       280
       281
       107
       195
       364
       414
       415
       416
       108
       277
       279
       280
       281
       110
       115
       245
       377
       405
       406
       108
       277
       278
       280
       281
       194
       251
       351
       414
       417
       108
       277
       278
       279
       281
       161
       250
       407
       417
       418
       108
       277
       278
       279
       280
       112
       308
       372
       406
       407
       408
       128
       283
       284
       286
       380
       381
       128
       282
       284
       260
       309
       310
       128
       282
       283
       329
       375
       376
       132
       286
       287
       289
       389
       390
       132
       285
       287
       282
       380
       381
       132
       285
       286
       248
       367
       368
       136
       289
       290
       292
       431
       432
       136
       288
       290
       285
       389
       390
       136
       288
       289
       333
       334
       335
       140
       292
       293
       295
       336
       337
       140
       291
       293
       288
       431
       432
       140
       291
       292
       243
       412
       413
       144
       295
       296
       298
       446
       447
       144
       294
       296
       291
       336
       337
       144
       294
       295
       371
       459
       460
       148
       298
       299
       354
       385
       386
       148
       297
       299
       294
       446
       447
       148
       297
       298
       388
       454
       455
       123
       261
       301
        45
       215
       360
       361
       123
       261
       300
       310
       374
       376
       170
       257
       303
       304
       305
        70
       164
       169
       313
       314
       170
       257
       302
       304
       305
        82
       258
       397
       424
       425
       426
       170
       257
       302
       303
       305
        84
       197
       345
       422
       425
       170
       257
       302
       303
       304
       166
       199
       314
       344
       345
        53
       218
       271
       307
       308
        52
       162
       408
       418
       420
        53
       218
       271
       306
       308
       113
       217
       327
       372
       373
        53
       218
       271
       306
       307
       112
       281
       372
       406
       407
       408
       260
       283
       310
        78
       129
       311
       260
       283
       309
       301
       374
       376
        78
       129
       309
       788
       859
       865
         3
        27
        67
       167
       313
         2
        26
      4091
      4093
         3
        27
        67
       167
       312
        70
       164
       169
       302
       314
        70
       164
       169
       302
       313
       166
       199
       305
       344
       345
        63
       157
       249
       316
       317
        64
      2102
      2401
      4029
      4030
        63
       157
       249
       315
       317
       158
       196
       252
       349
       351
        63
       157
       249
       315
       316
       156
      2135
      2402
      4030
      4050
        80
       262
       319
        36
       228
       320
        80
       262
       318
       227
       346
       347
        36
       228
       318
       617
       870
       871
       101
       211
       322
       323
       100
       214
       222
       324
       325
       101
       211
       321
       323
        54
        98
       201
       343
       435
       436
       101
       211
       321
       322
       180
       202
       209
       423
       433
       435
       100
       214
       222
       321
       325
       213
       352
       358
       359
       100
       214
       222
       321
       324
       223
       263
       357
       359
       116
       327
       328
       329
       114
       244
       377
       378
       116
       326
       328
       329
       113
       217
       307
       372
       373
       116
       326
       327
       329
       219
       361
       373
       374
       116
       326
       327
       328
       284
       375
       376
        96
       106
       273
       331
       332
        93
       191
       415
       441
       442
        96
       106
       273
       330
       332
        95
       205
       276
       399
       400
        96
       106
       273
       330
       331
       102
       186
       366
       416
       440
       442
       290
       334
       335
       413
       428
       432
       290
       333
       335
       367
       390
       392
       290
       333
       334
       189
       401
       402
       403
       291
       295
       337
       139
       145
       338
       291
       295
       336
       412
       457
       460
       139
       145
       336
       855
       862
       873
        86
       182
       340
       341
       342
        83
       208
       424
       443
       444
        86
       182
       339
       341
       342
        85
       184
       198
       422
       423
        86
       182
       339
       340
       342
        90
       181
       409
       461
       464
        86
       182
       339
       340
       341
        89
       203
       443
       463
       464
        56
       165
       200
       255
       344
        54
        98
       201
       322
       435
       436
        56
       165
       200
       255
       343
       166
       199
       305
       314
       345
       166
       199
       305
       314
       344
        84
       197
       304
       422
       425
       227
       319
       347
       152
       354
       355
       227
       319
       346
       264
       352
       353
        39
       155
       193
       349
       350
        40
       176
       265
       450
       451
        39
       155
       193
       348
       350
       158
       196
       252
       316
       351
        39
       155
       193
       348
       349
        92
       192
       269
       441
       449
       451
       158
       196
       252
       316
       349
       194
       251
       279
       414
       417
       264
       347
       353
       213
       324
       358
       359
       264
       347
       352
       355
       382
       383
       152
       346
       355
       297
       385
       386
       152
       346
       354
       353
       382
       383
        14
       173
       220
       357
        15
      4065
      4066
        14
       173
       220
       356
       223
       263
       325
       359
       213
       324
       352
       359
       212
       231
       383
       384
       213
       324
       352
       358
       223
       263
       325
       357
        45
       215
       300
       361
        47
       124
       362
       363
        45
       215
       300
       360
       219
       328
       373
       374
        47
       124
       360
       363
        43
      2030
      2078
      4044
      4045
        47
       124
       360
       362
      2081
      4010
      4045
      4062
       109
       187
       365
       366
       107
       195
       277
       414
       415
       416
       109
       187
       364
       366
       111
       190
       246
       404
       405
       109
       187
       364
       365
       102
       186
       332
       416
       440
       442
       248
       287
       368
       334
       390
       392
       248
       287
       367
       375
       378
       381
       121
       234
       370
       371
       120
       239
       456
       457
       121
       234
       369
       371
        88
       117
       235
       393
       394
       121
       234
       369
       370
       296
       459
       460
       113
       217
       307
       327
       373
       112
       281
       308
       406
       407
       408
       113
       217
       307
       327
       372
       219
       328
       361
       374
       219
       328
       361
       373
       301
       310
       376
       284
       329
       376
       368
       378
       381
       284
       329
       375
       301
       310
       374
       114
       244
       326
       378
       110
       115
       245
       278
       405
       406
       114
       244
       326
       377
       368
       375
       381
       127
       133
       380
       747
       861
       864
       127
       133
       379
       282
       286
       381
       282
       286
       380
       368
       375
       378
       353
       355
       383
       233
       386
       388
       353
       355
       382
       212
       231
       358
       384
       212
       231
       358
       383
       179
       210
       232
       433
       434
       297
       354
       386
       147
       153
       387
       297
       354
       385
       233
       382
       388
       147
       153
       385
       842
       867
       868
       233
       382
       386
       299
       454
       455
       285
       289
       390
       131
       137
       391
       285
       289
       389
       334
       367
       392
       131
       137
       389
       817
       860
       874
       334
       367
       390
       188
       247
       401
       404
        88
       117
       235
       370
       394
        87
       118
       204
       275
       400
       462
       463
        88
       117
       235
       370
       393
        91
       237
       409
       410
       411
         6
        75
       175
       256
       396
         7
        74
      2130
      2205
      4047
      4048
         6
        75
       175
       256
       395
       177
       259
       266
       397
       398
       177
       259
       266
       396
       398
        82
       258
       303
       424
       425
       426
       177
       259
       266
       396
       397
       207
       267
       426
       444
       448
        95
       205
       276
       331
       400
        94
       206
       268
       448
       449
        95
       205
       276
       331
       399
        87
       118
       204
       275
       393
       462
       463
       189
       335
       402
       403
       188
       247
       392
       404
       189
       335
       401
       403
       103
       185
       429
       438
       440
       189
       335
       401
       402
       241
       427
       428
       429
       188
       247
       392
       401
       111
       190
       246
       365
       405
       111
       190
       246
       365
       404
       110
       115
       245
       278
       377
       406
       112
       281
       308
       372
       407
       408
       110
       115
       245
       278
       377
       405
       112
       281
       308
       372
       406
       408
       161
       250
       280
       417
       418
       112
       281
       308
       372
       406
       407
        52
       162
       306
       418
       420
        91
       237
       394
       410
       411
        90
       181
       341
       461
       464
        91
       237
       394
       409
       411
       229
       236
       454
       458
        91
       237
       394
       409
       410
       183
       230
       434
       458
       461
       243
       293
       413
       337
       457
       460
       243
       293
       412
       333
       428
       432
       107
       195
       277
       364
       415
       416
       194
       251
       279
       351
       417
       107
       195
       277
       364
       414
       416
        93
       191
       330
       441
       442
       107
       195
       277
       364
       414
       415
       102
       186
       332
       366
       440
       442
       194
       251
       279
       351
       414
       161
       250
       280
       407
       418
       161
       250
       280
       407
       417
        52
       162
       306
       408
       420
        48
        60
       159
       420
       421
        49
      2116
      2391
      4034
      4051
        48
        60
       159
       419
       421
        52
       162
       306
       408
       418
        48
        60
       159
       419
       420
        65
      2118
      2321
      4033
      4034
        85
       184
       198
       340
       423
        84
       197
       304
       345
       425
        85
       184
       198
       340
       422
       180
       202
       209
       323
       433
       435
        82
       258
       303
       397
       425
       426
        83
       208
       339
       443
       444
        82
       258
       303
       397
       424
       426
        84
       197
       304
       345
       422
        82
       258
       303
       397
       424
       425
       207
       267
       398
       444
       448
       241
       403
       428
       429
       104
       242
       272
       438
       439
       241
       403
       427
       429
       333
       413
       432
       241
       403
       427
       428
       103
       185
       402
       438
       440
       135
       141
       431
       750
       863
       875
       135
       141
       430
       288
       292
       432
       288
       292
       431
       333
       413
       428
       179
       210
       232
       384
       434
       180
       202
       209
       323
       423
       435
       179
       210
       232
       384
       433
       183
       230
       411
       458
       461
       180
       202
       209
       323
       423
       433
        54
        98
       201
       322
       343
       436
        54
        98
       201
       322
       343
       435
        13
        55
        97
       221
       437
        13
        55
        97
       221
       436
        12
        59
      4075
      4118
       104
       242
       272
       427
       439
       103
       185
       402
       429
       440
       104
       242
       272
       427
       438
       119
       240
       274
       456
       462
       103
       185
       402
       429
       438
       102
       186
       332
       366
       416
       442
        93
       191
       330
       415
       442
        92
       192
       269
       350
       449
       451
        93
       191
       330
       415
       441
       102
       186
       332
       366
       416
       440
        83
       208
       339
       424
       444
        89
       203
       342
       463
       464
        83
       208
       339
       424
       443
       207
       267
       398
       426
       448
       143
       149
       446
       753
       869
       872
       143
       149
       445
       294
       298
       447
       294
       298
       446
       238
       455
       459
       207
       267
       398
       426
       444
        94
       206
       268
       399
       449
        94
       206
       268
       399
       448
        92
       192
       269
       350
       441
       451
        40
       176
       265
       348
       451
         9
        41
       174
       452
       453
        40
       176
       265
       348
       450
        92
       192
       269
       350
       441
       449
         9
        41
       174
       450
       453
         8
      2129
      2329
      4048
      4049
         9
        41
       174
       450
       452
        37
       154
      2139
      2330
      4049
      4050
       299
       388
       455
       229
       236
       410
       458
       299
       388
       454
       238
       447
       459
       120
       239
       369
       457
       119
       240
       274
       439
       462
       120
       239
       369
       456
       337
       412
       460
       229
       236
       410
       454
       183
       230
       411
       434
       461
       238
       447
       455
       296
       371
       460
       296
       371
       459
       337
       412
       457
       183
       230
       411
       434
       458
        90
       181
       341
       409
       464
       119
       240
       274
       439
       456
        87
       118
       204
       275
       393
       400
       463
        89
       203
       342
       443
       464
        87
       118
       204
       275
       393
       400
       462
        89
       203
       342
       443
       463
        90
       181
       341
       409
       461
       466
       467
       468
       602
       935
      1015
      1407
      1997
      2002
       465
       467
       468
       544
       822
       936
      1988
      1997
       465
       466
       468
       514
       602
       603
       604
       605
       606
       465
       466
       467
       542
       557
       603
       670
       821
       822
       470
       471
       472
       476
       532
       537
       737
       795
       797
       469
       471
       472
       475
       797
       901
      1061
      1986
      1989
       469
       470
       472
       531
       836
       900
       980
      1989
      1990
       469
       470
       471
       531
       532
       533
       534
       535
       474
       475
       476
       477
       510
       536
       599
       630
       631
       632
       473
       475
       476
       477
       509
       630
       927
      1062
      1985
      1986
       473
       474
       476
       477
       470
       797
       901
      1061
      1986
      1989
       473
       474
       475
       477
       469
       532
       537
       737
       795
       797
       473
       474
       475
       476
       536
       537
       538
       539
       479
       480
       481
       482
       763
       973
      1049
      1056
      1239
      1987
      1991
       478
       480
       481
       482
       527
       612
       763
       764
       765
       478
       479
       481
       482
       540
       938
      1237
      1987
      1988
       478
       479
       480
       482
       540
       541
       542
       543
       544
       478
       479
       480
       481
       541
       612
       613
       614
       615
       484
       485
       486
       487
       496
       551
       633
       634
       635
       636
       483
       485
       486
       487
       633
      1023
      1328
      1992
      1998
       483
       484
       486
       487
       552
       634
       654
       655
       656
       483
       484
       485
       487
       512
       857
      1021
      1386
      1992
      1993
       483
       484
       485
       486
       513
       620
       654
       659
       856
       857
       489
       490
       491
       492
       524
       598
       758
       759
       760
       488
       490
       491
       492
       758
      1427
      1515
      1979
      1984
      1994
       488
       489
       491
       492
       508
       924
      1978
      1984
      1985
       488
       489
       490
       492
       507
       598
       599
       600
       601
       488
       489
       490
       491
       507
       508
       509
       510
       494
       495
       496
       497
       498
       983
      1029
      1284
      1995
      1996
       493
       495
       496
       497
       498
       731
       837
       984
      1990
      1995
       493
       494
       496
       497
       498
       635
      1027
      1329
      1996
      1998
       493
       494
       495
       497
       498
       483
       551
       633
       634
       635
       636
       493
       494
       495
       496
       498
       562
       726
       731
       732
       733
       493
       494
       495
       496
       497
       554
       636
       726
       727
       728
       500
       501
       502
       568
       637
       638
       499
       501
       502
       545
       546
       547
       499
       500
       502
        29
       858
       866
       499
       500
       501
      3931
      4058
      4059
       504
       505
       506
       548
       549
       550
       503
       505
       506
      4067
      4127
       503
       504
       506
        33
       870
       877
       503
       504
       505
       616
       617
       618
       492
       508
       509
       510
       491
       598
       599
       600
       601
       492
       507
       509
       510
       490
       924
      1978
      1984
      1985
       492
       507
       508
       510
       474
       630
       927
      1062
      1985
      1986
       492
       507
       508
       509
       473
       536
       599
       630
       631
       632
       512
       513
       514
       515
       516
       604
      1017
      1385
      1993
      2002
       511
       513
       514
       515
       516
       486
       857
      1021
      1386
      1992
      1993
       511
       512
       514
       515
       516
       487
       620
       654
       659
       856
       857
       511
       512
       513
       515
       516
       467
       602
       603
       604
       605
       606
       511
       512
       513
       514
       516
       621
       625
       659
       660
       511
       512
       513
       514
       515
       605
       625
       626
       627
       518
       519
       520
       530
       610
       611
       517
       519
       520
      4163
      4164
       517
       518
       520
       802
      4165
      4166
       517
       518
       519
       667
       801
       803
       522
       523
       524
       525
      1999
      3775
      4054
      4055
       521
       523
       524
       525
       760
      1428
      1994
      1999
      2000
       521
       522
       524
       525
       601
       664
       759
       761
       521
       522
       523
       525
       488
       598
       758
       759
       760
       521
       522
       523
       524
       607
       608
       609
       527
       528
       529
       530
       615
       668
       764
       766
       526
       528
       529
       530
       479
       612
       763
       764
       765
       526
       527
       529
       530
       880
      2001
      4161
      4162
       526
       527
       528
       530
       765
       881
       972
      1991
      2001
       526
       527
       528
       529
       517
       610
       611
       472
       532
       533
       534
       535
       471
       836
       900
       980
      1989
      1990
       472
       531
       533
       534
       535
       469
       476
       537
       737
       795
       797
       472
       531
       532
       534
       535
       561
       674
       732
       833
       836
       837
       472
       531
       532
       533
       535
       673
       674
       675
       676
       472
       531
       532
       533
       534
       673
       737
       738
       739
       477
       537
       538
       539
       473
       510
       599
       630
       631
       632
       477
       536
       538
       539
       469
       476
       532
       737
       795
       797
       477
       536
       537
       539
       739
       740
       795
       796
       477
       536
       537
       538
       631
       740
       741
       742
       481
       541
       542
       543
       544
       480
       938
      1237
      1987
      1988
       481
       540
       542
       543
       544
       482
       612
       613
       614
       615
       481
       540
       541
       543
       544
       468
       557
       603
       670
       821
       822
       481
       540
       541
       542
       544
       558
       613
       670
       671
       672
       481
       540
       541
       542
       543
       466
       822
       936
      1988
      1997
       500
       546
       547
       637
       657
       658
       500
       545
       547
        76
       858
       859
       500
       545
       546
       573
       787
       788
       503
       549
       550
      4127
      4166
       503
       548
       550
       616
       628
       629
       503
       548
       549
       661
       801
       802
       552
       553
       554
       555
       483
       496
       633
       634
       635
       636
       551
       553
       554
       555
       485
       634
       654
       655
       656
       551
       552
       554
       555
       640
       727
       768
       769
       770
       551
       552
       553
       555
       498
       636
       726
       727
       728
       551
       552
       553
       554
       647
       655
       768
       806
       807
       557
       558
       559
       560
       606
       626
       650
       773
       818
       821
       556
       558
       559
       560
       468
       542
       603
       670
       821
       822
       556
       557
       559
       560
       543
       613
       670
       671
       672
       556
       557
       558
       560
       671
       767
       778
       779
       556
       557
       558
       559
       649
       778
       818
       819
       562
       563
       564
       565
       533
       674
       732
       833
       836
       837
       561
       563
       564
       565
       497
       726
       731
       732
       733
       561
       562
       564
       565
       641
       771
       780
       781
       561
       562
       563
       565
       675
       780
       833
       834
       561
       562
       563
       564
       642
       728
       733
       770
       771
       567
       568
       569
       609
       734
       735
       566
       568
       569
       658
       729
       730
       566
       567
       569
       499
       637
       638
       566
       567
       568
      3950
      4052
      4060
       571
       572
       573
       677
       678
       679
       570
       572
       573
       577
       746
       747
       570
       571
       573
       126
       864
       865
       570
       571
       572
       547
       787
       788
       575
       576
       577
       680
       681
       682
       574
       576
       577
       581
       816
       817
       574
       575
       577
       130
       860
       861
       574
       575
       576
       571
       746
       747
       579
       580
       581
       683
       684
       685
       578
       580
       581
       585
       749
       750
       578
       579
       581
       134
       874
       875
       578
       579
       580
       575
       816
       817
       583
       584
       585
       686
       687
       688
       582
       584
       585
       589
       854
       855
       582
       583
       585
       138
       862
       863
       582
       583
       584
       579
       749
       750
       587
       588
       589
       689
       690
       691
       586
       588
       589
       593
       752
       753
       586
       587
       589
       142
       872
       873
       586
       587
       588
       583
       854
       855
       591
       592
       593
       692
       693
       694
       590
       592
       593
       597
       841
       842
       590
       591
       593
       146
       867
       869
       590
       591
       592
       587
       752
       753
       595
       596
       597
       695
       696
       697
       594
       596
       597
       618
       755
       756
       594
       595
       597
       150
       868
       876
       594
       595
       596
       591
       841
       842
       491
       507
       599
       600
       601
       488
       524
       758
       759
       760
       491
       507
       598
       600
       601
       473
       510
       536
       630
       631
       632
       491
       507
       598
       599
       601
       632
       741
       761
       762
       491
       507
       598
       599
       600
       523
       664
       759
       761
       467
       514
       603
       604
       605
       606
       465
       935
      1015
      1407
      1997
      2002
       467
       514
       602
       604
       605
       606
       468
       542
       557
       670
       821
       822
       467
       514
       602
       603
       605
       606
       511
      1017
      1385
      1993
      2002
       467
       514
       602
       603
       604
       606
       516
       625
       626
       627
       467
       514
       602
       603
       604
       605
       556
       626
       650
       773
       818
       821
       525
       608
       609
       664
       665
       666
       525
       607
       609
      3850
      4053
      4054
       525
       607
       608
       566
       734
       735
       517
       530
       611
      4162
      4163
       517
       530
       610
       667
       668
       669
       482
       541
       613
       614
       615
       479
       527
       763
       764
       765
       482
       541
       612
       614
       615
       543
       558
       670
       671
       672
       482
       541
       612
       613
       615
       672
       743
       766
       767
       482
       541
       612
       613
       614
       526
       668
       764
       766
       506
       617
       618
       549
       628
       629
       506
       616
       618
       320
       870
       871
       506
       616
       617
       595
       755
       756
       620
       621
       622
       623
       624
       645
       656
       807
       849
       856
       619
       621
       622
       623
       624
       487
       513
       654
       659
       856
       857
       619
       620
       622
       623
       624
       515
       625
       659
       660
       619
       620
       621
       623
       624
       651
       772
       782
       783
       619
       620
       621
       622
       624
       644
       782
       849
       850
       619
       620
       621
       622
       623
       627
       652
       660
       772
       773
       516
       605
       626
       627
       515
       621
       659
       660
       516
       605
       625
       627
       556
       606
       650
       773
       818
       821
       516
       605
       625
       626
       624
       652
       660
       772
       773
       549
       616
       629
       661
       662
       663
       549
       616
       628
       695
       755
       757
       473
       510
       536
       599
       631
       632
       474
       509
       927
      1062
      1985
      1986
       473
       510
       536
       599
       630
       632
       539
       740
       741
       742
       473
       510
       536
       599
       630
       631
       600
       741
       761
       762
       483
       496
       551
       634
       635
       636
       484
      1023
      1328
      1992
      1998
       483
       496
       551
       633
       635
       636
       485
       552
       654
       655
       656
       483
       496
       551
       633
       634
       636
       495
      1027
      1329
      1996
      1998
       483
       496
       551
       633
       634
       635
       498
       554
       726
       727
       728
       499
       568
       638
       545
       657
       658
       499
       568
       637
      3808
      4059
      4060
       640
       641
       642
       643
       646
       769
       805
       806
       639
       641
       642
       643
       553
       727
       768
       769
       770
       639
       640
       642
       643
       563
       771
       780
       781
       639
       640
       641
       643
       565
       728
       733
       770
       771
       639
       640
       641
       642
       710
       831
       832
       645
       646
       647
       648
       623
       782
       849
       850
       644
       646
       647
       648
       619
       656
       807
       849
       856
       644
       645
       647
       648
       639
       769
       805
       806
       644
       645
       646
       648
       555
       655
       768
       806
       807
       644
       645
       646
       647
       714
       843
       844
       650
       651
       652
       653
       560
       778
       818
       819
       649
       651
       652
       653
       556
       606
       626
       773
       818
       821
       649
       650
       652
       653
       622
       772
       782
       783
       649
       650
       651
       653
       624
       627
       660
       772
       773
       649
       650
       651
       652
       820
       827
       829
       485
       552
       634
       655
       656
       487
       513
       620
       659
       856
       857
       485
       552
       634
       654
       656
       555
       647
       768
       806
       807
       485
       552
       634
       654
       655
       619
       645
       807
       849
       856
       545
       637
       658
       678
       786
       787
       545
       637
       657
       567
       729
       730
       515
       621
       625
       660
       487
       513
       620
       654
       856
       857
       515
       621
       625
       659
       624
       627
       652
       772
       773
       628
       662
       663
       550
       801
       802
       628
       661
       663
       757
       808
       812
       628
       661
       662
       744
       803
       804
       607
       665
       666
       523
       601
       759
       761
       607
       664
       666
       729
       734
       736
       607
       664
       665
       762
       774
       777
       611
       668
       669
       520
       801
       803
       611
       667
       669
       526
       615
       764
       766
       611
       667
       668
       743
       744
       745
       543
       558
       613
       671
       672
       468
       542
       557
       603
       821
       822
       543
       558
       613
       670
       672
       559
       767
       778
       779
       543
       558
       613
       670
       671
       614
       743
       766
       767
       534
       674
       675
       676
       535
       737
       738
       739
       534
       673
       675
       676
       533
       561
       732
       833
       836
       837
       534
       673
       674
       676
       564
       780
       833
       834
       534
       673
       674
       675
       793
       798
       800
       570
       678
       679
       681
       746
       748
       570
       677
       679
       657
       786
       787
       570
       677
       678
       700
       784
       785
       574
       681
       682
       684
       815
       816
       574
       680
       682
       677
       746
       748
       574
       680
       681
       704
       789
       790
       578
       684
       685
       687
       749
       751
       578
       683
       685
       680
       815
       816
       578
       683
       684
       708
       813
       814
       582
       687
       688
       690
       853
       854
       582
       686
       688
       683
       749
       751
       582
       686
       687
       712
       823
       824
       586
       690
       691
       693
       752
       754
       586
       689
       691
       686
       853
       854
       586
       689
       690
       716
       847
       848
       590
       693
       694
       696
       840
       841
       590
       692
       694
       689
       752
       754
       590
       692
       693
       720
       838
       839
       594
       696
       697
       629
       755
       757
       594
       695
       697
       692
       840
       841
       594
       695
       696
       724
       808
       809
       699
       700
       701
       742
       776
       777
       698
       700
       701
       705
       791
       792
       698
       699
       701
       679
       784
       785
       698
       699
       700
       736
       774
       775
       703
       704
       705
       738
       793
       794
       702
       704
       705
       709
       798
       799
       702
       703
       705
       682
       789
       790
       702
       703
       704
       699
       791
       792
       707
       708
       709
       800
       834
       835
       706
       708
       709
       713
       825
       826
       706
       707
       709
       685
       813
       814
       706
       707
       708
       703
       798
       799
       711
       712
       713
       643
       831
       832
       710
       712
       713
       717
       845
       846
       710
       711
       713
       688
       823
       824
       710
       711
       712
       707
       825
       826
       715
       716
       717
       648
       843
       844
       714
       716
       717
       721
       851
       852
       714
       715
       717
       691
       847
       848
       714
       715
       716
       711
       845
       846
       719
       720
       721
       783
       827
       828
       718
       720
       721
       725
       829
       830
       718
       719
       721
       694
       838
       839
       718
       719
       720
       715
       851
       852
       723
       724
       725
       810
       819
       820
       722
       724
       725
       804
       811
       812
       722
       723
       725
       697
       808
       809
       722
       723
       724
       719
       829
       830
       498
       554
       636
       727
       728
       497
       562
       731
       732
       733
       498
       554
       636
       726
       728
       553
       640
       768
       769
       770
       498
       554
       636
       726
       727
       565
       642
       733
       770
       771
       567
       658
       730
       665
       734
       736
       567
       658
       729
       775
       785
       786
       497
       562
       726
       732
       733
       494
       837
       984
      1990
      1995
       497
       562
       726
       731
       733
       533
       561
       674
       833
       836
       837
       497
       562
       726
       731
       732
       565
       642
       728
       770
       771
       566
       609
       735
       665
       729
       736
       566
       609
       734
      3812
      4052
      4053
       665
       729
       734
       701
       774
       775
       535
       673
       738
       739
       469
       476
       532
       537
       795
       797
       535
       673
       737
       739
       702
       793
       794
       535
       673
       737
       738
       538
       740
       795
       796
       539
       631
       741
       742
       538
       739
       795
       796
       539
       631
       740
       742
       600
       632
       761
       762
       539
       631
       740
       741
       698
       776
       777
       669
       744
       745
       614
       672
       766
       767
       669
       743
       745
       663
       803
       804
       669
       743
       744
       779
       810
       811
       571
       577
       747
       677
       681
       748
       571
       577
       746
       379
       861
       864
       677
       681
       746
       784
       790
       792
       579
       585
       750
       683
       687
       751
       579
       585
       749
       430
       863
       875
       683
       687
       749
       813
       824
       826
       587
       593
       753
       689
       693
       754
       587
       593
       752
       445
       869
       872
       689
       693
       752
       839
       847
       852
       595
       618
       756
       629
       695
       757
       595
       618
       755
       226
       871
       876
       629
       695
       755
       662
       808
       812
       488
       524
       598
       759
       760
       489
      1427
      1515
      1979
      1984
      1994
       488
       524
       598
       758
       760
       523
       601
       664
       761
       488
       524
       598
       758
       759
       522
      1428
      1994
      1999
      2000
       600
       632
       741
       762
       523
       601
       664
       759
       600
       632
       741
       761
       666
       774
       777
       479
       527
       612
       764
       765
       478
       973
      1049
      1056
      1239
      1987
      1991
       479
       527
       612
       763
       765
       526
       615
       668
       766
       479
       527
       612
       763
       764
       529
       881
       972
      1991
      2001
       526
       615
       668
       764
       614
       672
       743
       767
       614
       672
       743
       766
       559
       671
       778
       779
       553
       640
       727
       769
       770
       555
       647
       655
       806
       807
       553
       640
       727
       768
       770
       639
       646
       805
       806
       553
       640
       727
       768
       769
       565
       642
       728
       733
       771
       565
       642
       728
       733
       770
       563
       641
       780
       781
       624
       627
       652
       660
       773
       622
       651
       782
       783
       624
       627
       652
       660
       772
       556
       606
       626
       650
       818
       821
       701
       736
       775
       666
       762
       777
       701
       736
       774
       730
       785
       786
       698
       742
       777
       791
       794
       796
       698
       742
       776
       666
       762
       774
       559
       671
       767
       779
       560
       649
       818
       819
       559
       671
       767
       778
       745
       810
       811
       563
       641
       771
       781
       564
       675
       833
       834
       563
       641
       771
       780
       825
       832
       835
       622
       651
       772
       783
       623
       644
       849
       850
       622
       651
       772
       782
       718
       827
       828
       679
       700
       785
       748
       790
       792
       679
       700
       784
       730
       775
       786
       730
       775
       785
       657
       678
       787
       657
       678
       786
       547
       573
       788
       547
       573
       787
       311
       859
       865
       682
       704
       790
       799
       814
       815
       682
       704
       789
       748
       784
       792
       699
       705
       792
       776
       794
       796
       699
       705
       791
       748
       784
       790
       702
       738
       794
       676
       798
       800
       702
       738
       793
       776
       791
       796
       538
       739
       740
       796
       469
       476
       532
       537
       737
       797
       538
       739
       740
       795
       776
       791
       794
       469
       476
       532
       537
       737
       795
       470
       475
       901
      1061
      1986
      1989
       703
       709
       799
       676
       793
       800
       703
       709
       798
       789
       814
       815
       676
       793
       798
       706
       834
       835
       550
       661
       802
       520
       667
       803
       550
       661
       801
       519
      4165
      4166
       520
       667
       801
       663
       744
       804
       663
       744
       803
       723
       811
       812
       639
       646
       769
       806
       831
       844
       845
       639
       646
       769
       805
       555
       647
       655
       768
       807
       555
       647
       655
       768
       806
       619
       645
       656
       849
       856
       697
       724
       809
       662
       757
       812
       697
       724
       808
       830
       838
       840
       745
       779
       811
       722
       819
       820
       745
       779
       810
       723
       804
       812
       723
       804
       811
       662
       757
       808
       685
       708
       814
       751
       824
       826
       685
       708
       813
       789
       799
       815
       789
       799
       814
       680
       684
       816
       680
       684
       815
       575
       581
       817
       575
       581
       816
       391
       860
       874
       560
       649
       778
       819
       556
       606
       626
       650
       773
       821
       560
       649
       778
       818
       722
       810
       820
       722
       810
       819
       653
       827
       829
       556
       606
       626
       650
       773
       818
       468
       542
       557
       603
       670
       822
       468
       542
       557
       603
       670
       821
       466
       544
       936
      1988
      1997
       688
       712
       824
       846
       848
       853
       688
       712
       823
       751
       813
       826
       707
       713
       826
       781
       832
       835
       707
       713
       825
       751
       813
       824
       718
       783
       828
       653
       820
       829
       718
       783
       827
       843
       850
       851
       653
       820
       827
       719
       725
       830
       719
       725
       829
       809
       838
       840
       643
       710
       832
       805
       844
       845
       643
       710
       831
       781
       825
       835
       564
       675
       780
       834
       533
       561
       674
       732
       836
       837
       564
       675
       780
       833
       706
       800
       835
       781
       825
       832
       706
       800
       834
       533
       561
       674
       732
       833
       837
       471
       531
       900
       980
      1989
      1990
       533
       561
       674
       732
       833
       836
       494
       731
       984
      1990
      1995
       694
       720
       839
       809
       830
       840
       694
       720
       838
       754
       847
       852
       809
       830
       838
       692
       696
       841
       692
       696
       840
       591
       597
       842
       591
       597
       841
       387
       867
       868
       648
       714
       844
       828
       850
       851
       648
       714
       843
       805
       831
       845
       805
       831
       844
       711
       717
       846
       711
       717
       845
       823
       848
       853
       691
       716
       848
       754
       839
       852
       691
       716
       847
       823
       846
       853
       623
       644
       782
       850
       619
       645
       656
       807
       856
       623
       644
       782
       849
       828
       843
       851
       828
       843
       850
       715
       721
       852
       715
       721
       851
       754
       839
       847
       823
       846
       848
       686
       690
       854
       686
       690
       853
       583
       589
       855
       583
       589
       854
       338
       862
       873
       619
       645
       656
       807
       849
       487
       513
       620
       654
       659
       857
       487
       513
       620
       654
       659
       856
       486
       512
      1021
      1386
      1992
      1993
        76
       546
       859
        29
       501
       866
        76
       546
       858
       311
       788
       865
       130
       576
       861
       391
       817
       874
       130
       576
       860
       379
       747
       864
       138
       584
       863
       338
       855
       873
       138
       584
       862
       430
       750
       875
       126
       572
       865
       379
       747
       861
       126
       572
       864
       311
       788
       859
        29
       501
       858
      3804
      4056
      4058
       387
       842
       868
       146
       592
       869
       387
       842
       867
       150
       596
       876
       146
       592
       867
       445
       753
       872
       320
       617
       871
        33
       505
       877
       320
       617
       870
       226
       756
       876
       142
       588
       873
       445
       753
       869
       142
       588
       872
       338
       855
       862
       391
       817
       860
       134
       580
       875
       430
       750
       863
       134
       580
       874
       150
       596
       868
       226
       756
       871
        33
       505
       870
      4067
      4068
       879
       880
       881
       882
       883
       934
       971
      1038
      1039
      1040
       878
       880
       881
       882
       883
      1038
      4160
      4174
       878
       879
       881
       882
       883
       528
      2001
      4161
      4162
       878
       879
       880
       882
       883
       529
       765
       972
      1991
      2001
       878
       879
       880
       881
       883
      4160
      4161
       878
       879
       880
       881
       882
       971
       972
       973
       974
       885
       886
       887
       888
       889
      4169
      4170
       884
       886
       887
       888
       889
       975
      4131
      4170
       884
       885
       887
       888
       889
       975
       976
       977
       978
       979
       884
       885
       886
       888
       889
      1041
      1127
      4167
      4168
       884
       885
       886
       887
       889
      4167
      4169
       884
       885
       886
       887
       888
       976
      1041
      1042
      1043
      1044
       891
       892
       893
       894
      1009
      1156
      1157
      1158
      1159
      1160
       890
       892
       893
       894
      1156
      1227
      1267
      1323
      1324
       890
       891
       893
       894
      1157
      1501
      1592
      1973
      1974
       890
       891
       892
       894
       963
      1225
      1323
      1413
      1415
       890
       891
       892
       893
       964
      1415
      1505
      1973
      1980
       896
       897
       898
       899
      1066
      1487
      1787
      1969
      1981
       895
       897
       898
       899
      1292
      1507
      1597
      1788
      1969
      1970
       895
       896
       898
       899
       968
      1137
      1289
      1292
      1293
       895
       896
       897
       899
      1065
      1137
      1138
      1139
      1140
       895
       896
       897
       898
      1065
      1066
      1067
      1068
      1069
       901
       902
       903
       904
       471
       531
       836
       980
      1989
      1990
       900
       902
       903
       904
       470
       475
       797
      1061
      1986
      1989
       900
       901
       903
       904
       926
      1045
      1061
      1062
      1063
      1064
       900
       901
       902
       904
       980
       981
       982
       983
       984
       900
       901
       902
       903
       981
      1045
      1046
      1047
       906
       907
       908
       909
       910
       957
      1421
      4171
      4172
       905
       907
       908
       909
       910
       958
      1254
      1379
      1420
      1421
       905
       906
       908
       909
       910
      1154
      1176
      1379
      1380
      1381
       905
       906
       907
       909
       910
      1006
      1153
      4186
      4187
       905
       906
       907
       908
       910
      1004
      1153
      1154
      1155
       905
       906
       907
       908
       909
      4171
      4187
       912
       913
       914
       915
       916
       986
      1125
      1378
      4179
      4185
       911
       913
       914
       915
       916
      4178
      4179
       911
       912
       914
       915
       916
      1070
      1071
      1072
      1073
      1074
       911
       912
       913
       915
       916
      1070
      1141
      1142
      1143
      1144
       911
       912
       913
       914
       916
      1071
      4176
      4178
       911
       912
       913
       914
       915
       989
      1141
      1375
      1378
       918
       919
       920
       921
       922
      1457
      1549
      1875
      1965
      1966
       917
       919
       920
       921
       922
       959
      1170
      1548
      1965
      1977
       917
       918
       920
       921
       922
      1077
      1353
      1456
      1966
      1972
       917
       918
       919
       921
       922
      1078
      1096
      1145
      1318
      1352
      1353
       917
       918
       919
       920
       922
       960
      1170
      1171
      1172
      1173
       917
       918
       919
       920
       921
      1097
      1171
      1296
      1318
      1319
       924
       925
       926
       927
       928
      1242
      1517
      1976
      1978
      1979
       923
       925
       926
       927
       928
       490
       508
      1978
      1984
      1985
       923
       924
       926
       927
       928
       942
      1231
      1242
      1243
      1244
       923
       924
       925
       927
       928
       902
      1045
      1061
      1062
      1063
      1064
       923
       924
       925
       926
       928
       474
       509
       630
      1062
      1985
      1986
       923
       924
       925
       926
       927
      1063
      1134
      1231
      1232
      1233
       930
       931
       932
       933
       934
       990
      1129
      4182
      4183
       929
       931
       932
       933
       934
      4183
      4184
       929
       930
       932
       933
       934
      1040
      4174
      4184
       929
       930
       931
       933
       934
       991
      1048
      1057
      1129
      1130
       929
       930
       931
       932
       934
       974
      1039
      1048
      1049
      1050
       929
       930
       931
       932
       933
       878
       971
      1038
      1039
      1040
       936
       937
       938
       939
       940
       465
       602
      1015
      1407
      1997
      2002
       935
       937
       938
       939
       940
       466
       544
       822
      1988
      1997
       935
       936
       938
       939
       940
      1014
      1166
      1274
      1407
      1408
       935
       936
       937
       939
       940
       480
       540
      1237
      1987
      1988
       935
       936
       937
       938
       940
      1165
      1166
      1167
      1168
      1169
       935
       936
       937
       938
       939
      1058
      1165
      1237
      1238
      1239
       942
       943
       944
       945
       946
      1243
      1441
      1516
      1554
      1975
      1976
       941
       943
       944
       945
       946
       925
      1231
      1242
      1243
      1244
       941
       942
       944
       945
       946
      1075
      1146
      1233
      1244
      1245
       941
       942
       943
       945
       946
      1556
      1566
      1769
      1971
      1975
       941
       942
       943
       944
       946
      1075
      1076
      1077
      1078
      1079
       941
       942
       943
       944
       945
      1076
      1455
      1564
      1971
      1972
       948
       949
       950
       951
       952
       977
      1051
      4120
      4121
       947
       949
       950
       951
       952
       979
      1042
      1051
      1052
       947
       948
       950
       951
       952
      4120
      4126
       947
       948
       949
       951
       952
      1037
      1252
      4082
      4126
       947
       948
       949
       950
       952
      1036
      1053
      1229
      1252
      1253
       947
       948
       949
       950
       951
      1044
      1052
      1053
      1054
      1055
       954
       955
       956
       957
       958
      4172
      4173
       953
       955
       956
       957
       958
      1235
      4173
      4175
       953
       954
       956
       957
       958
      1151
      1234
      1254
      1255
      1256
      1257
       953
       954
       955
       957
       958
       998
      1149
      1234
      1235
      1236
       953
       954
       955
       956
       958
       905
      1421
      4171
      4172
       953
       954
       955
       956
       957
       906
      1254
      1379
      1420
      1421
       960
       961
       962
       963
       964
       918
      1170
      1548
      1965
      1977
       959
       961
       962
       963
       964
       921
      1170
      1171
      1172
      1173
       959
       960
       962
       963
       964
      1172
      1222
      1297
      1413
      1414
       959
       960
       961
       963
       964
      1503
      1552
      1931
      1977
      1980
       959
       960
       961
       962
       964
       893
      1225
      1323
      1413
      1415
       959
       960
       961
       962
       963
       894
      1415
      1505
      1973
      1980
       966
       967
       968
       969
       970
      1032
      1161
      1162
      1163
      1164
       965
       967
       968
       969
       970
      1140
      1161
      1289
      1290
      1291
       965
       966
       968
       969
       970
      1293
      1513
      1970
      1982
      1983
       965
       966
       967
       969
       970
       897
      1137
      1289
      1292
      1293
       965
       966
       967
       968
       970
      1982
      4080
      4128
       965
       966
       967
       968
       969
      1162
      4080
      4081
       883
       972
       973
       974
       878
       934
      1038
      1039
      1040
       883
       971
       973
       974
       529
       765
       881
      1991
      2001
       883
       971
       972
       974
       478
       763
      1049
      1056
      1239
      1987
      1991
       883
       971
       972
       973
       933
      1039
      1048
      1049
      1050
       886
       976
       977
       978
       979
       885
      4131
      4170
       886
       975
       977
       978
       979
       889
      1041
      1042
      1043
      1044
       886
       975
       976
       978
       979
       947
      1051
      4120
      4121
       886
       975
       976
       977
       979
      4121
      4131
       886
       975
       976
       977
       978
       948
      1042
      1051
      1052
       903
       981
       982
       983
       984
       471
       531
       836
       900
      1989
      1990
       903
       980
       982
       983
       984
       904
      1045
      1046
      1047
       903
       980
       981
       983
       984
      1028
      1046
      1133
      1248
      1284
      1285
       903
       980
       981
       982
       984
       493
      1029
      1284
      1995
      1996
       903
       980
       981
       982
       983
       494
       731
       837
      1990
      1995
       986
       987
       988
       989
      1043
      1054
      1125
      1126
      1127
      1128
       985
       987
       988
       989
       911
      1125
      1378
      4179
      4185
       985
       986
       988
       989
      1055
      1126
      1228
      1229
      1230
       985
       986
       987
       989
      1144
      1182
      1228
      1334
      1375
      1376
       985
       986
       987
       988
       916
      1141
      1375
      1378
       991
       992
       993
       994
       995
       929
      1129
      4182
      4183
       990
       992
       993
       994
       995
       932
      1048
      1057
      1129
      1130
       990
       991
       993
       994
       995
      1311
      4181
      4182
       990
       991
       992
       994
       995
      1131
      1240
      1259
      1286
      1287
      1288
       990
       991
       992
       993
       995
      1060
      1130
      1131
      1132
       990
       991
       992
       993
       994
       999
      1286
      1311
      1312
      1313
       997
       998
       999
      1000
      1001
      1312
      4180
      4181
       996
       998
       999
      1000
      1001
      1236
      4175
      4180
       996
       997
       999
      1000
      1001
       956
      1149
      1234
      1235
      1236
       996
       997
       998
      1000
      1001
       995
      1286
      1311
      1312
      1313
       996
       997
       998
       999
      1001
      1149
      1150
      1151
      1152
       996
       997
       998
       999
      1000
      1102
      1150
      1288
      1295
      1308
      1313
      1003
      1004
      1005
      1006
      1007
      1192
      1265
      1321
      1362
      1363
      1002
      1004
      1005
      1006
      1007
      1155
      1177
      1193
      1362
      1380
      1382
      1002
      1003
      1005
      1006
      1007
       909
      1153
      1154
      1155
      1002
      1003
      1004
      1006
      1007
      1320
      4177
      4186
      1002
      1003
      1004
      1005
      1007
       908
      1153
      4186
      4187
      1002
      1003
      1004
      1005
      1006
      1073
      1262
      1320
      1321
      1322
      1009
      1010
      1011
      1012
      1013
      1158
      1483
      1582
      1967
      1968
      1008
      1010
      1011
      1012
      1013
       890
      1156
      1157
      1158
      1159
      1160
      1008
      1009
      1011
      1012
      1013
      1187
      1266
      1393
      1402
      1403
      1008
      1009
      1010
      1012
      1013
      1159
      1266
