         1
         6
        11
        16
        21
        26
        31
        36
        41
        46
        51
        56
        61
        66
        71
        76
        81
        86
        91
        96
       101
       106
       111
       116
       121
       126
       131
       136
       141
       146
       151
       156
       161
       166
       171
       176
       181
       186
       191
       196
       201
       206
       211
       216
       221
       226
       231
       236
       241
       246
       251
       256
       261
       266
       271
       276
       281
       286
       291
       296
       301
       306
       311
       316
       321
       326
       331
       336
       341
       346
       351
       356
       361
       366
       371
       376
       381
       386
       391
       396
       401
       406
       411
       416
       421
       426
       431
       436
       441
       446
       451
       456
       461
       466
       471
       476
       481
       486
       491
       496
       501
       506
       511
       516
       521
       526
       531
       536
       541
       546
       551
       556
       561
       566
       571
       576
       581
       586
       591
       596
       601
       606
       611
       616
       621
       626
       631
       636
       641
       646
       651
       656
       661
       666
       671
       676
       681
       686
       691
       696
       701
       706
       711
       716
       721
       726
       731
       736
       741
       746
       751
       756
       761
       766
       771
       776
       781
       786
       791
       796
       801
       806
       811
       816
       821
       826
       831
       836
       841
       846
       851
       856
       861
       866
       871
       876
       881
       886
       891
       896
       901
       906
       911
       916
       921
       926
       931
       936
       941
       946
       951
       956
       961
       966
       971
       976
       981
       986
       991
       996
      1001
      1006
      1011
      1016
      1021
      1026
      1031
      1036
      1041
      1046
      1051
      1056
      1061
      1066
      1071
      1076
      1081
      1086
      1091
      1096
      1101
      1106
      1111
      1116
      1121
      1126
      1131
      1136
      1141
      1146
      1151
      1156
      1161
      1166
      1171
      1176
      1181
      1186
      1191
      1196
      1201
      1206
      1211
      1216
      1221
      1226
      1231
      1236
      1241
      1246
      1251
      1256
      1261
      1266
      1271
      1276
      1281
      1286
      1291
      1296
      1301
      1306
      1311
      1316
      1321
      1326
      1331
      1336
      1341
      1346
      1351
      1356
      1361
      1366
      1371
      1376
      1381
      1386
      1391
      1396
      1401
      1406
      1411
      1416
      1421
      1426
      1431
      1436
      1441
      1446
      1451
      1456
      1461
      1466
      1471
      1476
      1481
      1486
      1491
      1496
      1501
      1506
      1511
      1516
      1521
      1526
      1531
      1536
      1541
      1546
      1551
      1556
      1561
      1566
      1571
      1576
      1581
      1586
      1591
      1596
      1601
      1606
      1611
      1616
      1621
      1626
      1631
      1636
      1641
      1646
      1651
      1656
      1661
      1666
      1671
      1676
      1681
      1686
      1691
      1696
      1701
      1706
      1711
      1716
      1721
      1726
      1731
      1736
      1741
      1746
      1751
      1756
      1761
      1766
      1771
      1776
      1781
      1786
      1791
      1796
      1801
      1806
      1811
      1816
      1821
      1826
      1831
      1836
      1841
      1846
      1851
      1856
      1861
      1866
      1871
      1876
      1881
      1886
      1891
      1896
      1901
      1906
      1911
      1916
      1921
      1926
      1931
      1936
      1941
      1946
      1951
      1956
      1961
      1966
      1971
      1976
      1981
      1986
      1991
      1996
      2001
      2006
      2011
      2016
      2021
      2026
      2031
      2036
      2041
      2046
      2051
      2056
      2061
      2066
      2071
      2076
      2081
      2086
      2091
      2096
      2101
      2106
      2111
      2116
      2121
      2126
      2131
      2136
      2141
      2146
      2151
      2156
      2161
      2166
      2171
      2176
      2181
      2186
      2191
      2196
      2201
      2206
      2211
      2216
      2221
      2226
      2231
      2236
      2241
      2246
      2251
      2256
      2261
      2266
      2271
      2276
      2281
      2286
      2291
      2296
      2301
      2306
      2311
      2316
      2321
      2326
      2331
      2336
      2341
      2346
      2351
      2356
      2361
      2366
      2371
      2376
      2381
      2386
      2391
      2396
      2401
      2406
      2411
      2416
      2421
      2426
      2431
      2436
      2441
      2446
      2451
      2456
      2461
      2466
      2471
      2476
      2481
      2486
      2491
      2496
      2501
      2506
      2511
      2516
      2521
      2526
      2531
      2536
      2541
      2546
      2551
      2556
      2561
      2566
      2571
      2576
      2581
      2586
      2591
      2596
      2601
      2606
      2611
      2616
      2621
      2626
      2631
      2636
      2641
      2646
      2651
      2656
      2661
      2666
      2671
      2676
      2681
      2686
      2691
      2696
      2701
      2706
      2711
      2716
      2721
      2726
      2733
      2740
      2747
      2754
      2761
      2768
      2775
      2782
      2787
      2792
      2797
      2802
      2807
      2812
      2817
      2822
      2827
      2832
      2837
      2842
      2847
      2852
      2857
      2862
      2867
      2872
      2877
      2883
      2888
      2894
      2899
      2906
      2911
      2916
      2921
      2926
      2931
      2936
      2941
      2946
      2951
      2956
      2961
      2966
      2971
      2976
      2981
      2986
      2991
      2996
      3003
      3010
      3017
      3024
      3031
      3038
      3043
      3048
      3053
      3058
      3063
      3070
      3077
      3084
      3091
      3098
      3105
      3112
      3119
      3126
      3133
      3140
      3147
      3154
      3161
      3168
      3175
      3182
      3189
      3196
      3203
      3210
      3217
      3224
      3231
      3238
      3245
      3252
      3259
      3266
      3273
      3280
      3287
      3294
      3301
      3308
      3315
      3322
      3329
      3336
      3343
      3350
      3357
      3364
      3371
      3378
      3385
      3392
      3399
      3404
      3409
      3414
      3419
      3424
      3429
      3434
      3439
      3444
      3449
      3454
      3459
      3464
      3469
      3474
      3479
      3484
      3489
      3494
      3499
      3504
      3509
      3514
      3519
      3524
      3529
      3534
      3539
      3544
      3549
      3556
      3563
      3570
      3575
      3580
      3585
      3590
      3595
      3602
      3609
      3616
      3623
      3629
      3634
      3640
      3645
      3652
      3658
      3663
      3669
      3674
      3681
      3687
      3692
      3698
      3703
      3710
      3716
      3721
      3727
      3732
      3739
      3745
      3750
      3756
      3761
      3768
      3775
      3782
      3787
      3792
      3797
      3802
      3809
      3816
      3823
      3830
      3837
      3844
      3849
      3854
      3859
      3864
      3869
      3874
      3881
      3888
      3895
      3902
      3909
      3916
      3923
      3930
      3937
      3944
      3951
      3958
      3965
      3972
      3979
      3986
      3993
      4000
      4007
      4014
      4021
      4028
      4035
      4042
      4049
      4056
      4063
      4069
      4075
      4082
      4089
      4096
      4103
      4110
      4117
      4124
      4131
      4138
      4145
      4152
      4159
      4166
      4173
      4180
      4187
      4194
      4201
      4208
      4215
      4222
      4229
      4236
      4243
      4250
      4257
      4264
      4271
      4278
      4285
      4292
      4299
      4306
      4313
      4320
      4327
      4334
      4341
      4348
      4355
      4362
      4369
      4376
      4383
      4388
      4393
      4398
      4403
      4408
      4414
      4420
      4427
      4432
      4437
      4442
      4447
      4454
      4461
      4468
      4475
      4482
      4489
      4496
      4503
      4510
      4517
      4524
      4531
      4538
      4545
      4552
      4558
      4565
      4571
      4578
      4585
      4592
      4597
      4602
      4609
      4614
      4621
      4627
      4634
      4641
      4648
      4653
      4658
      4663
      4668
      4674
      4679
      4685
      4691
      4698
      4705
      4712
      4719
      4726
      4733
      4740
      4747
      4754
      4761
      4768
      4773
      4780
      4785
      4792
      4799
      4806
      4813
      4820
      4827
      4834
      4841
      4848
      4853
      4859
      4865
      4870
      4875
      4882
      4889
      4896
      4903
      4910
      4917
      4924
      4929
      4934
      4939
      4944
      4951
      4958
      4965
      4972
      4979
      4986
      4993
      5000
      5007
      5014
      5021
      5028
      5035
      5042
      5049
      5056
      5063
      5070
      5077
      5084
      5091
      5098
      5105
      5112
      5119
      5124
      5131
      5138
      5145
      5150
      5155
      5162
      5169
      5176
      5183
      5190
      5195
      5200
      5207
      5214
      5221
      5228
      5235
      5242
      5249
      5256
      5261
      5266
      5273
      5280
      5287
      5294
      5301
      5308
      5315
      5322
      5329
      5336
      5341
      5346
      5351
      5356
      5361
      5366
      5371
      5376
      5381
      5386
      5391
      5396
      5401
      5406
      5411
      5416
      5421
      5426
      5431
      5436
      5441
      5446
      5451
      5456
      5461
      5466
      5471
      5476
      5481
      5486
      5491
      5496
      5501
      5506
      5511
      5516
      5521
      5526
      5531
      5536
      5541
      5546
      5551
      5556
      5561
      5566
      5571
      5576
      5581
      5586
      5591
      5596
      5601
      5606
      5611
      5616
      5621
      5626
      5631
      5636
      5641
      5646
      5651
      5656
      5661
      5666
      5671
      5676
      5681
      5686
      5691
      5696
      5701
      5706
      5711
      5716
      5721
      5726
      5731
      5736
      5741
      5746
      5751
      5756
      5761
      5766
      5771
      5776
      5781
      5786
      5791
      5796
      5801
      5806
      5811
      5816
      5821
      5826
      5831
      5836
      5841
      5846
      5851
      5856
      5861
      5866
      5871
      5876
      5881
      5886
      5891
      5896
      5901
      5906
      5911
      5916
      5921
      5926
      5931
      5936
      5941
      5946
      5951
      5956
      5961
      5966
      5971
      5976
      5981
      5986
      5991
      5996
      6001
      6006
      6011
      6016
      6021
      6026
      6031
      6036
      6041
      6046
      6051
      6056
      6061
      6066
      6071
      6076
      6081
      6086
      6091
      6096
      6101
      6106
      6111
      6116
      6121
      6126
      6131
      6136
      6141
      6146
      6151
      6156
      6161
      6166
      6171
      6176
      6181
      6186
      6191
      6196
      6201
      6206
      6211
      6216
      6221
      6226
      6231
      6236
      6241
      6246
      6251
      6256
      6261
      6266
      6271
      6276
      6281
      6286
      6291
      6296
      6301
      6306
      6311
      6316
      6321
      6326
      6331
      6336
      6341
      6346
      6351
      6356
      6361
      6366
      6371
      6376
      6381
      6386
      6391
      6396
      6401
      6406
      6411
      6416
      6421
      6426
      6431
      6436
      6441
      6446
      6451
      6456
      6461
      6466
      6471
      6476
      6481
      6486
      6491
      6496
      6501
      6506
      6511
      6516
      6521
      6526
      6531
      6536
      6541
      6546
      6551
      6556
      6561
      6566
      6571
      6576
      6581
      6586
      6591
      6596
      6601
      6606
      6611
      6616
      6621
      6626
      6631
      6636
      6641
      6646
      6651
      6656
      6661
      6666
      6671
      6676
      6681
      6686
      6691
      6696
      6701
      6706
      6711
      6716
      6721
      6726
      6731
      6736
      6741
      6746
      6751
      6756
      6761
      6766
      6771
      6776
      6781
      6786
      6791
      6796
      6801
      6806
      6811
      6816
      6821
      6826
      6831
      6836
      6841
      6846
      6851
      6856
      6861
      6866
      6871
      6876
      6881
      6886
      6891
      6896
      6901
      6906
      6911
      6916
      6921
      6926
      6931
      6936
      6941
      6946
      6951
      6956
      6961
      6966
      6971
      6976
      6981
      6986
      6991
      6996
      7001
      7006
      7011
      7016
      7021
      7026
      7031
      7036
      7041
      7046
      7051
      7056
      7061
      7066
      7071
      7076
      7081
      7086
      7091
      7096
      7101
      7106
      7111
      7116
      7121
      7126
      7131
      7136
      7141
      7146
      7151
      7156
      7161
      7166
      7171
      7176
      7181
      7186
      7191
      7196
      7201
      7206
      7211
      7216
      7221
      7226
      7231
      7236
      7241
      7246
      7251
      7256
      7261
      7266
      7271
      7276
      7281
      7286
      7291
      7296
      7301
      7306
      7311
      7316
      7321
      7326
      7331
      7336
      7341
      7346
      7351
      7356
      7361
      7366
      7371
      7376
      7381
      7386
      7391
      7396
      7401
      7406
      7411
      7416
      7421
      7426
      7431
      7436
      7441
      7446
      7451
      7456
      7461
      7466
      7471
      7476
      7481
      7486
      7491
      7496
      7501
      7506
      7511
      7516
      7521
      7526
      7531
      7536
      7541
      7546
      7551
      7556
      7561
      7566
      7571
      7576
      7581
      7586
      7591
      7596
      7601
      7606
      7611
      7616
      7621
      7626
      7631
      7636
      7641
      7646
      7651
      7656
      7661
      7666
      7671
      7676
      7681
      7686
      7691
      7696
      7701
      7706
      7711
      7716
      7721
      7726
      7731
      7736
      7741
      7746
      7751
      7756
      7761
      7766
      7771
      7776
      7781
      7786
      7791
      7796
      7801
      7806
      7811
      7816
      7821
      7826
      7831
      7836
      7841
      7846
      7851
      7856
      7861
      7866
      7871
      7876
      7881
      7886
      7891
      7896
      7901
      7906
      7911
      7916
      7921
      7926
      7931
      7936
      7941
      7946
      7951
      7956
      7961
      7966
      7971
      7976
      7981
      7986
      7991
      7996
      8001
      8006
      8011
      8016
      8021
      8026
      8031
      8036
      8041
      8046
      8051
      8056
      8061
      8066
      8071
      8076
      8081
      8086
      8091
      8096
      8101
      8106
      8111
      8116
      8121
      8126
      8131
      8136
      8141
      8146
      8151
      8156
      8161
      8166
      8171
      8176
      8181
      8186
      8191
      8196
      8201
      8206
      8213
      8220
      8227
      8234
      8241
      8248
      8255
      8262
      8267
      8272
      8277
      8282
      8287
      8292
      8297
      8302
      8307
      8312
      8317
      8322
      8327
      8332
      8337
      8342
      8347
      8352
      8357
      8362
      8367
      8372
      8377
      8382
      8387
      8392
      8397
      8402
      8407
      8412
      8418
      8423
      8429
      8434
      8441
      8446
      8451
      8456
      8461
      8466
      8471
      8476
      8481
      8486
      8491
      8496
      8501
      8506
      8511
      8516
      8521
      8526
      8531
      8536
      8541
      8548
      8555
      8562
      8569
      8576
      8583
      8588
      8593
      8598
      8603
      8608
      8613
      8618
      8623
      8628
      8633
      8638
      8643
      8648
      8653
      8658
      8663
      8668
      8673
      8678
      8683
      8688
      8693
      8698
      8703
      8708
      8713
      8718
      8723
      8728
      8733
      8738
      8743
      8748
      8753
      8758
      8765
      8772
      8779
      8786
      8793
      8800
      8807
      8814
      8821
      8828
      8835
      8842
      8849
      8856
      8863
      8870
      8877
      8884
      8891
      8898
      8905
      8912
      8919
      8926
      8933
      8940
      8947
      8954
      8961
      8968
      8975
      8982
      8989
      8996
      9003
      9010
      9015
      9020
      9025
      9030
      9035
      9040
      9045
      9050
      9055
      9060
      9065
      9070
      9075
      9080
      9085
      9090
      9095
      9100
      9105
      9110
      9117
      9124
      9131
      9136
      9141
      9146
      9151
      9156
      9161
      9166
      9171
      9176
      9181
      9186
      9191
      9198
      9205
      9212
      9217
      9222
      9227
      9232
      9237
      9242
      9247
      9252
      9257
      9262
      9267
      9272
      9277
      9282
      9287
      9292
      9297
      9302
      9307
      9312
      9317
      9322
      9327
      9332
      9337
      9342
      9347
      9352
      9357
      9362
      9367
      9372
      9377
      9382
      9387
      9392
      9397
      9402
      9407
      9412
      9417
      9422
      9427
      9432
      9437
      9442
      9447
      9452
      9457
      9462
      9469
      9476
      9483
      9490
      9497
      9502
      9507
      9512
      9517
      9522
      9527
      9532
      9537
      9542
      9548
      9553
      9559
      9564
      9571
      9577
      9582
      9588
      9593
      9600
      9606
      9611
      9617
      9622
      9629
      9635
      9640
      9646
      9651
      9658
      9664
      9669
      9675
      9680
      9687
      9693
      9698
      9704
      9709
      9716
      9721
      9726
      9731
      9738
      9745
      9752
      9759
      9764
      9769
      9774
      9779
      9784
      9789
      9794
      9799
      9804
      9809
      9814
      9819
      9824
      9829
      9834
      9839
      9844
      9849
      9854
      9859
      9866
      9873
      9880
      9887
      9894
      9901
      9908
      9915
      9922
      9929
      9936
      9943
      9950
      9957
      9964
      9971
      9978
      9985
      9992
      9999
     10006
     10013
     10020
     10027
     10034
     10041
     10048
     10053
     10058
     10063
     10068
     10075
     10082
     10089
     10096
     10103
     10110
     10115
     10120
     10125
     10130
     10135
     10140
     10145
     10150
     10155
     10160
     10165
     10170
     10175
     10182
     10189
     10194
     10199
     10206
     10213
     10220
     10225
     10230
     10235
     10242
     10249
     10256
     10261
     10266
     10271
     10276
     10281
     10287
     10293
     10300
     10307
     10314
     10321
     10328
     10335
     10342
     10349
     10356
     10363
     10370
     10377
     10384
     10389
     10394
     10399
     10404
     10409
     10414
     10421
     10428
     10433
     10438
     10443
     10448
     10455
     10462
     10469
     10476
     10482
     10488
     10493
     10498
     10504
     10509
     10515
     10521
     10526
     10531
     10536
     10541
     10546
     10553
     10558
     10563
     10570
     10575
     10580
     10585
     10591
     10596
     10601
     10606
     10611
     10616
     10621
     10626
     10632
     10639
     10646
     10653
     10660
     10667
     10672
     10677
     10682
     10687
     10692
     10698
     10705
     10712
     10719
     10726
     10733
     10740
     10747
     10752
     10759
     10766
     10771
     10776
     10781
     10786
     10793
     10800
     10805
     10812
     10819
     10824
     10829
     10834
     10839
     10844
     10849
     10856
     10863
     10870
     10875
     10880
     10885
     10892
     10897
     10904
     10911
     10916
     10923
     10930
     10937
     10944
     10951
     10958
     10963
     10968
     10973
     10978
     10983
     10988
     10993
     10998
     11003
     11008
     11013
     11018
     11023
     11028
     11033
     11038
     11043
     11048
     11053
     11058
     11063
     11070
     11077
     11084
     11091
     11098
     11105
     11112
     11119
     11126
     11133
     11140
     11147
     11154
     11161
     11168
     11175
     11182
     11189
     11196
     11203
     11210
     11217
     11224
     11231
     11236
     11241
     11246
     11251
     11256
     11261
     11266
     11271
     11276
     11281
     11286
     11291
     11296
     11301
     11306
     11311
     11316
     11321
     11326
     11331
     11336
     11341
     11346
     11351
     11356
     11361
     11368
     11375
     11382
     11389
     11396
     11403
     11410
     11417
     11423
     11428
     11434
     11439
     11446
     11451
     11456
     11461
     11466
     11471
     11476
     11481
     11486
     11491
     11496
     11501
     11506
     11511
     11516
     11521
     11526
     11531
     11536
     11541
     11546
     11551
     11556
     11561
     11566
     11571
     11576
     11581
     11586
     11591
     11596
     11601
     11606
     11611
     11616
     11621
     11626
     11631
     11636
     11641
     11646
     11651
     11656
     11663
     11670
     11677
     11684
     11691
     11698
     11705
     11712
     11719
     11726
     11731
     11738
     11744
     11749
     11754
     11759
     11764
     11769
     11774
     11781
     11788
     11795
     11802
     11809
     11816
     11823
     11830
     11837
     11844
     11851
     11858
     11865
     11872
     11879
     11886
     11893
     11900
     11907
     11914
     11920
     11925
     11931
     11936
     11943
     11948
     11953
     11958
     11963
     11968
     11973
     11978
     11983
     11988
     11993
     11998
     12003
     12008
     12013
     12018
     12023
     12028
     12033
     12038
     12043
     12048
     12053
     12058
     12063
     12068
     12073
     12078
     12083
     12089
     12095
     12102
     12108
     12113
     12119
     12126
     12131
     12136
     12141
     12146
     12151
     12156
     12161
     12166
     12171
     12176
     12181
     12186
     12191
     12196
     12203
     12210
     12217
     12224
     12231
     12238
     12245
     12252
     12259
     12266
     12273
     12280
     12285
     12290
     12295
     12300
     12306
     12311
     12317
     12322
     12329
     12335
     12340
     12346
     12351
     12358
     12364
     12369
     12375
     12380
     12387
     12393
     12398
     12404
     12409
     12416
     12421
     12426
     12431
     12436
     12443
     12449
     12456
     12461
     12467
     12474
     12481
     12486
     12491
     12496
     12501
     12506
     12513
     12520
     12527
     12534
     12541
     12548
     12555
     12562
     12569
     12576
     12583
     12590
     12597
     12604
     12611
     12618
     12625
     12632
     12639
     12646
     12653
     12660
     12667
     12674
     12681
     12688
     12695
     12702
     12709
     12716
     12723
     12730
     12737
     12744
     12751
     12758
     12765
     12772
     12779
     12786
     12793
     12800
     12807
     12814
     12821
     12828
     12835
     12842
     12849
     12856
     12863
     12870
     12877
     12884
     12891
     12898
     12905
     12912
     12919
     12926
     12931
     12936
     12941
     12948
     12955
     12962
     12969
     12976
     12983
     12988
     12993
     13000
     13007
     13014
     13020
     13027
     13033
     13040
     13047
     13054
     13061
     13068
     13075
     13082
     13087
     13092
     13097
     13102
     13109
     13116
     13123
     13128
     13133
     13138
     13144
     13151
     13158
     13165
     13172
     13177
     13184
     13191
     13196
     13201
     13206
     13213
     13220
     13227
     13234
     13241
     13248
     13255
     13260
     13265
     13270
     13275
     13282
     13289
     13296
     13301
     13306
     13311
     13316
     13323
     13330
     13337
     13344
     13351
     13358
     13365
     13372
     13379
     13386
     13393
     13400
     13407
     13414
     13421
     13428
     13435
     13442
     13449
     13456
     13463
     13470
     13477
     13484
     13491
     13498
     13505
     13512
     13519
     13526
     13533
     13540
     13547
     13552
     13557
     13564
     13571
     13576
     13581
     13588
     13595
     13602
     13609
     13616
     13623
     13630
     13637
     13644
     13651
     13658
     13665
     13672
     13679
     13686
     13693
     13700
     13707
     13714
     13721
     13728
     13735
     13742
     13749
     13756
     13763
     13770
     13777
     13782
     13789
     13796
     13803
     13810
     13817
     13824
     13831
     13838
     13845
     13852
     13859
     13866
     13873
     13880
     13885
     13890
     13895
     13900
     13905
     13910
     13915
     13920
     13925
     13930
     13935
     13940
     13945
     13950
     13955
     13960
     13965
     13970
     13975
     13980
     13985
     13990
     13995
     14000
     14005
     14010
     14015
     14020
     14025
     14030
     14035
     14040
     14045
     14050
     14055
     14060
     14065
     14070
     14075
     14080
     14085
     14090
     14095
     14100
     14105
     14110
     14115
     14120
     14125
     14130
     14135
     14140
     14145
     14150
     14155
     14160
     14165
     14170
     14175
     14180
     14185
     14190
     14195
     14200
     14205
     14210
     14215
     14220
     14225
     14230
     14235
     14240
     14245
     14250
     14255
     14260
     14265
     14270
     14275
     14280
     14285
     14290
     14295
     14300
     14305
     14310
     14315
     14320
     14325
     14330
     14335
     14340
     14345
     14350
     14355
     14360
     14365
     14370
     14375
     14380
     14385
     14390
     14395
     14400
     14405
     14410
     14415
     14420
     14425
     14430
     14435
     14440
     14445
     14450
     14455
     14460
     14465
     14470
     14475
     14480
     14485
     14490
     14495
     14500
     14505
     14510
     14515
     14520
     14525
     14530
     14535
     14540
     14545
     14550
     14555
     14560
     14565
     14570
     14575
     14580
     14585
     14590
     14595
     14600
     14605
     14610
     14615
     14620
     14625
     14630
     14635
     14640
     14645
     14650
     14655
     14660
     14665
     14670
     14675
     14680
     14685
     14690
     14695
     14700
     14705
     14710
     14715
     14720
     14725
     14730
     14735
     14740
     14745
     14750
     14755
     14760
     14765
     14770
     14775
     14780
     14785
     14790
     14795
     14800
     14805
     14810
     14815
     14820
     14825
     14830
     14835
     14840
     14845
     14850
     14855
     14860
     14865
     14870
     14875
     14880
     14885
     14890
     14895
     14900
     14905
     14910
     14915
     14920
     14925
     14930
     14935
     14940
     14945
     14950
     14955
     14960
     14965
     14970
     14975
     14980
     14985
     14990
     14995
     15000
     15005
     15010
     15015
     15020
     15025
     15030
     15035
     15040
     15045
     15050
     15055
     15060
     15065
     15070
     15075
     15080
     15085
     15090
     15095
     15100
     15105
     15110
     15115
     15120
     15125
     15130
     15135
     15140
     15145
     15150
     15155
     15160
     15165
     15170
     15175
     15180
     15185
     15190
     15195
     15200
     15205
     15210
     15215
     15220
     15225
     15230
     15235
     15240
     15245
     15250
     15255
     15260
     15265
     15270
     15275
     15280
     15285
     15290
     15295
     15300
     15305
     15310
     15315
     15320
     15325
     15330
     15335
     15340
     15345
     15350
     15355
     15360
     15365
     15370
     15375
     15380
     15385
     15390
     15395
     15400
     15405
     15410
     15415
     15420
     15425
     15430
     15435
     15440
     15445
     15450
     15455
     15460
     15465
     15470
     15475
     15480
     15485
     15490
     15495
     15500
     15505
     15510
     15515
     15520
     15525
     15530
     15535
     15540
     15545
     15550
     15555
     15560
     15565
     15570
     15575
     15580
     15585
     15590
     15595
     15600
     15605
     15610
     15615
     15620
     15625
     15630
     15635
     15640
     15645
     15650
     15655
     15660
     15665
     15670
     15675
     15680
     15685
     15690
     15695
     15700
     15705
     15710
     15715
     15720
     15725
     15730
     15735
     15740
     15745
     15750
     15755
     15760
     15765
     15770
     15775
     15780
     15785
     15790
     15795
     15800
     15805
     15810
     15815
     15820
     15825
     15830
     15835
     15840
     15845
     15850
     15855
     15860
     15865
     15870
     15875
     15880
     15885
     15890
     15895
     15900
     15905
     15910
     15915
     15920
     15925
     15930
     15935
     15940
     15945
     15950
     15955
     15960
     15965
     15970
     15975
     15980
     15985
     15990
     15995
     16000
     16005
     16010
     16015
     16020
     16025
     16030
     16035
     16040
     16045
     16050
     16055
     16060
     16065
     16070
     16075
     16080
     16085
     16090
     16095
     16100
     16105
     16110
     16115
     16120
     16125
     16130
     16135
     16140
     16145
     16150
     16155
     16160
     16165
     16170
     16175
     16180
     16185
     16190
     16195
     16200
     16205
     16210
     16215
     16220
     16225
     16230
     16235
     16240
     16245
     16250
     16255
     16260
     16265
     16270
     16275
     16280
     16285
     16290
     16295
     16300
     16305
     16310
     16315
     16320
     16325
     16330
     16335
     16340
     16345
     16350
     16355
     16360
     16365
     16370
     16375
     16380
     16385
     16390
     16395
     16400
     16405
     16410
     16415
     16420
     16425
     16430
     16435
     16440
     16445
     16450
     16455
     16460
     16465
     16470
     16475
     16480
     16485
     16490
     16495
     16500
     16505
     16510
     16515
     16520
     16525
     16530
     16535
     16540
     16545
     16550
     16555
     16560
     16565
     16570
     16575
     16580
     16585
     16590
     16595
     16600
     16605
     16610
     16615
     16620
     16625
     16630
     16635
     16640
     16645
     16650
     16655
     16660
     16665
     16670
     16675
     16680
     16685
     16690
     16695
     16700
     16705
     16710
     16716
     16721
     16726
     16731
     16737
     16742
     16747
     16752
     16757
     16762
     16767
     16772
     16777
     16782
     16787
     16792
     16797
     16802
     16807
     16812
     16817
     16822
     16827
     16832
     16837
     16842
     16847
     16852
     16857
     16862
     16867
     16872
     16877
     16882
     16887
     16892
     16897
     16902
     16907
     16912
     16917
     16922
     16927
     16932
     16937
     16942
     16949
     16956
     16963
     16970
     16977
     16984
     16991
     16998
     17003
     17008
     17013
     17018
     17023
     17028
     17033
     17038
     17043
     17048
     17053
     17058
     17063
     17068
     17073
     17078
     17083
     17088
     17093
     17098
     17103
     17108
     17113
     17118
     17123
     17128
     17133
     17138
     17143
     17148
     17153
     17159
     17164
     17170
     17175
     17182
     17187
     17192
     17197
     17202
     17207
     17214
     17221
     17228
     17235
     17242
     17249
     17254
     17259
     17264
     17269
     17274
     17279
     17284
     17289
     17294
     17299
     17304
     17309
     17314
     17319
     17324
     17329
     17334
     17339
     17344
     17349
     17354
     17359
     17364
     17369
     17374
     17379
     17384
     17389
     17394
     17399
     17404
     17409
     17414
     17419
     17424
     17429
     17434
     17439
     17444
     17449
     17454
     17459
     17464
     17469
     17474
     17479
     17486
     17493
     17500
     17507
     17514
     17521
     17528
     17535
     17542
     17549
     17556
     17563
     17570
     17577
     17584
     17591
     17598
     17605
     17612
     17619
     17626
     17633
     17640
     17647
     17654
     17661
     17668
     17675
     17680
     17685
     17690
     17695
     17700
     17705
     17710
     17715
     17720
     17725
     17730
     17735
     17740
     17745
     17750
     17755
     17760
     17765
     17770
     17775
     17780
     17785
     17790
     17795
     17800
     17805
     17810
     17815
     17820
     17825
     17830
     17835
     17840
     17845
     17852
     17859
     17864
     17869
     17874
     17879
     17884
     17889
     17894
     17899
     17904
     17909
     17914
     17919
     17924
     17929
     17934
     17939
     17944
     17949
     17954
     17959
     17964
     17969
     17974
     17979
     17984
     17989
     17994
     17999
     18004
     18009
     18014
     18019
     18024
     18029
     18034
     18039
     18044
     18049
     18054
     18061
     18068
     18073
     18078
     18083
     18088
     18093
     18098
     18103
     18108
     18113
     18118
     18123
     18128
     18133
     18138
     18143
     18148
     18153
     18158
     18163
     18168
     18173
     18178
     18185
     18192
     18198
     18203
     18209
     18214
     18221
     18227
     18232
     18238
     18243
     18250
     18256
     18261
     18267
     18272
     18279
     18285
     18290
     18296
     18301
     18308
     18314
     18319
     18325
     18330
     18337
     18343
     18348
     18354
     18359
     18366
     18371
     18376
     18381
     18386
     18391
     18397
     18402
     18409
     18416
     18421
     18426
     18431
     18438
     18445
     18450
     18455
     18460
     18465
     18470
     18475
     18480
     18485
     18490
     18495
     18500
     18505
     18510
     18515
     18522
     18529
     18536
     18543
     18550
     18557
     18564
     18569
     18574
     18579
     18584
     18589
     18595
     18601
     18607
     18612
     18617
     18622
     18627
     18632
     18637
     18642
     18647
     18652
     18657
     18662
     18667
     18672
     18677
     18682
     18687
     18692
     18697
     18704
     18711
     18716
     18721
     18726
     18731
     18736
     18741
     18748
     18755
     18760
     18765
     18770
     18775
     18780
     18785
     18790
     18795
     18800
     18805
     18810
     18815
     18820
     18825
     18830
     18835
     18840
     18845
     18850
     18857
     18864
     18870
     18875
     18882
     18887
     18892
     18897
     18902
     18907
     18914
     18919
     18926
     18933
     18938
     18943
     18948
     18953
     18958
     18965
     18970
     18977
     18984
     18991
     18998
     19003
     19008
     19013
     19018
     19023
     19028
     19033
     19040
     19047
     19054
     19061
     19066
     19071
     19076
     19081
     19086
     19091
     19096
     19101
     19106
     19111
     19116
     19123
     19130
     19135
     19142
     19149
     19154
     19159
     19164
     19169
     19174
     19179
     19184
     19189
     19194
     19199
     19204
     19209
     19216
     19221
     19228
     19235
     19240
     19245
     19250
     19255
     19260
     19265
     19270
     19275
     19280
     19285
     19290
     19295
     19300
     19305
     19310
     19315
     19320
     19325
     19330
     19335
     19340
     19345
     19350
     19355
     19360
     19365
     19370
     19375
     19380
     19385
     19390
     19395
     19400
     19405
     19410
     19415
     19420
     19425
     19430
     19435
     19440
     19445
     19450
     19455
     19460
     19465
     19472
     19479
     19486
     19493
     19500
     19507
     19514
     19521
     19526
     19531
     19536
     19541
     19546
     19551
     19556
     19562
     19568
     19575
     19580
     19585
     19590
     19595
     19600
     19605
     19610
     19615
     19620
     19625
     19630
     19635
     19640
     19647
     19654
     19661
     19668
     19675
     19682
     19687
     19692
     19697
     19702
     19707
     19712
     19717
     19722
     19727
     19732
     19737
     19742
     19747
     19752
     19757
     19762
     19767
     19772
     19777
     19782
     19789
     19796
     19803
     19810
     19817
     19824
     19831
     19838
     19845
     19852
     19859
     19866
     19873
     19880
     19887
     19894
     19901
     19908
     19915
     19922
     19929
     19936
     19943
     19950
     19957
     19964
     19971
     19978
     19985
     19992
     19999
     20006
     20013
     20020
     20027
     20034
     20041
     20048
     20055
     20062
     20069
     20076
     20083
     20090
     20095
     20100
     20105
     20110
     20115
     20120
     20125
     20130
     20135
     20140
     20145
     20150
     20155
     20160
     20165
     20170
     20175
     20180
     20185
     20190
     20195
     20200
     20205
     20210
     20215
     20220
     20225
     20230
     20235
     20242
     20248
     20253
     20258
     20263
     20268
     20273
     20278
     20283
     20288
     20293
     20298
     20305
     20312
     20319
     20326
     20331
     20336
     20341
     20346
     20351
     20356
     20361
     20366
     20371
     20377
     20382
     20388
     20393
     20400
     20406
     20411
     20417
     20422
     20429
     20435
     20440
     20446
     20451
     20458
     20465
     20472
     20479
     20486
     20493
     20500
     20505
     20510
     20515
     20520
     20525
     20532
     20539
     20546
     20553
     20560
     20567
     20574
     20581
     20588
     20595
     20602
     20609
     20616
     20623
     20630
     20637
     20644
     20651
     20658
     20665
     20672
     20679
     20686
     20693
     20700
     20707
     20714
     20721
     20728
     20735
     20742
     20749
     20756
     20763
     20770
     20777
     20784
     20791
     20798
     20805
     20812
     20819
     20826
     20833
     20840
     20847
     20854
     20861
     20868
     20875
     20882
     20889
     20896
     20903
     20910
     20917
     20924
     20931
     20938
     20945
     20952
     20959
     20966
     20973
     20980
     20987
     20994
     21001
     21008
     21015
     21020
     21025
     21030
     21035
     21040
     21045
     21050
     21055
     21060
     21065
     21070
     21075
     21080
     21085
     21090
     21097
     21104
     21111
     21118
     21125
     21132
     21139
     21146
     21153
     21160
     21167
     21174
     21181
     21188
     21195
     21200
     21205
     21210
     21215
     21222
     21229
     21234
     21239
     21244
     21249
     21254
     21261
     21268
     21275
     21282
     21289
     21296
     21303
     21310
     21317
     21322
     21327
     21332
     21337
     21342
     21349
     21356
     21363
     21370
     21377
     21384
     21391
     21398
     21405
     21412
     21419
     21426
     21433
     21440
     21447
     21452
     21457
     21463
     21469
     21476
     21483
     21490
     21497
     21504
     21511
     21517
     21522
     21529
     21536
     21541
     21546
     21552
     21559
     21566
     21573
     21579
     21586
     21591
     21597
     21604
     21609
     21614
     21619
     21624
     21631
     21638
     21645
     21652
     21659
     21666
     21673
     21680
     21687
     21694
     21701
     21707
     21714
     21721
     21728
     21735
     21740
     21745
     21750
     21757
     21764
     21771
     21778
     21785
     21792
     21799
     21806
     21813
     21820
     21827
     21834
     21839
     21846
     21853
     21860
     21865
     21870
     21877
     21883
     21889
     21895
     21902
     21909
     21916
     21923
     21928
     21933
     21940
     21947
     21954
     21961
     21968
     21975
     21982
     21989
     21994
     21999
     22004
     22011
     22018
     22025
     22032
     22039
     22046
     22053
     22060
     22067
     22074
     22081
     22088
     22095
     22102
     22109
     22116
     22123
     22130
     22137
     22142
     22147
     22152
     22157
     22164
     22171
     22176
     22181
     22186
     22191
     22196
     22201
     22206
     22213
     22220
     22227
     22234
     22241
     22248
     22253
     22258
     22265
     22270
     22277
     22282
     22287
     22292
     22297
     22302
     22307
     22312
     22317
     22322
     22327
     22332
     22337
     22342
     22347
     22352
     22357
     22362
     22367
     22372
     22377
     22382
     22387
     22392
     22397
     22402
     22407
     22414
     22421
     22428
     22433
     22438
     22443
     22448
     22453
     22458
     22463
     22468
     22475
     22480
     22485
     22492
     22499
     22506
     22513
     22520
     22527
     22532
     22537
     22540
     22543
     22547
     22550
     22554
     22558
     22562
     22566
     22570
     22574
     22578
     22581
     22584
     22587
     22590
     22593
     22596
     22599
     22602
     22605
     22608
     22611
     22614
     22617
     22620
     22623
     22626
     22629
     22632
     22635
     22638
     22641
     22644
     22647
     22650
     22653
     22656
     22659
     22662
     22665
     22668
     22671
     22674
     22677
     22680
     22683
     22686
     22689
     22692
     22695
     22698
     22701
     22704
     22707
     22710
     22713
     22716
     22719
     22722
     22725
     22728
     22731
     22734
     22737
     22741
     22744
     22747
     22751
     22755
     22759
     22763
     22767
     22771
     22775
     22779
     22782
     22785
     22788
     22791
     22794
     22797
     22800
     22803
     22806
     22809
     22812
     22815
     22818
     22821
     22824
     22827
     22830
     22833
     22836
     22839
     22842
     22845
     22848
     22851
     22854
     22857
     22860
     22863
     22866
     22869
     22873
     22877
     22881
     22885
     22889
     22893
     22897
     22900
     22903
     22906
     22909
     22912
     22915
     22918
     22921
     22924
     22927
     22930
     22933
     22936
     22939
     22942
