         1
         8
        17
        27
        33
        44
        54
        64
        74
        84
        94
       102
       112
       121
       132
       139
       146
       155
       165
       174
       183
       192
       201
       212
       223
       234
       243
       253
       264
       274
       282
       289
       297
       307
       316
       326
       337
       346
       357
       368
       378
       388
       398
       408
       419
       430
       440
       448
       455
       465
       473
       483
       493
       502
       509
       519
       527
       537
       547
       556
       567
       577
       587
       594
       602
       612
       622
       632
       642
       652
       660
       671
       679
       688
       699
       708
       718
       728
       738
       748
       760
       771
       782
       792
       801
       811
       822
       832
       841
       849
       859
       870
       880
       890
       901
       911
       920
       930
       940
       951
       961
       971
       981
       991
      1001
      1011
      1021
      1031
      1041
      1051
      1062
      1072
      1082
      1092
      1102
      1112
      1123
      1133
      1143
      1153
      1161
      1169
      1180
      1190
      1200
      1211
      1222
      1231
      1239
      1249
      1259
      1270
      1280
      1290
      1299
      1308
      1318
      1327
      1337
      1347
      1358
      1368
      1377
      1385
      1395
      1405
      1415
      1424
      1433
      1443
      1452
      1461
      1470
      1480
      1489
      1498
      1506
      1515
      1524
      1534
      1543
      1553
      1562
      1572
      1581
      1590
      1599
      1608
      1618
      1627
      1636
      1645
      1654
      1666
      1677
      1687
      1697
      1706
      1718
      1729
      1739
      1748
      1757
      1766
      1775
      1784
      1794
      1803
      1812
      1821
      1830
      1840
      1849
      1858
      1867
      1876
      1886
      1895
      1903
      1913
      1922
      1932
      1943
      1953
      1963
      1973
      1983
      1993
      2003
      2013
      2022
      2033
      2043
      2054
      2064
      2074
      2084
      2094
      2103
      2113
      2121
      2130
      2140
      2150
      2159
      2168
      2177
      2186
      2196
      2206
      2216
      2226
      2236
      2246
      2256
      2265
      2274
      2284
      2293
      2303
      2313
      2323
      2334
      2345
      2355
      2365
      2374
      2384
      2395
      2405
      2415
      2425
      2435
      2445
      2455
      2466
      2476
      2486
      2496
      2506
      2516
      2526
      2536
      2546
      2556
      2566
      2577
      2587
      2597
      2607
      2617
      2627
      2637
      2648
      2658
      2668
      2678
      2688
      2698
      2708
      2718
      2729
      2739
      2750
      2760
      2770
      2780
      2790
      2801
      2811
      2821
      2831
      2841
      2851
      2861
      2871
      2881
      2891
      2901
      2912
      2922
      2932
      2942
      2953
      2964
      2974
      2984
      2994
      3004
      3015
      3025
      3035
      3045
      3055
      3066
      3076
      3086
      3096
      3106
      3116
      3127
      3137
      3148
      3158
      3168
      3178
      3188
      3198
      3207
      3217
      3226
      3236
      3246
      3256
      3264
      3272
      3282
      3292
      3302
      3312
      3322
      3332
      3342
      3353
      3363
      3373
      3383
      3393
      3404
      3414
      3422
      3432
      3440
      3450
      3460
      3470
      3480
      3490
      3500
      3511
      3521
      3531
      3541
      3551
      3562
      3572
      3583
      3592
      3602
      3612
      3625
      3635
      3644
      3653
      3663
      3673
      3683
      3693
      3703
      3711
      3722
      3730
      3741
      3751
      3761
      3771
      3781
      3791
      3801
      3811
      3821
      3831
      3841
      3851
      3862
      3872
      3881
      3890
      3900
      3910
      3920
      3930
      3940
      3950
      3960
      3970
      3981
      3991
      4001
      4012
      4023
      4033
      4043
      4053
      4064
      4075
      4086
      4097
      4107
      4118
      4128
      4138
      4148
      4158
      4168
      4179
      4190
      4200
      4211
      4221
      4231
      4242
      4253
      4264
      4275
      4285
      4294
      4305
      4314
      4325
      4336
      4347
      4357
      4368
      4379
      4389
      4400
      4410
      4420
      4430
      4440
      4451
      4461
      4471
      4481
      4492
      4503
      4513
      4523
      4533
      4543
      4553
      4564
      4575
      4586
      4596
      4606
      4616
      4625
      4636
      4646
      4657
      4668
      4678
      4688
      4698
      4708
      4718
      4728
      4738
      4748
      4758
      4769
      4779
      4790
      4800
      4811
      4821
      4831
      4841
      4850
      4860
      4870
      4880
      4891
      4901
      4911
      4921
      4932
      4942
      4952
      4963
      4974
      4984
      4995
      5005
      5015
      5026
      5036
      5047
      5058
      5069
      5080
      5091
      5102
      5111
      5120
      5130
      5139
      5148
      5157
      5166
      5176
      5185
      5195
      5204
      5213
      5223
      5232
      5241
      5250
      5260
      5270
      5279
      5288
      5297
      5305
      5314
      5323
      5332
      5341
      5351
      5361
      5370
      5380
      5388
      5394
      5400
      5406
      5412
      5418
      5423
      5429
      5435
      5445
      5456
      5466
      5476
      5486
      5495
      5506
      5517
      5526
      5536
      5545
      5554
      5565
      5577
      5587
      5597
      5607
      5617
      5628
      5634
      5641
      5649
      5658
      5665
      5675
      5685
      5695
      5706
      5716
      5726
      5736
      5747
      5757
      5767
      5777
      5788
      5798
      5808
      5818
      5828
      5837
      5846
      5852
      5858
      5864
      5869
      5875
      5881
      5891
      5900
      5909
      5917
      5925
      5931
      5937
      5943
      5949
      5956
      5962
      5968
      5974
      5980
      5986
      5992
      5998
      6004
      6010
      6016
      6022
      6028
      6034
      6040
      6046
      6052
      6058
      6064
      6070
      6076
      6082
      6088
      6094
      6100
      6106
      6112
      6118
      6124
      6130
      6136
      6142
      6148
      6154
      6160
      6166
      6172
      6178
      6184
      6190
      6196
      6201
      6207
      6213
      6223
      6234
      6244
      6253
      6263
      6273
      6281
      6290
      6298
      6306
      6316
      6324
      6333
      6343
      6353
      6362
      6371
      6381
      6391
      6400
      6409
      6419
      6429
      6438
      6447
      6458
      6469
      6481
      6492
      6503
      6509
      6515
      6521
      6532
      6542
      6551
      6560
      6569
      6575
      6581
      6586
      6592
      6600
      6609
      6617
      6626
      6633
      6641
      6650
      6658
      6667
      6674
      6682
      6691
      6699
      6708
      6715
      6723
      6732
      6740
      6749
      6756
      6764
      6773
      6781
      6790
      6797
      6803
      6809
      6820
      6829
      6839
      6848
      6854
      6860
      6866
      6872
      6878
      6884
      6895
      6904
      6913
      6925
      6936
      6947
      6954
      6960
      6966
      6972
      6978
      6984
      6990
      6996
      7002
      7008
      7014
      7020
      7026
      7032
      7038
      7044
      7050
      7056
      7062
      7068
      7074
      7080
      7086
      7092
      7098
      7104
      7110
      7118
      7126
      7133
      7139
      7145
      7151
      7157
      7163
      7169
      7175
      7181
      7187
      7193
      7199
      7205
      7211
      7217
      7223
      7229
      7235
      7241
      7247
      7253
      7259
      7265
      7271
      7277
      7283
      7289
      7295
      7301
      7307
      7313
      7319
      7325
      7331
      7337
      7343
      7349
      7356
      7362
      7368
      7374
      7380
      7386
      7392
      7403
      7414
      7425
      7435
      7444
      7452
      7460
      7467
      7477
      7487
      7496
      7505
      7511
      7517
      7523
      7529
      7535
      7541
      7547
      7553
      7559
      7565
      7571
      7577
      7583
      7589
      7595
      7603
      7610
      7618
      7625
      7631
      7637
      7648
      7657
      7664
      7673
      7680
      7688
      7694
      7700
      7705
      7715
      7725
      7734
      7743
      7751
      7760
      7768
      7776
      7783
      7789
      7795
      7802
      7808
      7814
      7820
      7826
      7832
      7838
      7844
      7853
      7860
      7870
      7876
      7882
      7888
      7894
      7900
      7906
      7912
      7918
      7925
      7934
      7942
      7950
      7959
      7967
      7973
      7979
      7985
      7991
      7997
      8003
      8010
      8019
      8030
      8041
      8052
      8058
      8064
      8070
      8076
      8082
      8088
      8094
      8100
      8106
      8112
      8118
      8124
      8130
      8136
      8142
      8148
      8154
      8160
      8166
      8172
      8178
      8184
      8190
      8196
      8202
      8211
      8218
      8224
      8230
      8241
      8251
      8257
      8263
      8269
      8276
      8282
      8291
      8302
      8308
      8314
      8320
      8326
      8332
      8338
      8344
      8350
      8361
      8370
      8377
      8383
      8389
      8395
      8401
      8407
      8413
      8419
      8425
      8431
      8442
      8452
      8462
      8472
      8480
      8489
      8501
      8512
      8523
      8533
      8544
      8555
      8566
      8576
      8585
      8595
      8606
      8618
      8629
      8639
      8647
      8653
      8660
      8669
      8678
      8689
      8699
      8706
      8716
      8725
      8732
      8740
      8749
      8758
      8767
      8777
      8786
      8793
      8802
      8809
      8819
      8828
      8837
      8846
      8855
      8863
      8873
      8882
      8891
      8898
      8907
      8917
      8924
      8934
      8942
      8952
      8961
      8972
      8981
      8991
      8998
      9006
      9016
      9026
      9036
      9047
      9056
      9066
      9074
      9084
      9093
      9102
      9110
      9120
      9130
      9140
      9151
      9161
      9171
      9182
      9192
      9199
      9209
      9219
      9227
      9237
      9248
      9258
      9269
      9280
      9289
      9299
      9309
      9319
      9330
      9340
      9350
      9361
      9369
      9378
      9388
      9399
      9410
      9420
      9430
      9440
      9450
      9460
      9468
      9477
      9485
      9495
      9503
      9511
      9521
      9528
      9537
      9547
      9556
      9565
      9574
      9582
      9591
      9600
      9609
      9618
      9628
      9638
      9648
      9658
      9668
      9678
      9689
      9699
      9708
      9718
      9728
      9738
      9748
      9758
      9767
      9777
      9787
      9795
      9805
      9815
      9826
      9836
      9846
      9857
      9867
      9875
      9885
      9895
      9903
      9913
      9923
      9933
      9943
      9954
      9965
      9976
      9988
      9999
     10009
     10019
     10030
     10040
     10050
     10060
     10070
     10080
     10090
     10100
     10108
     10118
     10128
     10139
     10148
     10158
     10167
     10177
     10187
     10197
     10207
     10217
     10227
     10237
     10247
     10257
     10268
     10278
     10287
     10297
     10306
     10316
     10325
     10334
     10344
     10353
     10362
     10371
     10380
     10390
     10399
     10408
     10417
     10426
     10436
     10446
     10455
     10463
     10472
     10482
     10491
     10500
     10509
     10518
     10528
     10537
     10546
     10555
     10564
     10574
     10583
     10592
     10601
     10609
     10619
     10630
     10638
     10648
     10659
     10669
     10679
     10689
     10699
     10710
     10720
     10730
     10740
     10750
     10760
     10768
     10776
     10786
     10797
     10807
     10817
     10827
     10836
     10846
     10857
     10867
     10877
     10887
     10897
     10906
     10914
     10924
     10933
     10943
     10953
     10963
     10973
     10983
     10993
     11003
     11013
     11023
     11033
     11043
     11053
     11063
     11073
     11084
     11093
     11103
     11113
     11123
     11133
     11143
     11153
     11163
     11173
     11183
     11193
     11203
     11213
     11223
     11234
     11244
     11255
     11265
     11275
     11285
     11295
     11306
     11316
     11326
     11336
     11346
     11356
     11366
     11376
     11386
     11396
     11406
     11417
     11427
     11437
     11447
     11457
     11467
     11477
     11488
     11499
     11509
     11519
     11529
     11539
     11549
     11559
     11569
     11579
     11589
     11600
     11610
     11620
     11630
     11640
     11650
     11660
     11671
     11681
     11691
     11701
     11711
     11721
     11732
     11742
     11753
     11763
     11773
     11782
     11792
     11801
     11811
     11821
     11831
     11841
     11851
     11860
     11870
     11879
     11887
     11895
     11905
     11915
     11925
     11936
     11946
     11956
     11966
     11976
     11986
     11996
     12007
     12017
     12027
     12037
     12047
     12057
     12067
     12077
     12088
     12098
     12108
     12118
     12129
     12139
     12149
     12160
     12170
     12180
     12190
     12201
     12211
     12221
     12231
     12243
     12254
     12265
     12276
     12286
     12296
     12306
     12316
     12327
     12337
     12347
     12357
     12367
     12377
     12388
     12398
     12408
     12418
     12428
     12438
     12448
     12457
     12467
     12477
     12488
     12498
     12509
     12518
     12527
     12537
     12547
     12557
     12568
     12578
     12588
     12598
     12609
     12619
     12629
     12639
     12650
     12661
     12671
     12681
     12691
     12701
     12711
     12722
     12732
     12742
     12752
     12761
     12772
     12782
     12793
     12803
     12814
     12824
     12835
     12845
     12855
     12865
     12875
     12885
     12895
     12905
     12915
     12925
     12935
     12945
     12955
     12966
     12976
     12986
     12997
     13008
     13019
     13030
     13041
     13052
     13063
     13073
     13083
     13093
     13103
     13114
     13124
     13134
     13144
     13154
     13164
     13175
     13185
     13195
     13205
     13216
     13226
     13237
     13248
     13258
     13269
     13279
     13290
     13301
     13312
     13323
     13333
     13343
     13353
     13364
     13375
     13386
     13397
     13407
     13418
     13428
     13439
     13449
     13459
     13470
     13481
     13492
     13503
     13513
     13523
     13533
     13542
     13552
     13560
     13570
     13580
     13590
     13601
     13612
     13622
     13632
     13642
     13653
     13664
     13674
     13684
     13695
     13706
     13717
     13727
     13737
     13747
     13757
     13766
     13775
     13784
     13793
     13802
     13813
     13823
     13831
     13840
     13847
     13857
     13866
     13875
     13884
     13893
     13903
     13912
     13921
     13930
     13939
     13948
     13957
     13967
     13976
     13985
     13995
     14004
     14013
     14022
     14031
     14041
     14051
     14061
     14071
     14081
     14091
     14097
     14103
     14109
     14115
     14121
     14126
     14132
     14138
     14146
     14155
     14164
     14172
     14182
     14192
     14202
     14213
     14223
     14232
     14241
     14249
     14257
     14266
     14276
     14285
     14294
     14303
     14313
     14323
     14333
     14344
     14354
     14364
     14374
     14384
     14394
     14404
     14414
     14424
     14432
     14441
     14449
     14458
     14465
     14476
     14486
     14496
     14507
     14517
     14528
     14538
     14548
     14558
     14568
     14578
     14588
     14598
     14608
     14618
     14628
     14638
     14648
     14659
     14669
     14675
     14681
     14687
     14692
     14698
     14704
     14714
     14723
     14732
     14741
     14749
     14759
     14768
     14777
     14786
     14795
     14804
     14815
     14824
     14833
     14842
     14851
     14861
     14870
     14879
     14888
     14898
     14907
     14917
     14927
     14936
     14945
     14955
     14964
     14973
     14982
     14991
     15001
     15010
     15018
     15026
     15032
     15038
     15044
     15050
     15056
     15062
     15068
     15074
     15080
     15086
     15092
     15098
     15104
     15110
     15116
     15122
     15128
     15134
     15140
     15146
     15152
     15158
     15164
     15170
     15176
     15182
     15188
     15194
     15200
     15206
     15212
     15218
     15224
     15230
     15236
     15242
     15252
     15261
     15271
     15281
     15291
     15301
     15311
     15320
     15331
     15341
     15350
     15360
     15370
     15380
     15390
     15400
     15410
     15421
     15431
     15441
     15447
     15453
     15459
     15469
     15479
     15489
     15501
     15511
     15521
     15531
     15542
     15553
     15563
     15573
     15583
     15588
     15594
     15601
     15611
     15621
     15631
     15641
     15651
     15661
     15672
     15682
     15693
     15703
     15712
     15721
     15732
     15742
     15752
     15761
     15770
     15780
     15792
     15802
     15811
     15820
     15829
     15839
     15849
     15860
     15870
     15881
     15891
     15901
     15911
     15921
     15932
     15942
     15952
     15962
     15972
     15982
     15992
     16003
     16013
     16023
     16033
     16043
     16053
     16063
     16074
     16085
     16097
     16108
     16114
     16120
     16126
     16132
     16138
     16149
     16159
     16169
     16178
     16187
     16198
     16208
     16219
     16229
     16237
     16246
     16254
     16263
     16270
     16278
     16287
     16295
     16304
     16311
     16319
     16328
     16336
     16345
     16352
     16360
     16369
     16377
     16386
     16393
     16401
     16410
     16418
     16427
     16434
     16442
     16451
     16459
     16468
     16475
     16486
     16496
     16506
     16512
     16518
     16524
     16530
     16540
     16550
     16560
     16570
     16580
     16590
     16600
     16610
     16621
     16632
     16642
     16652
     16662
     16672
     16682
     16693
     16702
     16712
     16721
     16731
     16737
     16743
     16749
     16755
     16761
     16767
     16773
     16779
     16785
     16791
     16797
     16803
     16809
     16815
     16821
     16827
     16833
     16839
     16845
     16851
     16857
     16863
     16869
     16875
     16881
     16887
     16893
     16904
     16914
     16924
     16934
     16940
     16946
     16952
     16958
     16964
     16970
     16979
     16989
     16998
     17008
     17018
     17027
     17036
     17047
     17058
     17068
     17079
     17090
     17101
     17108
     17114
     17123
     17132
     17138
     17145
     17151
     17162
     17173
     17184
     17191
     17197
     17203
     17213
     17223
     17235
     17245
     17255
     17263
     17271
     17278
     17284
     17290
     17297
     17303
     17309
     17315
     17321
     17327
     17333
     17339
     17345
     17351
     17362
     17371
     17380
     17391
     17401
     17411
     17418
     17424
     17434
     17444
     17454
     17464
     17470
     17476
     17482
     17489
     17496
     17504
     17513
     17523
     17531
     17540
     17548
     17556
     17567
     17577
     17587
     17596
     17605
     17612
     17621
     17630
     17637
     17647
     17658
     17667
     17675
     17685
     17696
     17708
     17718
     17728
     17738
     17750
     17758
     17765
     17771
     17777
     17783
     17789
     17799
     17810
     17821
     17832
     17843
     17851
     17858
     17864
     17870
     17876
     17882
     17888
     17894
     17903
     17910
     17916
     17927
     17938
     17948
     17960
     17966
     17972
     17981
     17988
     17994
     18004
     18014
     18026
     18038
     18048
     18058
     18064
     18070
     18076
     18087
     18098
     18107
     18114
     18124
     18130
     18136
     18145
     18152
     18158
     18164
     18170
     18176
     18182
     18192
     18203
     18214
     18225
     18235
     18245
     18256
     18267
     18278
     18289
     18300
     18311
     18322
     18333
     18344
     18354
     18364
     18374
     18384
     18395
     18405
     18411
     18417
     18423
     18429
     18435
     18441
     18447
     18453
     18459
     18465
     18471
     18477
     18483
     18489
     18494
     18500
     18506
     18512
     18518
     18524
     18530
     18536
     18542
     18548
     18557
     18566
     18575
     18583
     18592
     18601
     18610
     18619
     18628
     18638
     18647
     18656
     18665
     18674
     18685
     18693
     18701
     18708
     18717
     18727
     18737
     18748
     18758
     18768
     18779
     18789
     18794
     18800
     18806
     18811
     18817
     18823
     18830
     18836
     18842
     18848
     18856
     18863
     18870
     18881
     18892
     18902
     18911
     18920
     18930
     18940
     18951
     18959
     18966
     18976
     18986
     18995
     19004
     19014
     19022
     19031
     19038
     19047
     19057
     19067
     19077
     19088
     19099
     19108
     19118
     19128
     19137
     19146
     19155
     19164
     19174
     19183
     19192
     19201
     19210
     19220
     19230
     19239
     19248
     19257
     19265
     19271
     19277
     19283
     19288
     19293
     19299
     19305
     19311
     19317
     19323
     19330
     19337
     19345
     19353
     19363
     19372
     19381
     19390
     19399
     19405
     19411
     19417
     19422
     19428
     19434
     19440
     19445
     19451
     19457
     19463
     19469
     19475
     19481
     19487
     19493
     19499
     19505
     19511
     19517
     19525
     19534
     19542
     19551
     19558
     19568
     19577
     19586
     19596
     19606
     19617
     19627
     19637
     19647
     19656
     19665
     19675
     19684
     19695
     19706
     19716
     19727
     19737
     19747
     19757
     19767
     19777
     19786
     19796
     19806
     19816
     19826
     19836
     19844
     19852
     19859
     19867
     19876
     19884
     19891
     19901
     19910
     19918
     19926
     19937
     19947
     19957
     19967
     19977
     19987
     19997
     20006
     20015
     20025
     20031
     20037
     20043
     20049
     20055
     20061
     20067
     20073
     20079
     20085
     20091
     20097
     20107
     20115
     20126
     20134
     20142
     20151
     20159
     20168
     20175
     20183
     20192
     20200
     20209
     20216
     20224
     20233
     20241
     20250
     20257
     20265
     20274
     20282
     20291
     20298
     20307
     20317
     20327
     20337
     20344
     20352
     20359
     20368
     20376
     20382
     20388
     20399
     20409
     20419
     20428
     20437
     20443
     20449
     20455
     20461
     20467
     20473
     20479
     20485
     20491
     20497
     20503
     20509
     20515
     20521
     20527
     20533
     20539
     20545
     20551
     20557
     20563
     20569
     20575
     20581
     20587
     20593
     20599
     20605
     20611
     20617
     20623
     20629
     20635
     20641
     20647
     20653
     20659
     20665
     20671
     20677
     20683
     20689
     20695
     20701
     20707
     20713
     20719
     20725
     20731
     20737
     20743
     20749
     20755
     20761
     20767
     20773
     20779
     20785
     20791
     20797
     20808
     20818
     20827
     20833
     20838
     20844
     20850
     20856
     20862
     20874
     20884
     20890
     20896
     20902
     20910
     20917
     20925
     20932
     20938
     20943
     20949
     20955
     20961
     20967
     20977
     20986
     20996
     21005
     21011
     21017
     21023
     21033
     21043
     21052
     21060
     21067
     21073
     21079
     21085
     21094
     21101
     21107
     21117
     21126
     21136
     21143
     21149
     21155
     21161
     21167
     21173
     21179
     21190
     21200
     21210
     21219
     21226
     21232
     21239
     21248
     21258
     21268
     21279
     21285
     21291
     21297
     21303
     21309
     21315
     21321
     21327
     21333
     21339
     21345
     21351
     21357
     21363
     21369
     21375
     21381
     21387
     21393
     21399
     21405
     21411
     21417
     21423
     21429
     21435
     21441
     21447
     21453
     21458
     21464
     21470
     21476
     21486
     21495
     21502
     21508
     21518
     21529
     21535
     21541
     21547
     21553
     21559
     21565
     21572
     21578
     21584
     21590
     21596
     21602
     21608
     21614
     21620
     21626
     21632
     21638
     21644
     21650
     21656
     21662
     21668
     21674
     21680
     21686
     21692
     21698
     21706
     21713
     21719
     21725
     21731
     21737
     21743
     21749
     21755
     21761
     21767
     21773
     21779
     21785
     21791
     21800
     21807
     21814
     21822
     21832
     21843
     21853
     21863
     21874
     21883
     21892
     21901
     21909
     21916
     21925
     21935
     21944
     21954
     21963
     21972
     21982
     21992
     22002
     22010
     22019
     22026
     22036
     22046
     22056
     22066
     22075
     22084
     22094
     22101
     22110
     22118
     22128
     22138
     22145
     22153
     22162
     22171
     22180
     22190
     22200
     22210
     22221
     22232
     22242
     22252
     22263
     22273
     22283
     22293
     22303
     22313
     22324
     22334
     22344
     22354
     22364
     22374
     22383
     22392
     22401
     22412
     22421
     22431
     22441
     22449
     22458
     22468
     22477
     22487
     22497
     22505
     22515
     22524
     22534
     22544
     22552
     22562
     22571
     22581
     22591
     22601
     22611
     22621
     22629
     22637
     22647
     22657
     22668
     22679
     22691
     22700
     22710
     22718
     22728
     22739
     22749
     22759
     22769
     22778
     22789
     22800
     22810
     22820
     22830
     22840
     22850
     22861
     22871
     22881
     22891
     22901
     22911
     22921
     22932
     22942
     22951
     22962
     22973
     22983
     22993
     23003
     23013
     23023
     23033
     23043
     23051
     23061
     23071
     23081
     23091
     23101
     23111
     23121
     23131
     23141
     23153
     23164
     23175
     23186
     23197
     23207
     23215
     23225
     23233
     23243
     23253
     23263
     23274
     23284
     23293
     23303
     23313
     23323
     23333
     23342
     23352
     23362
     23373
     23383
     23393
     23403
     23413
     23423
     23433
     23443
     23453
     23462
     23471
     23480
     23490
     23499
     23509
     23518
     23527
     23536
     23545
     23555
     23564
     23573
     23583
     23592
     23602
     23611
     23620
     23629
     23639
     23648
     23657
     23666
     23675
     23685
     23694
     23703
     23713
     23722
     23732
     23741
     23750
     23759
     23768
     23777
     23786
     23795
     23804
     23813
     23823
     23832
     23842
     23851
     23860
     23871
     23881
     23891
     23901
     23911
     23921
     23931
     23941
     23951
     23962
     23972
     23982
     23991
     24001
     24011
     24021
     24031
     24041
     24049
     24059
     24067
     24076
     24085
     24094
     24104
     24114
     24124
     24135
     24145
     24155
     24165
     24174
     24183
     24193
     24203
     24214
     24224
     24234
     24244
     24254
     24264
     24274
     24284
     24294
     24304
     24314
     24324
     24334
     24344
     24354
     24364
     24374
     24384
     24395
     24405
     24415
     24425
     24435
     24445
     24455
     24465
     24475
     24486
     24496
     24506
     24517
     24527
     24537
     24548
     24558
     24568
     24578
     24588
     24599
     24609
     24618
     24628
     24638
     24648
     24658
     24668
     24679
     24689
     24699
     24709
     24720
     24730
     24740
     24750
     24760
     24770
     24780
     24790
     24800
     24810
     24820
     24830
     24841
     24851
     24861
     24871
     24881
     24891
     24901
     24912
     24922
     24933
     24943
     24953
     24964
     24974
     24984
     24995
     25005
     25015
     25025
     25036
     25046
     25056
     25066
     25076
     25086
     25097
     25107
     25117
     25127
     25137
     25146
     25155
     25165
     25174
     25184
     25193
     25204
     25214
     25224
     25234
     25244
     25254
     25263
     25272
     25281
     25292
     25303
     25314
     25325
     25335
     25345
     25356
     25366
     25376
     25386
     25396
     25407
     25417
     25427
     25438
     25448
     25457
     25467
     25477
     25487
     25497
     25507
     25517
     25527
     25537
     25547
     25557
     25567
     25577
     25587
     25598
     25608
     25618
     25628
     25638
     25648
     25659
     25670
     25680
     25690
     25700
     25710
     25720
     25730
     25740
     25750
     25760
     25770
     25780
     25790
     25800
     25810
     25820
     25828
     25836
     25846
     25856
     25866
     25876
     25886
     25896
     25906
     25916
     25926
     25937
     25948
     25959
     25969
     25979
     25990
     26000
     26010
     26019
     26029
     26040
     26050
     26060
     26071
     26081
     26091
     26101
     26111
     26122
     26133
     26143
     26153
     26163
     26173
     26181
     26189
     26199
     26209
     26219
     26229
     26239
     26250
     26260
     26270
     26280
     26290
     26301
     26311
     26321
     26332
     26343
     26353
     26363
     26373
     26383
     26394
     26404
     26414
     26424
     26434
     26444
     26455
     26466
     26477
     26487
     26497
     26507
     26518
     26529
     26540
     26550
     26561
     26572
     26582
     26592
     26603
     26613
     26624
     26634
     26644
     26654
     26664
     26675
     26685
     26695
     26706
     26716
     26726
     26736
     26746
     26757
     26767
     26778
     26789
     26799
     26810
     26821
     26831
     26842
     26852
     26862
     26872
     26883
     26893
     26903
     26914
     26925
     26936
     26947
     26956
     26966
     26976
     26986
     26996
     27006
     27016
     27027
     27037
     27047
     27057
     27067
     27078
     27088
     27098
     27109
     27120
     27131
     27141
     27152
     27163
     27174
     27184
     27194
     27204
     27214
     27224
     27234
     27245
     27256
     27267
     27278
     27288
     27298
     27309
     27320
     27331
     27342
     27353
     27363
     27373
     27384
     27394
     27405
     27416
     27426
     27434
     27443
     27454
     27465
     27473
     27485
     27496
     27507
     27516
     27524
     27532
     27538
     27548
     27557
     27566
     27575
     27584
     27593
     27602
     27611
     27621
     27630
     27639
     27648
     27659
     27669
     27679
     27688
     27698
     27707
     27716
     27727
     27737
     27746
     27755
     27765
     27775
     27784
     27793
     27802
     27812
     27820
     27827
     27837
     27847
     27855
     27861
     27867
     27873
     27879
     27885
     27891
     27897
     27903
     27911
     27921
     27931
     27939
     27949
     27959
     27969
     27980
     27990
     28002
     28012
     28020
     28028
     28038
     28048
     28058
     28068
     28078
     28087
     28097
     28107
     28117
     28127
     28137
     28147
     28158
     28168
     28178
     28189
     28199
     28209
     28217
     28226
     28234
     28243
     28250
     28260
     28269
     28278
     28287
     28297
     28303
     28309
     28315
     28321
     28327
     28334
     28343
     28352
     28361
     28371
     28380
     28389
     28398
     28406
     28416
     28426
     28436
     28445
     28454
     28463
     28472
     28481
     28491
     28500
     28509
     28518
     28527
     28537
     28546
     28555
     28564
     28574
     28584
     28593
     28602
     28611
     28621
     28630
     28638
     28646
     28655
     28665
     28674
     28683
     28692
     28701
     28712
     28722
     28731
     28742
     28752
     28762
     28768
     28774
     28780
     28786
     28792
     28798
     28804
     28810
     28816
     28822
     28828
     28834
     28840
     28846
     28852
     28858
     28864
     28870
     28876
     28882
     28888
     28894
     28900
     28906
     28912
     28918
     28924
     28930
     28940
     28950
     28960
     28970
     28980
     28989
     28998
     29008
     29018
     29029
     29039
     29049
     29058
     29067
     29078
     29088
     29098
     29108
     29118
     29128
     29138
     29147
     29157
     29166
     29176
     29185
     29194
     29204
     29213
     29223
     29233
     29243
     29254
     29264
     29270
     29276
     29286
     29296
     29306
     29316
     29326
     29336
     29347
     29357
     29367
     29377
     29387
     29397
     29408
     29418
     29428
     29438
     29448
     29458
     29468
     29478
     29488
     29498
     29508
     29518
     29529
     29539
     29550
     29560
     29570
     29580
     29590
     29601
     29611
     29621
     29631
     29641
     29651
     29662
     29672
     29679
     29685
     29696
     29706
     29716
     29726
     29737
     29747
     29757
     29767
     29778
     29788
     29798
     29809
     29819
     29830
     29840
     29850
     29860
     29870
     29880
     29890
     29900
     29909
     29915
     29921
     29929
     29938
     29946
     29955
     29962
     29970
     29979
     29987
     29996
     30003
     30011
     30020
     30028
     30037
     30044
     30052
     30062
     30070
     30079
     30086
     30094
     30103
     30111
     30120
     30127
     30135
     30144
     30152
     30161
     30168
     30176
     30185
     30195
     30206
     30215
     30223
     30232
     30239
     30245
     30256
     30266
     30276
     30282
     30288
     30297
     30307
     30317
     30326
     30336
     30346
     30356
     30366
     30376
     30387
     30397
     30408
     30418
     30428
     30434
     30440
     30446
     30452
     30458
     30464
     30471
     30480
     30489
     30500
     30511
     30522
     30530
     30538
     30546
     30557
     30567
     30577
     30588
     30599
     30610
     30621
     30633
     30644
     30656
     30667
     30677
     30687
     30698
     30708
     30719
     30729
     30739
     30745
     30752
     30761
     30771
     30781
     30791
     30801
     30812
     30818
     30824
     30834
     30845
     30856
     30866
     30876
     30887
     30897
     30907
     30917
     30927
     30937
     30947
     30957
     30967
     30977
     30987
     30997
     31006
     31016
     31022
     31028
     31036
     31046
     31053
     31064
     31074
     31084
     31095
     31104
     31111
     31120
     31126
     31132
     31142
     31152
     31163
     31174
     31185
     31192
     31201
     31207
     31213
     31219
     31225
     31235
     31245
     31254
     31264
     31275
     31285
     31294
     31301
     31307
     31313
     31319
     31330
     31341
     31352
     31363
     31374
     31385
     31395
     31406
     31416
     31426
     31436
     31442
     31449
     31458
     31464
     31470
     31480
     31490
     31501
     31511
     31521
     31531
     31542
     31554
     31565
     31575
     31585
     31594
     31601
     31610
     31616
     31622
     31632
     31643
     31654
     31665
     31676
     31686
     31697
     31707
     31718
     31730
     31741
     31753
     31763
     31773
     31782
     31792
     31801
     31810
     31819
     31829
     31838
     31847
     31856
     31866
     31875
     31884
     31892
     31900
     31911
     31921
     31930
     31940
     31951
     31961
     31971
     31981
     31991
     32002
     32012
     32022
     32033
     32043
     32052
     32061
     32070
     32080
     32086
     32092
     32098
     32104
     32110
     32116
     32122
     32128
     32138
     32148
     32158
     32168
     32178
     32188
     32197
     32205
     32213
     32220
     32230
     32239
     32248
     32257
     32267
     32277
     32287
     32298
     32308
     32318
     32326
     32336
     32344
     32350
     32356
     32362
     32368
     32374
     32380
     32389
     32398
     32406
     32416
     32424
     32433
     32442
     32452
     32460
     32468
     32478
     32488
     32498
     32507
     32516
     32526
     32535
     32544
     32553
     32562
     32568
     32574
     32580
     32586
     32592
     32598
     32604
     32610
     32616
     32622
     32628
     32634
     32640
     32646
     32652
     32658
     32664
     32670
     32676
     32682
     32688
     32694
     32700
     32706
     32712
     32718
     32724
     32730
     32736
     32742
     32748
     32754
     32760
     32766
     32772
     32778
     32784
     32790
     32797
     32803
     32809
     32815
     32821
     32827
     32838
     32849
     32859
     32869
     32879
     32889
     32899
     32908
     32917
     32927
     32937
     32947
     32957
     32967
     32977
     32987
     32997
     33008
     33018
     33028
     33038
     33048
     33058
     33068
     33078
     33088
     33098
     33108
     33117
     33124
     33132
     33143
     33154
     33165
     33176
     33186
     33196
     33207
     33219
     33231
     33242
     33248
     33254
     33260
     33266
     33276
     33285
     33294
     33304
     33314
     33324
     33333
     33342
     33352
     33360
     33369
     33377
     33387
     33394
     33402
     33411
     33419
     33428
     33435
     33443
     33452
     33460
     33469
     33476
     33482
     33488
     33494
     33500
     33506
     33512
     33523
     33534
     33545
     33556
     33567
     33573
     33579
     33585
     33591
     33597
     33603
     33609
     33615
     33621
     33627
     33633
     33639
     33645
     33651
     33657
     33663
     33669
     33675
     33681
     33688
     33694
     33700
     33706
     33712
     33718
     33724
     33730
     33736
     33742
     33748
     33755
     33761
     33767
     33773
     33779
     33785
     33791
     33797
     33804
     33810
     33816
     33822
     33828
     33834
     33840
     33846
     33852
     33858
     33864
     33870
     33876
     33882
     33888
     33894
     33900
     33906
     33912
     33918
     33924
     33930
     33936
     33942
     33948
     33954
     33960
     33966
     33972
     33978
     33984
     33990
     34000
     34010
     34020
     34030
     34040
     34050
     34060
     34070
     34081
     34091
     34102
     34112
     34122
     34131
     34140
     34146
     34152
     34158
     34164
     34170
     34176
     34182
     34188
     34194
     34200
     34206
     34212
     34218
     34224
     34230
     34240
     34251
     34261
     34271
     34277
     34283
     34293
     34303
     34314
     34325
     34336
     34343
     34349
     34355
     34361
     34367
     34373
     34379
     34385
     34391
     34401
     34410
     34420
     34430
     34439
     34445
     34451
     34457
     34463
     34469
     34475
     34481
     34487
     34493
     34499
     34505
     34511
     34517
     34523
     34529
     34538
     34549
     34557
     34565
     34571
     34577
     34583
     34589
     34595
     34602
     34610
     34619
     34625
     34631
     34642
     34652
     34660
     34667
     34673
     34679
     34687
     34694
     34703
     34711
     34717
     34728
     34738
     34748
     34758
     34764
     34770
     34776
     34782
     34788
     34794
     34800
     34806
     34812
     34818
     34824
     34832
     34839
     34845
     34851
     34858
     34867
     34877
     34887
     34893
     34899
     34905
     34911
     34917
     34923
     34929
     34935
     34941
     34947
     34953
     34959
     34968
     34975
     34981
     34987
     34997
     35007
     35014
     35022
     35030
     35038
     35044
     35050
     35056
     35062
     35071
     35081
     35088
     35094
     35100
     35106
     35112
     35118
     35124
     35130
     35141
     35151
     35161
     35167
     35173
     35179
     35185
     35191
     35197
     35203
     35209
     35215
     35221
     35227
     35233
     35239
     35245
     35251
     35257
     35263
     35269
     35275
     35286
     35296
     35307
     35318
     35324
     35331
     35342
     35352
     35362
     35372
     35383
     35393
     35402
     35408
     35414
     35420
     35426
     35432
     35438
     35449
     35459
     35466
     35475
     35481
     35491
     35501
     35512
     35523
     35534
     35545
     35555
     35568
     35578
     35588
     35598
     35608
     35619
     35630
     35640
     35650
     35660
     35670
     35682
     35693
     35702
     35712
     35721
     35730
     35740
     35750
     35756
     35762
     35768
     35778
     35788
     35798
     35808
     35817
     35827
     35837
     35847
     35854
     35864
     35873
     35880
     35886
     35892
     35898
     35904
     35910
     35918
     35925
     35931
     35936
     35942
     35948
     35953
     35957
     35961
     35966
     35970
     35973
     35977
     35982
     35988
     35992
     35998
     36005
     36011
     36018
     36024
     36030
     36037
     36043
     36049
     36054
     36059
     36065
     36070
     36075
     36080
     36086
     36094
     36100
     36106
     36113
     36119
     36125
     36133
     36139
     36144
     36151
     36158
     36163
     36169
     36176
     36181
     36187
     36193
     36199
     36205
     36209
     36215
     36221
     36229
     36238
     36245
     36252
     36259
     36266
     36273
     36279
     36284
     36289
     36294
     36299
     36303
     36308
     36313
     36317
     36321
     36325
     36329
     36333
     36337
     36341
     36345
     36350
     36357
     36363
     36370
     36375
     36381
     36386
     36391
     36398
     36405
     36410
     36416
     36422
     36429
     36435
     36442
     36449
     36454
     36461
     36467
     36474
     36479
     36485
     36490
     36496
     36501
     36507
     36514
     36520
     36524
     36529
     36534
     36538
     36541
     36544
     36548
     36552
     36559
     36566
     36571
     36576
     36581
     36588
     36596
     36602
     36609
     36619
     36626
     36631
     36637
     36643
     36649
