      1584         1
         1      1589
        81         1
         9         1
         1      1579
         2        10
         2      1545
      1547         2
       361         2
         3       688
         3       191
       680         3
        15         3
        43         3
       703         4
       686         4
       111         4
         4        54
         4       161
       687         5
       682         5
         5        85
         5        72
        41         5
         6      1587
         6      1588
        16         6
        74         6
         6      1578
       152         6
         7        42
        92         7
         7      1571
        93         7
       681         7
         7      1570
         8        55
         8        17
       367         8
       698         8
        81         9
         9      1579
        40         9
       152         9
         9      1578
        10      1544
        39        10
        10        88
        11       112
       111        11
       685        11
        11        50
       679        11
        11        41
        12        81
        12      1584
        12      1572
        60        12
        82        12
        42        12
        13        51
       186        13
        13        93
       688        13
        13       689
       191        13
       678        14
       703        14
        14        52
        14       161
        77        14
        15       680
        15        43
       683        15
        85        15
        86        15
        16      1587
        74        16
        75        16
        16      1539
        53        16
        17        73
       356        17
        17        90
       153        18
        18        74
        18        75
        94        18
       119        18
        54        19
       112        19
        19       123
        19       158
       160        19
       158        20
        20       159
       118        20
        20       162
        20       122
       185        21
        61        21
        21        99
       177        21
        21       126
       156        22
       130        22
        22       155
        22       151
        22        84
        23       132
        23       150
       133        23
        84        23
       120        23
        61        24
       189        24
        24       190
        24       163
        24        99
       134        25
        25       143
        25       169
       157        25
       104        25
        86        26
        26       105
        26       136
       125        26
        79        26
        99        27
       163        27
        27       166
        27       164
       127        27
       155        28
        28       144
       151        28
        28       145
       116        28
        29        60
        92        29
       131        29
        29       132
       133        29
        30        77
        30        76
        55        30
       700        30
        31        62
        31       176
       364        31
        90        31
        32        63
        32       100
       354        32
       176        32
        33        64
        33       128
       363        33
       100        33
        34        65
        34       102
       359        34
       128        34
        35        66
        35       173
       370        35
       102        35
        36        67
        36       113
       369        36
       173        36
        37        80
        37        49
       360        37
       113        37
        38       139
        38      1542
        88        38
        68        38
       361        39
        39        87
        49        39
        40       152
        40        81
       153        40
       154        40
        82        40
        41        72
       687        41
        41        50
       679        41
        92        42
        42      1571
        42      1572
        60        42
        43       191
        86        43
        43       105
        43       137
        44       134
        44       125
        44       104
       123        44
       159        44
       124        44
       144        45
       155        45
        45       154
        45       153
        45       119
       150        45
       190        46
       163        46
       188        46
        46        83
        46       120
        46       130
       134        47
       143        47
        47       117
        47       189
        47       135
       136        47
        48       187
        48       188
       117        48
        48       186
       135        48
       137        48
        49        89
       365        49
       112        50
        50        72
        50       124
        50        79
       186        51
        51        93
        51        92
        51       131
       187        51
       161        52
        78        52
        52       110
        52       160
        53      1539
        75        53
        95        53
       139        53
       111        54
       161        54
        54       112
        54       160
        55        73
       699        55
        56       168
        56       157
       122        56
       162        56
        96        56
       168        57
       169        57
        57       177
        57       185
        97        57
       164        58
       166        58
        58       142
        58       156
        98        58
       145        59
       144        59
        59        94
        59        95
       138        59
        60        82
        92        60
       132        60
       185        61
        61        99
       189        61
        62       184
        91        62
        62       107
        63       101
       184        63
        63       182
        64       129
       101        64
        64       180
        65       103
       129        65
        65       170
        66       172
       103        66
        66       174
        67       114
       172        67
        67       149
        68       140
        87        68
       106        68
        69       118
        69       121
       107        69
       108        69
        70       126
        70       115
       170        70
       178        70
        71       116
        71       146
       148        71
       141        71
        72        85
        72        79
        72        86
        73        91
        73        76
        74       152
        75        74
       153        74
        94        75
        95        75
        76        78
        76       109
        77        78
       702        77
        78       108
        79        86
        79       125
       124        79
        80        89
       114        80
        80       147
        81      1584
        82        81
       154        82
       132        82
       188        83
        83       120
       187        83
        83       133
        83       131
       130        84
        84       155
       120        84
        84       150
       682        85
        85       683
        85        86
        86       105
        87        88
        89        87
        88      1543
        89       106
        90        91
       355        90
        91       109
        93        92
       131        92
        93       681
       689        93
       119        94
       144        94
        94        95
       140        95
        96       167
       121        96
       182        96
        97       178
       167        97
       180        97
        98       141
       165        98
       171        98
       126        99
        99       163
        99       127
       100       101
       362       100
       101       181
       102       103
       368       102
       103       175
       104       157
       104       134
       159       104
       162       104
       136       105
       105       137
       105       135
       106       138
       147       106
       107       183
       109       107
       108       110
       109       108
       160       110
       110       118
       110       158
       686       111
       111       112
       685       111
       112       123
       112       124
       113       114
       358       113
       114       148
       115       127
       175       115
       115       165
       116       145
       151       116
       142       116
       189       117
       135       117
       117       188
       117       190
       158       118
       118       122
       119       153
       144       119
       120       133
       130       120
       121       122
       183       121
       122       162
       158       123
       123       159
       123       124
       124       125
       125       136
       125       134
       177       126
       126       127
       127       164
       128       129
       357       128
       129       179
       130       156
       163       130
       166       130
       131       133
       187       131
       132       150
       133       132
       132       154
       134       143
       134       136
       136       135
       135       137
       137       191
       137       186
       138       140
       146       138
       139      1541
       140       139
       141       142
       149       141
       156       142
       142       151
       169       143
       143       189
       143       185
       155       144
       145       144
       146       145
       147       146
       148       147
       149       148
       171       149
       150       154
       155       150
       151       155
       156       151
       152      1578
       153       152
       154       153
       166       156
       157       169
       157       168
       162       157
       160       158
       158       159
       159       162
       161       160
       703       161
       190       163
       163       166
       164       166
       165       164
       174       165
       167       168
       181       167
       168       169
       169       185
       170       175
       179       170
       174       171
       172       171
       173       172
       371       173
       175       174
       176       184
       366       176
       185       177
       178       177
       179       178
       180       179
       181       180
       182       181
       183       182
       184       183
       185       189
       191       186
       186       187
       188       187
       190       188
       189       190
       688       191
       223       192
       192      1618
       294       192
      1606       192
       192      1607
       192      1608
       193       250
       701       193
       193       228
       691       193
       193       274
       677       194
       194       250
      1534       194
       194       207
       194       239
       195      1615
       296       195
       195      1616
       262       195
       195       225
       221       196
       196       294
       200       196
       196      1606
      1619       196
       196      1609
       197       367
       197       208
       227       197
       697       197
       198       201
       198      1596
      1598       198
       241       198
       199       365
       199      1548
       201       199
       222       199
       200       221
       200      1619
      1532       200
       237       200
      1605       200
       201      1549
       236       201
       202      1617
       202       223
       202       252
       280       202
       281       202
       203       275
       274       203
       692       203
       203       224
       684       203
       203       238
       349       204
       204       352
       204      1613
       348       204
       204      1612
       252       204
       205       263
       205       249
       205       237
       320       205
      1517       205
      1527       205
       206      1595
       206      1621
       225       206
       244       206
       206       268
      1534       207
       207       239
       207       320
      1504       207
       207       226
       208       356
       240       208
       208       277
       209       349
       209       348
       350       209
       284       209
       209       325
       210       298
       210       296
       352       210
       285       210
       297       210
       211       330
       211       326
       301       211
       340       211
       211       339
       212       329
       310       212
       286       212
       212       353
       212       245
       213       249
       263       213
       213       293
       302       213
       213       303
       214       251
       214       299
       336       214
       694       214
       215       364
       215       344
       253       215
       277       215
       216       354
       216       283
       254       216
       344       216
       217       363
       217       305
       255       217
       283       217
       218       359
       218       315
       256       218
       305       218
       219       370
       219       273
       257       219
       315       219
       220       369
       220       261
       266       220
       273       220
       221       294
       237       221
       221       295
       249       221
       222       360
       236       222
       261       222
       223      1618
       294       223
       223      1617
       280       223
       295       223
       692       224
       224       238
       693       224
       224       336
       224       243
       262       225
       225      1616
       225      1621
       244       225
       226       320
       239       226
       226       322
       226       319
       227       240
       696       227
       251       227
       250       228
       274       228
       228       270
       228       275
       228       264
       321       229
       229       328
       229       271
       319       229
       229       302
       322       229
       330       230
       339       230
       230       310
       338       230
       230       335
       230       286
       351       231
       347       231
       231       284
       332       231
       231       323
       231       324
       311       232
       232       312
       232       297
       324       232
       232       285
       325       232
       233       329
       233       310
       233       327
       328       233
       326       233
       330       233
       234       309
       234       350
       327       234
       329       234
       234       351
       308       234
       235       309
       308       235
       235       281
       235       280
       293       235
       303       235
       241       236
       260       236
      1532       237
       237       249
      1517       237
       275       238
       238       243
       238       301
       250       239
       239       319
       239       264
       240       276
       265       240
      1599       241
       242       241
       242       260
       268       242
       267       242
       336       243
       243       301
       243       340
       243       337
       244       269
       262       244
       289       244
       353       245
       329       245
       245       347
       245       351
       246       289
       246       298
       312       246
       297       246
       246       278
       247       332
       247       347
       342       247
       353       247
       247       279
       248       338
       248       339
       337       248
       340       248
       248       300
       263       249
       249       293
       249       295
       701       250
       677       250
       250       264
       251       265
       695       251
       252      1617
       281       252
       348       252
       252      1612
       253       345
       276       253
       306       253
       254       282
       345       254
       343       254
       255       304
       282       255
       333       255
       256       316
       304       256
       314       256
       257       272
       316       257
       291       257
       258       346
       258       341
       335       258
       307       258
       259       318
       259       287
       323       259
       334       259
       266       260
       260       261
       261       358
       296       262
       289       262
       298       262
       320       263
       263       302
       322       263
       264       270
       264       319
       264       321
       299       265
       265       292
       272       266
       267       266
       269       267
       290       267
       268      1599
       269       268
       288       269
       275       270
       270       321
       270       326
       270       301
       328       271
       302       271
       271       327
       271       303
       271       308
       272       273
       290       272
       273       371
       691       274
       274       275
       684       274
       275       301
       276       277
       292       276
       277       355
       278       288
       313       278
       278       291
       279       334
       341       279
       279       331
       280       281
       295       280
       293       280
       309       281
       281       348
       282       283
       331       282
       283       362
       350       284
       284       325
       351       284
       284       324
       285       297
       285       352
       325       285
       349       285
       310       286
       286       353
       335       286
       286       342
       287       314
       311       287
       287       313
       289       288
       288       290
       298       289
       291       290
       317       291
       292       306
       300       292
       303       293
       293       295
       294      1606
       295       294
       296      1615
       298       296
       352       296
      1613       296
       297       298
       312       297
       337       299
       299       300
       300       307
       301       326
       301       340
       302       303
       322       302
       303       308
       304       305
       318       304
       305       357
       306       346
       307       306
       338       307
       308       309
       327       308
       309       350
       309       348
       310       329
       330       310
       311       312
       324       311
       323       311
       312       313
       313       317
       314       317
       318       314
       315       368
       316       315
       317       316
       333       318
       319       322
       319       321
      1527       320
      1504       320
       320       322
       321       328
       321       326
       332       323
       323       324
       324       325
       325       349
       326       330
       326       328
       327       329
       328       327
       329       351
       339       330
       343       331
       331       333
       347       332
       332       334
       334       333
       338       335
       335       342
       336       337
       693       336
       337       340
       339       338
       340       339
       342       341
       341       343
       342       353
       346       343
       344       366
       345       344
       346       345
       347       351
       353       347
       348       349
       350       348
       349       352
       351       350
       352      1613
       354       362
       366       354
       356       355
       355       364
       367       356
       363       357
       357       359
       369       358
       358       360
       359       368
       360       365
      1548       361
       365       361
       362       363
       364       366
       690       367
       368       370
       371       369
       370       371
      1522       372
      1537       372
       372       413
       372       379
       372       670
       380       373
       397       373
       676       373
       373       685
       373       674
       373       679
       374      1515
      1513       374
       374       478
       405       374
       374       444
       375       691
       461       375
       442       375
       375       404
       375       684
       376       671
       376       399
       437       376
       483       376
       672       376
       377       686
       377       703
       464       377
       385       377
       377       678
       406       377
       416       378
       398       378
      1514       378
       378       386
       378       701
      1510       378
       378       677
       379       413
      1522       379
       379       414
       379       401
      1521       379
       397       380
       380       685
       412       380
       464       380
       380       686
       673       381
       381       675
       413       381
       381       483
       381       484
       402       381
      1526       382
      1515       382
       382       416
       382       415
       478       382
       382       403
       383       693
       383       692
       443       383
       404       383
       383       417
      1511       384
      1538       384
       384       445
       384       405
       384       418
       464       385
       385       406
       463       385
       457       385
       398       386
       386       701
       386       691
       386       461
       400       386
       387       464
       387       463
       387       412
       435       387
       462       387
       465       388
       484       388
       388       481
       388       436
       466       388
       389       516
       389       455
       418       389
      1524       389
       390       447
       390       420
       516       390
      1529       390
       391       498
       391       421
       447       391
      1531       391
       392       438
       392       422
       498       392
      1518       392
       393       480
       393       695
       417       393
       452       393
       394       450
       394       697
       480       394
       423       394
       395       505
       395       698
       450       395
       424       395
       396       419
       396       700
       505       396
       446       396
       397       676
       397       412
       671       397
       399       397
       416       398
       398       400
       415       398
       671       399
       437       399
       399       412
       399       435
       400       461
       415       400
       440       400
       400       459
      1521       401
       401       414
       401       434
       438       401
       402       484
       413       402
       402       465
       414       402
       403       415
       478       403
       403       441
       477       403
       442       404
       404       684
       443       404
       404       692
      1513       405
       405       444
       405       445
      1538       405
       406       678
       457       406
       419       406
       481       407
       437       407
       407       435
       407       473
       482       407
       407       462
       460       408
       459       408
       408       443
       408       442
       408       451
       475       409
       441       409
       409       460
       409       440
       409       470
       445       410
       444       410
       410       475
       410       477
       410       454
       411       457
       411       463
       473       411
       462       411
       489       411
       412       464
       435       412
       670       413
       413       414
       413       673
       414       434
       414       465
       416       415
       415       440
       441       415
      1514       416
      1526       416
       417       694
       453       417
       418       456
      1523       418
       419       702
       458       419
       420       448
       515       420
       420       485
       421       497
       448       421
       421       486
       422       439
       497       422
       422       488
       423       449
       479       423
       499       423
       424       506
       449       424
       500       424
       425       514
       425       474
       454       425
       455       425
       426       467
       426       504
       513       426
       485       426
       427       495
       427       510
       467       427
       486       427
       428       493
       428       469
       495       428
       488       428
       429       512
       429       471
       470       429
       474       429
       430       468
       430       499
       503       430
       504       430
       431       508
       431       500
       468       431
       510       431
       432       491
       432       490
       508       432
       469       432
       433       502
       433       452
       451       433
       471       433
       439       434
       434       465
       434       466
       435       462
       437       435
       466       436
       436       481
       436       482
       493       436
       483       437
       481       437
       484       437
       438       439
      1520       438
       439       494
       440       459
       440       460
       441       440
       477       441
       475       441
       461       442
       442       443
       459       442
       443       453
       444       478
       445       444
       444       477
       445       456
       446       458
       506       446
       490       446
       447       448
      1530       447
       448       487
       449       450
       501       449
       450       690
       451       453
       472       451
       452       479
       453       452
       454       476
       456       454
       455       515
       456       455
       463       457
       458       457
       489       458
       459       461
       460       459
       460       472
       461       691
       462       463
       473       462
       463       464
       464       686
       465       484
       465       466
       494       466
       467       511
       487       467
       468       501
       511       468
       469       492
       509       469
       470       472
       476       470
       471       503
       472       471
       482       473
       491       473
       474       513
       476       474
       475       476
       477       475
       478       477
      1515       478
       479       480
       502       479
       480       696
       484       481
       481       482
       492       482
       483       672
       675       483
       484       483
       485       487
       514       485
       486       496
       487       486
       488       494
       496       488
       491       489
       490       489
       507       490
       492       491
       493       492
       494       493
       495       509
       496       495
       497       496
       498       497
      1533       498
       499       501
       502       499
       500       507
       501       500
       503       502
       512       503
       504       511
       512       504
       505       699
       506       505
       507       506
       508       507
       509       508
       510       509
       511       510
       513       512
       514       513
       515       514
       516       515
      1528       516
       610       517
       527       517
       517      1594
       517      1570
       681       517
       517      1593
      1626       518
       518      1625
       518       576
       528       518
       518       556
       519       626
      1562       519
       519       562
       519       541
      1561       519
      1569       520
       520       581
       520      1536
      1568       520
       520       557
       520       542
       529       521
       521      1582
       611       521
       521      1563
       521       561
       522       682
       522       687
       522       622
       674       522
       543       522
       563       522
       576       523
       598       523
       523       612
       523      1624
      1623       523
      1625       523
       524       666
       658       524
       560       524
       524       671
       672       524
      1516       525
       525      1537
       564       525
       525       584
       525       670
       525       544
      1505       526
      1519       526
       526      1509
       557       526
       526       606
       591       526
       527       610
       527       681
       555       527
       689       527
       577       527
       528       556
      1626       528
       528       660
      1560       528
      1591       528
       529      1582
       611       529
      1624       529
       612       529
       529      1575
       646       530
       530       649
       661       530
       530       603
       531       593
       581       531
       531       558
       531       592
      1574       531
      1586       531
       585       532
       559       532
       609       532
       532       610
       532      1580
       532      1590
       602       533
       533       601
       584       533
       673       533
       533       675
       533       560
      1508       534
      1503       534
       633       534
       534       578
       534       564
       534       613
      1507       535
      1512       535
       583       535
       535       599
       535       633
       535       631
       680       536
       536       688
       597       536
       536       577
       594       536
       536       580
       622       537
       682       537
       537       683
       621       537
       537       597
       537       617
       538       583
      1525       538
       538       600
      1506       538
       642       538
       538       643
      1509       539
       539      1535
       539       642
       606       539
       607       539
       539       589
       540       638
       623       540
       540      1559
       582       540
       540      1563
       561       540
       541       562
       626       541
       541       586
       541       625
       581       542
       542       557
       542       593
       542       591
       543       674
       543       563
       666       543
       676       543
       654       543
       544       584
       564       544
       578       544
       544       602
       648       545
       651       545
       545       588
       545       637
       545       650
       546       639
       546       585
       546       608
       620       546
       637       546
       547       609
       547       580
       608       547
       594       547
       616       547
       632       548
       548       627
       631       548
       548       614
       613       548
       630       549
       625       549
       586       549
       549       669
       549       661
       605       550
       550       634
       589       550
       643       550
       550       645
       551       668
       551       590
       635       551
       551       641
       634       551
       656       552
       552       657
       636       552
       552       652
       628       552
       553       648
       553       651
       615       553
       640       553
       649       553
       598       554
       554       612
       554       611
       554       618
       619       554
       555       610
       577       555
       609       555
       580       555
       556       576
       660       556
       556       598
       556       579
      1536       557
       557      1505
       557       591
       558       592
      1586       558
      1562       558
       558       626
       558       596
       585       559
       559      1580
       639       559
       638       559
       559      1558
       560       658
       560       672
       601       560
       675       560
       561      1563
       611       561
       582       561
      1561       562
       562       586
       562       659
       562       660
      1560       562
       563       622
       654       563
       653       563
       563       587
      1516       564
       564       578
      1503       564
       657       565
       656       565
       615       565
       565       648
       565       647
       565       650
       667       566
       668       566
       669       566
       566       655
       566       640
       566       603
       621       567
       629       567
       647       567
       567       620
       567       617
       567       616
       595       568
       568       605
       568       635
       568       630
       568       625
       596       568
       592       569
       593       569
       591       569
       569       607
       569       606
       569       595
       570       665
       570       601
       602       570
       570       664
       614       570
       627       570
       571       656
       571       636
       571       655
       663       571
       662       571
       667       571
       572       654
       658       572
       665       572
       572       653
       604       572
       572       628
       632       573
       573       627
       573       664
       573       663
       573       662
       644       573
       599       574
       574       632
       600       574
       574       644
       645       574
       574       641
       649       575
       575       651
       646       575
       575       624
       619       575
       575       618
      1625       576
       576       598
       577       689
       688       577
       580       577
       613       578
       578       602
       578       614
       579       598
       660       579
       579       646
       659       579
       579       619
       594       580
       580       609
      1569       581
       581       593
      1574       581
      1573       581
       582       623
       611       582
       624       582
       618       582
       583      1507
       583       599
      1525       583
       583       600
       670       584
       584       673
       602       584
       585       609
       639       585
       608       585
       625       586
       586       661
       586       659
       587       622
       653       587
       587       621
       652       587
       587       629
       651       588
       588       637
       624       588
       588       623
       588       639
       607       589
       642       589
       589       605
       589       643
       668       590
       641       590
       590       667
       590       662
       590       644
       591       606
       593       591
       593       592
       592       596
       592       595
       597       594
       616       594
       617       594
       595       605
       596       595
       607       595
       626       596
       596       625
       597       680
       683       597
       617       597
       598       612
       598       619
       599       631
       599       632
       600       599
       643       600
       600       645
       602       601
       601       658
       601       665
       614       602
       661       603
       603       649
       669       603
       603       640
       665       604
       604       628
       664       604
       663       604
       604       636
       605       634
       605       635
       607       605
       606      1509
       606       607
       620       608
       608       609
       616       608
       609       610
       610      1594
       610      1590
       612       611
       618       611
       612      1624
       633       613
       613       614
       631       613
       627       614
       615       648
       640       615
       656       615
       655       615
       617       616
       620       616
       621       617
       619       618
       618       624
       646       619
       637       620
       647       620
       650       620
       622       621
       629       621
       622       682
       623       638
       624       623
       623       639
       651       624
       626       625
       625       630
      1562       626
       632       627
       627       664
       628       652
       636       628
       628       653
       629       647
       652       629
       657       629
       630       669
       635       630
       630       668
       633       631
       631       632
       632       644
      1508       633
      1512       633
       645       634
       634       641
       635       634
       635       668
       636       656
       663       636
       650       637
       637       639
       638      1559
       639       638
       638      1558
       640       649
       655       640
       641       644
       645       641
      1506       642
       642       643
      1535       642
       643       645
       644       662
       646       649
       661       646
       659       646
       657       647
       647       650
       651       648
       648       650
       649       651
       657       652
       653       652
       654       653
       666       654
       658       654
       667       655
       655       656
       656       657
       658       666
       665       658
       660       659
       659       661
      1560       660
       661       669
       662       663
       667       662
       664       663
       664       665
       671       666
       666       676
       668       667
       668       669
      1537       670
       670       673
       672       671
       671       676
       675       672
       673       675
       676       674
       674       679
       674       687
       677      1534
       677       701
      1510       677
       678       703
       702       678
       685       679
       679       687
       680       688
       683       680
       681      1570
       689       681
       687       682
       682       683
       684       692
       691       684
       686       685
       686       703
       688       689
       690       698
       697       690
       701       691
       692       693
       693       694
       694       695
       695       696
       696       697
       698       699
       699       700
       700       702
       712       704
       745       704
      1482       704
       704      1506
       704      1525
       704      1483
       705      1509
       705       730
      1519       705
       705       739
       802       705
       706       768
       706       715
       769       706
      1084       706
      1074       706
       716       707
       773       707
       707      1484
       707      1501
       772       707
      1566       708
       708       762
      1079       708
      1585       708
       708       732
       708       717
      1567       709
       762       709
       709       731
       709       749
       709      1536
      1568       709
       710       733
       710       718
       910       710
      1085       710
       711       719
       711      1496
       904       711
       734       711
       712       745
       712      1506
      1535       712
       746       712
       730       712
       713       798
       713       802
       742       713
       731       713
      1505       713
       713      1519
       714       769
      1086       714
      1088       714
       714       757
       714       754
       732       714
       715       768
      1084       715
       715       758
       715       752
      1087       715
       773       716
       716      1501
       759       716
       716      1498
       753       716
       732       717
       717       762
       717       764
       717       754
       718       740
       914       718
       718       796
       719      1497
       741       719
       719       753
       768       720
       720       775
       720       777
       758       720
       720       778
       774       721
       721       773
       721       759
       766       721
       765       721
       722       800
       722       770
       785       722
       803       722
       783       722
       798       723
       723       761
       781       723
       723       760
       723       755
       801       724
       800       724
       724       776
       724       786
       782       724
       775       725
       725       799
       725       803
       777       725
       725       785
       726       772
       726      1486
       726       745
       751       726
       746       726
       750       726
       727       794
       727       756
       906       727
       796       727
       728       792
       728       767
       912       728
       756       728
       729       790
       729       789
       913       729
       767       729
      1509       730
       739       730
       730       746
       730      1535
       749       731
      1536       731
       731       742
       731      1505
      1079       732
      1088       732
       732       754
       733       740
      1090       733
       733       752
       734       741
       909       734
       789       734
       786       735
       776       735
       735       765
       735       771
       787       735
       735       766
       777       736
       736       785
       778       736
       736       784
       780       736
       736       783
       797       737
       799       737
       803       737
       737       781
       737       782
       737       800
       738       775
       738       799
       738       763
       757       738
       764       738
       754       738
       802       739
       739       746
       739       750
       761       739
       740       795
       740       747
       741       748
       788       741
       742       798
       749       742
       763       742
       742       797
       743       791
       743       770
       784       743
       783       743
       793       743
       791       744
       801       744
       744       787
       744       786
       779       744
       745      1482
       746       745
       745      1486
       750       746
       752       747
       747       780
       747       778
       758       747
       748       753
       771       748
       766       748
       748       759
       762       749
       749       763
       764       749
       750       751
       761       750
       760       750
       751       772
       760       751
       751       773
       774       751
      1087       752
       752       758
       753      1498
       759       753
       754       757
       754       764
       755       760
       781       755
       755       776
       755       774
       782       755
       756       793
       905       756
       769       757
       757       775
       757       768
       768       758
       758       778
       759       773
       766       759
       761       760
       760       774
       798       761
       802       761
      1566       762
      1567       762
       762       764
       763       799
       764       763
       763       797
       765       774
       765       766
       776       765
       771       766
       767       779
       911       767
       769       768
       768       775
      1074       769
      1086       769
       770       800
       783       770
       770       791
       770       801
       787       771
       788       771
       773       772
       772      1484
       772      1486
       774       773
       776       774
       775       777
       775       799
       786       776
       782       776
       778       777
       777       785
       778       780
       792       779
       779       790
       780       784
       795       780
       781       798
       797       781
       781       782
       800       782
       785       783
       784       783
       794       784
       785       803
       801       786
       786       787
       790       787
       790       788
       789       788
       907       789
       792       791
       791       801
       793       792
       794       793
       795       794
       796       795
       908       796
       799       797
       797       798
       798       802
       799       803
       803       800
       800       801
       802      1519
       804      1481
       804      1485
       841       804
       822       804
       804       863
      1078       805
       805      1077
       812       805
       805       826
       805       852
       806       901
       806       831
       806      1480
      1075       806
       823       806
      1492       806
       807       910
       807       813
       828       807
      1082       807
       808       904
       808      1494
       814       808
       850       808
       852       809
       809       853
       809       832
       809       823
      1072       809
      1077       809
       810      1493
       810       841
       810       824
      1479       810
       901       810
       902       810
       811      1502
       811      1499
       864       811
       863       811
       811       830
       812       826
      1078       812
      1089       812
       812       885
       813       914
       835       813
       813       868
       814      1491
       849       814
       827       814
       831       815
       832       815
       865       815
       815       875
       815       874
       816       847
       816       838
       885       816
      1076       816
       817       828
       817       846
       847       817
      1080       817
       818       906
       818       896
       839       818
       868       818
       819       912
       819       861
       840       819
       896       819
       820       913
       820       829
       856       820
       861       820
       821       882
       821      1478
       830       821
       851       821
       841       822
       822       863
       876       822
       877       822
       822       864
      1075       823
       823       831
      1072       823
       823       832
       824       841
       902       824
       824       876
       903       824
       825       902
       825       903
       880       825
       825       893
       874       825
       875       825
       826       852
       826       888
       826       836
       827      1489
       837       827
       882       827
       828       835
      1081       828
       829       907
       857       829
       829       850
       830      1487
       859       830
       831       901
       832       831
       831       874
       853       832
       832       865
       833       877
       833       876
       893       833
       903       833
       833       870
       834       880
       834       875
       866       834
       865       834
       834       892
       835       867
       846       835
       852       836
       836       887
       836       866
       836       853
       837       849
       881       837
       858       837
       838       848
       888       838
       838       871
       839       897
       867       839
       854       839
       840       862
       897       840
       855       840
       841      1485
      1493       841
       876       841
       842       872
       842       900
       886       842
       871       842
       843       889
       843       891
       895       843
       900       843
       844       884
       844       878
       870       844
       891       844
       845       856
       845       858
       884       845
       860       845
       848       846
       846       869
       847       848
      1073       847
       848       873
       849       850
       857       849
       850       909
       851       881
       859       851
       878       851
      1077       852
       852       853
       853       865
       853       866
       854       898
       869       854
       872       854
       855       860
       898       855
       889       855
       856       857
       862       856
       858       857
       883       858
       864       859
       879       859
       860       862
       890       860
       861       911
       862       861
       863      1481
       864       863
       863      1499
       877       864
       865       875
       866       865
       866       886
       867       868
       869       867
       868       908
       873       869
       870       879
       894       870
       871       873
       887       871
       872       899
       873       872
       875       874
       874       902
       874       901
       875       880
       876       877
       903       876
       877       879
       878       883
       879       878
       880       893
       880       895
       881       882
       883       881
       882      1488
       884       883
       890       884
       885       888
      1071       885
       886       892
       887       886
       888       887
       889       890
       899       889
       891       890
       894       891
       892       895
       892       900
       893       903
       893       894
       895       894
       896       905
       897       896
       898       897
       899       898
       900       899
      1480       901
       901      1479
       901       902
       902       903
       904      1495
       909       904
       906       905
       905       912
       908       906
       913       907
       907       909
       914       908
       910       914
      1083       910
       912       911
       911       913
      1564       915
      1583       915
       915       998
       915       923
      1634       916
       916       931
      1633       916
       916      1018
       916      1635
      1645       916
      1048       917
       917      1086
       917      1074
       956       917
       917       991
       918      1490
       918      1500
       946       918
       948       918
       918       924
      1581       919
       919      1565
       919       947
       963       919
       919       925
       920      1644
      1637       920
       920       958
       932       920
       920       959
       972       921
       961       921
       971       921
      1078       921
       921      1077
       921      1072
       922       955
       922       998
      1583       922
      1577       922
       922       933
      1576       922
       923       998
      1564       923
       923       965
       923       952
      1540       923
       948       924
       924      1490
       924      1075
       924      1492
       949       924
      1565       925
       947       925
       925      1585
       925      1079
       925       951
      1636       926
      1643       926
       926       993
      1034       926
       926       966
       926       994
      1005       927
       927      1089
       996       927
       927      1078
       927       961
       953       927
       928      1088
       928      1086
       960       928
       990       928
       928      1048
       951       928
       929      1031
       929      1034
      1627       929
      1642       929
       929       967
       930      1087
       930      1084
       992       930
       991       930
       954       930
      1634       931
       931      1018
       993       931
       931       975
       931      1019
      1637       932
       932       959
      1018       932
       932       987
      1635       932
       933       955
      1576       933
       933       964
      1592       933
       933       963
       934      1026
       934      1020
       975       934
       994       934
      1000       934
       935      1048
       935      1047
       990       935
      1039       935
       989       935
       936       973
       936       989
       999       936
      1003       936
       936      1002
       937       987
      1019       937
       937       988
       937       995
      1020       937
       938      1070
       938      1025
       967       938
      1557       938
       939      1008
       939       976
      1070       939
      1555       939
       940      1054
       940       977
      1008       940
      1553       940
       941      1014
       941       978
      1054       941
      1551       941
       942      1041
       942      1071
      1005       942
       979       942
       943      1022
       943      1073
      1041       943
       980       943
       944      1061
       944      1081
      1022       944
       981       944
       945      1007
       945      1083
      1061       945
       982       945
       946      1500
       946       948
       958       946
      1644       946
      1638       946
       963       947
       947       951
       947       960
       964       947
       948       949
       958       948
       950       948
       949      1075
       950       949
       971       949
       949      1072
       958       950
       950       971
       962       950
       959       950
       951      1079
       951      1088
       960       951
      1540       952
       952       965
       952      1001
      1014       952
       996       953
       953       961
       997       953
       953       972
       954      1090
       974       954
      1007       954
       998       955
       955       964
       955       999
       955       973
      1048       956
       956       991
      1047       956
       956       992
      1046       956
       957       996
       957       997
       995       957
      1027       957
       957      1004
      1029       957
      1644       958
       959       958
       987       959
       959       962
       960       990
       964       960
       973       960
       972       961
       961      1078
       962       971
       987       962
       962       972
       988       962
      1581       963
      1592       963
       963       964
       964       973
       998       965
       965      1001
       965       999
       965      1003
      1034       966
       966       994
      1031       966
       966      1032
       966      1000
       967      1016
      1628       967
      1033       968
      1026       968
       968      1027
       968      1029
       968      1012
       969      1038
       969      1002
      1001       969
      1003       969
      1024       969
       970      1046
       970      1047
      1038       970
      1039       970
      1013       970
       972       971
       971      1072
       997       972
       988       972
       973       989
       999       973
       973       990
       974       992
      1006       974
      1045       974
       993       975
       975      1019
       975      1020
       994       975
       976      1009
      1069       976
       976      1067
       977      1056
      1009       977
       977      1066
       978      1015
      1056       978
       978      1053
       979      1042
      1004       979
      1028       979
       980      1021
      1042       980
      1010       980
       981      1062
      1021       981
      1011       981
       982      1006
      1062       982
      1049       982
       983      1035
       983      1030
      1032       983
      1016       983
       984      1059
       984      1040
      1036       984
      1068       984
       985      1065
       985      1057
      1059       985
      1060       985
       986      1052
       986      1017
      1065       986
      1055       986
      1018       987
      1019       987
       987       988
       995       988
       988       997
       989      1039
       989       990
      1002       989
       990      1048
       991      1074
       992       991
       991      1084
      1046       992
      1636       993
       993       994
      1634       993
       994      1000
      1020       995
       995       997
      1029       995
       996      1005
       997       996
      1004       996
      1583       998
       998       999
       999      1003
      1000      1026
      1032      1000
      1000      1033
      1015      1001
      1001      1003
      1003      1002
      1002      1038
      1002      1039
      1004      1005
      1027      1004
      1005      1089
      1006      1007
      1050      1006
      1007      1085
      1008      1009
      1554      1008
      1009      1060
      1010      1023
      1043      1010
      1040      1010
      1011      1063
      1023      1011
      1057      1011
      1012      1028
      1030      1012
      1012      1044
      1013      1045
      1037      1013
      1051      1013
      1014      1015
      1550      1014
      1015      1024
      1031      1016
      1016      1025
      1017      1051
      1064      1017
      1017      1049
      1635      1018
      1018      1019
      1019      1020
      1026      1020
      1020      1029
      1021      1022
      1023      1021
      1022      1080
      1058      1023
      1024      1037
      1053      1024
      1025      1069
      1025      1035
      1033      1026
      1026      1029
      1029      1027
      1027      1028
      1028      1043
      1033      1030
      1030      1036
      1034      1031
      1031      1032
      1032      1033
      1643      1034
      1642      1034
      1035      1036
      1035      1068
      1036      1044
      1037      1038
      1052      1037
      1038      1039
      1039      1047
      1040      1058
      1044      1040
      1041      1076
      1042      1041
      1043      1042
      1044      1043
      1045      1046
      1050      1045
      1047      1046
      1047      1048
      1048      1086
      1049      1050
      1063      1049
      1051      1050
      1052      1051
      1053      1052
      1055      1053
      1054      1056
      1552      1054
      1056      1055
      1066      1055
      1057      1064
      1058      1057
      1059      1058
      1067      1059
      1067      1060
      1060      1066
      1061      1082
      1062      1061
      1063      1062
      1064      1063
      1065      1064
      1066      1065
      1068      1067
      1069      1068
      1070      1069
      1556      1070
      1089      1071
      1071      1076
      1077      1072
      1072      1075
      1076      1073
      1073      1080
      1074      1084
      1086      1074
      1075      1492
      1078      1077
      1089      1078
      1585      1079
      1079      1088
      1080      1081
      1081      1082
      1082      1083
      1083      1085
      1084      1087
      1085      1090
      1088      1086
      1090      1087
      1600      1091
      1123      1091
      1091      1602
      1196      1091
      1091      1603
      1092      1538
      1182      1092
      1464      1092
      1092      1511
      1104      1092
      1093      1611
      1093      1620
      1122      1093
      1103      1093
      1093      1610
      1094      1532
      1126      1094
      1094      1605
      1094      1604
      1603      1094
      1196      1094
      1095      1167
      1124      1095
      1500      1095
      1095      1173
      1096      1122
      1096      1103
      1622      1096
      1641      1096
      1180      1096
      1097      1105
      1097      1171
      1121      1097
      1499      1097
      1481      1097
      1098      1286
      1139      1098
      1178      1098
      1470      1098
      1098      1465
      1099      1183
      1125      1099
      1099      1178
      1469      1099
      1099      1472
      1100      1126
      1168      1100
      1100      1517
      1100      1527
      1176      1100
      1101      1191
      1101      1190
      1101      1143
      1640      1101
      1646      1101
      1649      1101
      1102      1480
      1102      1127
      1492      1102
      1102      1174
      1173      1102
      1490      1102
      1122      1103
      1103      1620
      1622      1103
      1103      1614
      1104      1464
      1104      1182
      1175      1104
      1468      1104
      1120      1104
      1105      1171
      1499      1105
      1105      1170
      1502      1105
      1105      1466
      1106      1186
      1191      1106
      1106      1236
      1106      1237
      1107      1278
      1107      1281
      1631      1107
      1648      1107
      1107      1138
      1190      1107
      1108      1204
      1183      1108
      1178      1108
      1108      1139
      1284      1109
      1286      1109
      1109      1207
      1109      1140
      1110      1610
      1122      1110
      1165      1110
      1188      1110
      1110      1172
      1110      1601
      1207      1111
      1140      1111
      1111      1209
      1474      1111
      1111      1475
      1111      1193
      1467      1112
      1112      1473
      1112      1229
      1112      1205
      1170      1112
      1141      1112
      1113      1538
      1113      1513
      1182      1113
      1113      1220
      1218      1113
      1181      1113
      1493      1114
      1114      1485
      1114      1253
      1184      1114
      1114      1254
      1114      1142
      1115      1526
      1115      1515
      1115      1260
      1220      1115
      1198      1115
      1177      1115
      1260      1116
      1262      1116
      1179      1116
      1116      1510
      1116      1514
      1116      1214
      1214      1117
      1117      1534
      1215      1117
      1117      1504
      1117      1176
      1211      1117
      1639      1118
      1143      1118
      1629      1118
      1118      1245
      1118      1186
      1118      1203
      1245      1119
      1119      1246
      1119      1189
      1630      1119
      1119      1180
      1647      1119
      1120      1468
      1120      1175
      1476      1120
      1193      1120
      1166      1120
      1121      1171
      1481      1121
      1485      1121
      1253      1121
      1121      1185
      1122      1610
      1180      1122
      1165      1122
      1123      1600
      1123      1196
      1264      1123
      1187      1123
      1266      1123
      1124      1167
      1500      1124
      1632      1124
      1124      1216
      1631      1124
      1124      1278
      1125      1183
      1125      1469
      1228      1125
      1229      1125
      1471      1125
      1126      1532
      1196      1126
      1168      1126
      1126      1517
      1197      1126
      1480      1127
      1174      1127
      1127      1479
      1127      1184
      1127      1169
      1254      1128
      1253      1128
      1128      1185
      1128      1223
      1128      1255
      1198      1129
      1129      1177
      1213      1129
      1129      1262
      1259      1129
      1199      1130
      1239      1130
      1130      1274
      1130      1279
      1130      1288
      1131      1258
      1131      1279
      1285      1131
      1131      1240
      1288      1131
      1132      1267
      1200      1132
      1132      1243
      1241      1132
      1132      1242
      1133      1256
      1133      1237
      1236      1133
      1287      1133
      1133      1280
      1134      1268
      1265      1134
      1263      1134
      1134      1248
      1134      1200
      1135      1198
      1135      1213
      1226      1135
      1219      1135
      1135      1218
      1136      1246
      1203      1136
      1136      1244
      1232      1136
      1136      1247
      1219      1137
      1208      1137
      1175      1137
      1137      1182
      1137      1181
      1138      1281
      1190      1138
      1138      1236
      1138      1191
      1139      1286
      1178      1139
      1204      1139
      1139      1284
      1140      1207
      1286      1140
      1140      1474
      1477      1140
      1170      1141
      1141      1205
      1141      1206
      1171      1141
      1184      1142
      1142      1254
      1142      1210
      1194      1142
      1143      1191
      1646      1143
      1639      1143
      1143      1186
      1266      1144
      1267      1144
      1144      1197
      1144      1187
      1144      1212
      1243      1144
      1145      1265
      1145      1268
      1145      1221
      1251      1145
      1244      1145
      1247      1145
      1227      1146
      1146      1215
      1242      1146
      1243      1146
      1146      1211
      1146      1212
      1280      1147
      1256      1147
      1277      1147
      1147      1276
      1147      1273
      1147      1257
      1239      1148
      1201      1148
      1269      1148
      1148      1282
      1148      1285
      1148      1288
      1149      1261
      1149      1259
      1149      1249
      1224      1149
      1279      1149
      1258      1149
      1150      1222
      1150      1272
      1150      1271
      1252      1150
      1255      1150
      1223      1150
      1151      1231
      1151      1228
      1151      1230
      1222      1151
      1206      1151
      1205      1151
      1152      1264
      1152      1266
      1152      1267
      1192      1152
      1221      1152
      1268      1152
      1153      1225
      1153      1226
      1233      1153
      1153      1261
      1258      1153
      1240      1153
      1154      1208
      1154      1209
      1233      1154
      1234      1154
      1154      1225
      1207      1154
      1232      1155
      1237      1155
      1256      1155
      1155      1247
      1155      1257
      1155      1251
      1283      1156
      1156      1234
      1282      1156
      1156      1233
      1285      1156
      1156      1240
      1251      1157
      1157      1265
      1157      1263
      1273      1157
      1257      1157
      1157      1275
      1230      1158
      1231      1158
      1158      1283
      1158      1204
      1269      1158
      1158      1282
      1159      1238
      1159      1252
      1217      1159
      1194      1159
      1159      1210
      1195      1159
      1160      1217
      1216      1160
      1278      1160
      1160      1202
      1281      1160
      1160      1287
      1161      1271
      1252      1161
      1161      1270
      1238      1161
      1161      1276
      1277      1161
      1162      1224
      1274      1162
      1162      1250
      1275      1162
      1162      1248
      1263      1162
      1163      1235
      1249      1163
      1163      1227
      1250      1163
      1163      1242
      1241      1163
      1164      1192
      1164      1221
      1189      1164
      1246      1164
      1164      1188
      1244      1164
      1165      1188
      1180      1165
      1189      1165
      1193      1166
      1166      1175
      1166      1208
      1209      1166
      1173      1167
      1167      1216
      1167      1195
      1167      1174
      1168      1176
      1197      1168
      1211      1168
      1212      1168
      1169      1184
      1174      1169
      1169      1195
      1169      1194
      1171      1170
      1466      1170
      1170      1467
      1185      1171
      1171      1206
      1188      1172
      1172      1601
      1192      1172
      1172      1264
      1172      1600
      1500      1173
      1173      1174
      1490      1173
      1174      1195
      1175      1182
      1208      1175
      1176      1527
      1176      1504
      1211      1176
      1177      1260
      1198      1177
      1177      1262
      1178      1470
      1183      1178
      1472      1178
      1262      1179
      1179      1214
      1235      1179
      1179      1215
      1227      1179
      1641      1180
      1180      1189
      1647      1180
      1181      1218
      1182      1181
      1219      1181
      1182      1538
      1183      1204
      1228      1183
      1231      1183
      1184      1493
      1479      1184
      1184      1194
      1253      1185
      1185      1223
      1185      1206
      1191      1186
      1186      1237
      1186      1203
      1186      1232
      1187      1196
      1266      1187
      1187      1197
      1188      1192
      1189      1188
      1246      1189
      1190      1191
      1649      1190
      1648      1190
      1191      1236
      1192      1264
      1221      1192
      1475      1193
      1209      1193
      1193      1476
      1194      1210
      1195      1194
      1195      1217
      1216      1195
      1196      1603
      1197      1196
      1212      1197
      1198      1220
      1213      1198
      1218      1198
      1239      1199
      1199      1274
      1276      1199
      1270      1199
      1199      1275
      1273      1199
      1200      1267
      1200      1241
      1248      1200
      1268      1200
      1201      1239
      1201      1269
      1271      1201
      1272      1201
      1270      1201
      1217      1202
      1287      1202
      1202      1238
      1202      1277
      1202      1280
      1245      1203
      1203      1246
      1203      1232
      1204      1284
      1204      1283
      1231      1204
      1205      1229
      1206      1205
      1205      1228
      1206      1222
      1223      1206
      1284      1207
      1207      1209
      1234      1207
      1208      1219
      1209      1208
      1225      1208
      1210      1254
      1210      1252
      1210      1255
      1215      1211
      1212      1211
      1243      1212
      1213      1259
      1226      1213
      1261      1213
      1214      1510
      1214      1534
      1215      1214
      1227      1215
      1278      1216
      1216      1217
      1217      1238
      1218      1220
      1219      1218
      1226      1219
      1225      1219
      1220      1513
      1220      1515
      1221      1268
      1244      1221
      1222      1272
      1223      1222
      1222      1230
      1255      1223
      1279      1224
      1224      1249
      1274      1224
      1224      1250
      1225      1226
      1233      1225
      1261      1226
      1242      1227
      1235      1227
      1229      1228
      1228      1231
      1473      1229
      1229      1471
      1230      1231
      1230      1269
      1272      1230
      1232      1247
      1237      1232
      1240      1233
      1234      1233
      1283      1234
      1284      1234
      1249      1235
      1235      1262
      1259      1235
      1236      1237
      1236      1287
      1281      1236
      1237      1256
      1238      1252
      1238      1277
      1239      1288
      1270      1239
      1285      1240
      1240      1258
      1241      1242
      1250      1241
      1248      1241
      1242      1243
      1267      1243
      1246      1244
      1247      1244
      1629      1245
      1245      1246
      1630      1245
      1247      1251
      1263      1248
      1248      1250
      1249      1259
      1250      1249
      1251      1265
      1257      1251
      1252      1271
      1255      1252
      1485      1253
      1254      1253
      1254      1255
      1280      1256
      1256      1257
      1257      1273
      1279      1258
      1258      1261
      1259      1262
      1261      1259
      1260      1526
      1262      1260
      1260      1514
      1265      1263
      1275      1263
      1264      1600
      1264      1266
      1265      1268
      1267      1266
      1268      1267
      1269      1282
      1272      1269
      1271      1270
      1276      1270
      1271      1272
      1276      1273
      1273      1275
      1274      1279
      1275      1274
      1277      1276
      1280      1277
      1278      1281
      1631      1278
      1288      1279
      1287      1280
      1281      1287
      1282      1285
      1282      1283
      1283      1284
      1284      1286
      1288      1285
      1465      1286
      1286      1477
      1486      1289
      1289      1297
      1484      1289
      1289      1412
      1516      1290
      1290      1537
      1290      1370
      1298      1290
      1318      1290
      1291      1507
      1525      1291
      1291      1384
      1291      1331
      1483      1291
      1317      1291
      1292      1322
      1292      1299
      1466      1292
      1487      1292
      1293      1300
      1293      1523
      1464      1293
      1323      1293
      1384      1294
      1316      1294
      1512      1294
      1294      1508
      1294      1329
      1294      1365
      1484      1295
      1501      1295
      1295      1412
      1295      1321
      1295      1362
      1361      1295
      1296      1521
      1296      1522
      1371      1296
      1370      1296
      1324      1296
      1486      1297
      1412      1297
      1297      1330
      1297      1317
      1482      1297
      1297      1414
      1298      1516
      1298      1318
      1326      1298
      1462      1298
      1299      1327
      1467      1299
      1299      1406
      1300      1524
      1328      1300
      1300      1390
      1411      1301
      1301      1398
      1301      1397
      1410      1301
      1301      1363
      1413      1302
      1302      1411
      1387      1302
      1302      1364
      1388      1302
      1461      1303
      1365      1303
      1303      1462
      1303      1463
      1329      1303
      1304      1356
      1304      1354
      1322      1304
      1488      1304
      1305      1374
      1305      1332
      1356      1305
      1491      1305
      1306      1434
      1306      1333
      1374      1306
      1495      1306
      1307      1361
      1307      1334
      1434      1307
      1497      1307
      1308      1335
      1308      1366
      1471      1308
      1406      1308
      1309      1336
      1309      1460
      1472      1309
      1366      1309
      1310      1337
      1310      1376
      1465      1310
      1460      1310
      1311      1338
      1311      1358
      1474      1311
      1376      1311
      1312      1355
      1312      1323
      1476      1312
      1358      1312
      1313      1436
      1313      1529
      1390      1313
      1339      1313
      1314      1382
      1314      1531
      1436      1314
      1340      1314
      1315      1324
      1315      1518
      1382      1315
      1378      1315
      1384      1316
      1316      1365
      1385      1316
      1373      1316
      1317      1331
      1483      1317
      1317      1330
      1482      1317
      1318      1370
      1326      1318
      1318      1371
      1360      1318
      1319      1365
      1319      1461
      1397      1319
      1373      1319
      1319      1450
      1405      1319
      1411      1320
      1413      1320
      1320      1398
      1320      1385
      1320      1331
      1330      1320
      1412      1321
      1362      1321
      1321      1387
      1321      1414
      1321      1372
      1322      1327
      1478      1322
      1323      1328
      1468      1323
      1324      1520
      1379      1324
      1450      1325
      1461      1325
      1325      1399
      1325      1463
      1386      1325
      1462      1326
      1326      1360
      1463      1326
      1399      1326
      1327      1409
      1327      1354
      1328      1389
      1355      1328
      1365      1329
      1329      1508
      1329      1462
      1329      1503
      1414      1330
      1330      1331
      1330      1413
      1331      1384
      1331      1385
      1332      1375
      1357      1332
      1332      1404
      1333      1433
      1375      1333
      1333      1432
      1334      1362
      1433      1334
      1334      1420
      1335      1367
      1409      1335
      1335      1407
      1336      1459
      1367      1336
      1336      1415
      1337      1377
      1459      1337
      1337      1457
      1338      1359
      1377      1338
      1338      1425
      1339      1435
      1389      1339
      1368      1339
      1340      1383
      1435      1340
      1369      1340
      1341      1392
      1341      1418
      1407      1341
      1402      1341
      1342      1430
      1342      1416
      1392      1342
      1403      1342
      1343      1423
      1343      1394
      1430      1343
      1431      1343
      1344      1393
      1344      1442
      1415      1344
      1418      1344
      1345      1428
      1345      1447
      1393      1345
      1416      1345
      1346      1421
      1346      1445
      1428      1346
      1394      1346
      1347      1395
      1347      1455
      1457      1347
      1442      1347
      1348      1424
      1348      1453
      1395      1348
      1447      1348
      1349      1443
      1349      1449
      1424      1349
      1445      1349
      1350      1396
      1350      1426
      1425      1350
      1455      1350
      1351      1441
      1351      1439
      1396      1351
      1453      1351
      1352      1386
      1352      1401
      1441      1352
      1449      1352
      1353      1380
      1353      1378
      1381      1353
      1401      1353
      1354      1357
      1354      1408
      1359      1355
      1355      1391
      1356      1357
      1489      1356
      1357      1402
      1358      1359
      1475      1358
      1359      1427
      1360      1371
      1399      1360
      1380      1360
      1361      1362
      1501      1361
      1498      1361
      1362      1372
      1363      1397
      1410      1363
      1363      1405
      1444      1363
      1388      1364
      1364      1411
      1364      1410
      1422      1364
      1365      1461
      1373      1365
      1366      1367
      1469      1366
      1367      1419
      1368      1437
      1391      1368
      1426      1368
      1369      1381
      1437      1369
      1439      1369
      1370      1537
      1371      1370
      1370      1522
      1379      1371
      1372      1387
      1420      1372
      1372      1388
      1385      1373
      1397      1373
      1398      1373
      1374      1375
      1494      1374
      1375      1403
      1376      1377
      1477      1376
      1377      1456
      1378      1379
      1383      1378
      1380      1379
      1400      1380
      1381      1383
      1438      1381
      1382      1533
      1383      1382
      1507      1384
      1384      1512
      1385      1384
      1398      1385
      1386      1400
      1451      1386
      1387      1413
      1387      1388
      1414      1387
      1423      1388
      1389      1390
      1391      1389
      1390      1528
      1427      1391
      1392      1417
      1404      1392
      1393      1448
      1417      1393
      1394      1422
      1429      1394
      1395      1454
      1448      1395
      1396      1440
      1454      1396
      1398      1397
      1397      1405
      1411      1398
      1463      1399
      1400      1399
      1401      1400
      1438      1401
      1402      1404
      1408      1402
      1404      1403
      1403      1432
      1405      1450
      1443      1405
      1406      1409
      1473      1406
      1407      1419
      1408      1407
      1409      1408
      1411      1410
      1421      1410
      1413      1411
      1484      1412
      1412      1414
      1414      1413
      1415      1458
      1419      1415
      1416      1429
      1417      1416
      1418      1417
      1419      1418
      1431      1420
      1420      1423
      1421      1444
      1422      1421
      1423      1422
      1424      1452
      1446      1424
      1425      1427
      1456      1425
      1426      1440
      1427      1426
      1428      1446
      1429      1428
      1430      1429
      1432      1430
      1433      1431
      1432      1431
      1434      1433
      1496      1434
      1435      1436
      1437      1435
      1436      1530
      1440      1437
      1441      1438
      1439      1438
      1440      1439
      1452      1441
      1442      1448
      1458      1442
      1443      1451
      1444      1443
      1445      1444
      1446      1445
      1447      1446
      1448      1447
      1449      1451
      1452      1449
      1450      1461
      1451      1450
      1453      1452
      1454      1453
      1455      1454
      1456      1455
      1457      1456
      1458      1457
      1459      1458
      1460      1459
      1470      1460
      1461      1463
      1462      1516
      1463      1462
      1462      1503
      1464      1511
      1468      1464
      1470      1465
      1465      1477
      1502      1466
      1466      1467
      1467      1473
      1476      1468
      1469      1472
      1471      1469
      1472      1470
      1473      1471
      1474      1475
      1477      1474
      1475      1476
      1478      1488
      1487      1478
      1479      1493
      1480      1479
      1492      1480
      1485      1481
      1481      1499
      1482      1483
      1486      1482
      1483      1525
      1501      1484
      1484      1486
      1493      1485
      1502      1487
      1488      1489
      1489      1491
      1500      1490
      1490      1492
      1491      1494
      1494      1495
      1495      1496
      1496      1497
      1497      1498
      1498      1501
      1499      1502
      1638      1500
      1632      1500
      1508      1503
      1503      1516
      1534      1504
      1504      1527
      1505      1519
      1536      1505
      1506      1525
      1535      1506
      1507      1512
      1525      1507
      1512      1508
      1519      1509
      1509      1535
      1514      1510
      1510      1534
      1511      1538
      1511      1523
      1513      1515
      1538      1513
      1526      1514
      1515      1526
      1516      1537
      1527      1517
      1517      1532
      1518      1520
      1533      1518
      1520      1521
      1522      1521
      1537      1522
      1523      1524
      1524      1528
      1528      1529
      1529      1530
      1530      1531
      1531      1533
      1532      1605
      1568      1536
      1539      1587
      1541      1539
      1564      1540
      1550      1540
      1542      1541
      1543      1542
      1544      1543
      1545      1544
      1546      1545
      1547      1546
      1548      1547
      1549      1548
      1551      1550
      1552      1551
      1553      1552
      1554      1553
      1555      1554
      1556      1555
      1557      1556
      1558      1580
      1559      1558
      1563      1559
      1591      1560
      1561      1560
      1562      1561
      1586      1562
      1582      1563
      1583      1564
      1581      1565
      1565      1585
      1585      1566
      1566      1567
      1567      1568
      1569      1568
      1573      1569
      1570      1571
      1570      1593
      1571      1572
      1572      1584
      1573      1574
      1574      1586
      1575      1582
      1577      1576
      1576      1592
      1577      1583
      1578      1588
      1578      1579
      1579      1589
      1580      1590
      1592      1581
      1584      1589
      1587      1588
      1590      1594
      1594      1593
      1596      1549
      1628      1557
      1624      1575
      1591      1626
      1621      1595
      1595      1599
      1597      1596
      1598      1597
      1599      1598
      1600      1602
      1601      1600
      1610      1601
      1602      1603
      1603      1604
      1604      1605
      1605      1619
      1606      1607
      1609      1606
      1607      1608
      1618      1608
      1619      1609
      1610      1611
      1620      1611
      1612      1613
      1617      1612
      1613      1615
      1614      1620
      1622      1614
      1615      1616
      1616      1621
      1617      1618
      1641      1622
      1623      1624
      1625      1623
      1626      1625
      1627      1642
      1627      1628
      1639      1629
      1629      1630
      1630      1647
      1648      1631
      1632      1631
      1638      1632
      1633      1634
      1633      1645
      1636      1634
      1645      1635
      1635      1637
      1643      1636
      1637      1644
      1644      1638
      1646      1639
      1640      1646
      1640      1649
      1647      1641
      1642      1643
      1649      1648
