         1
        10
        20
        30
        39
        48
        58
        67
        75
        84
        94
       103
       113
       121
       131
       140
       150
       160
       170
       180
       190
       200
       211
       221
       228
       236
       245
       255
       265
       274
       284
       293
       302
       312
       322
       330
       340
       350
       358
       363
       371
       377
       385
       391
       400
       406
       414
       425
       435
       445
       455
       465
       475
       485
       495
       505
       515
       525
       535
       545
       555
       565
       575
       585
       595
       605
       615
       625
       635
       645
       655
       665
       675
       685
       696
       706
       716
       726
       736
       746
       756
       766
       776
       784
       792
       798
       804
       810
       819
       827
       833
       839
       847
       853
       861
       867
       875
       883
       889
       895
       903
       911
       917
       927
       937
       947
       957
       967
       977
       988
       998
      1006
      1016
      1024
      1034
      1043
      1053
      1061
      1070
      1081
      1090
      1098
      1106
      1112
      1121
      1130
      1139
      1149
      1158
      1168
      1177
      1186
      1195
      1204
      1214
      1223
      1233
      1242
      1251
      1260
      1270
      1279
      1288
      1297
      1306
      1316
      1326
      1335
      1344
      1353
      1363
      1372
      1381
      1390
      1400
      1410
      1419
      1428
      1437
      1447
      1457
      1467
      1476
      1484
      1493
      1503
      1512
      1521
      1530
      1538
      1548
      1558
      1569
      1578
      1589
      1599
      1609
      1619
      1629
      1640
      1650
      1660
      1670
      1680
      1690
      1700
      1710
      1720
      1730
      1740
      1750
      1760
      1770
      1780
      1791
      1801
      1811
      1821
      1831
      1841
      1851
      1861
      1871
      1881
      1891
      1901
      1912
      1922
      1932
      1942
      1952
      1962
      1972
      1982
      1992
      2003
      2013
      2023
      2033
      2044
      2054
      2064
      2074
      2084
      2094
      2104
      2114
      2124
      2134
      2144
      2154
      2165
      2175
      2185
      2195
      2205
      2216
      2226
      2236
      2246
      2256
      2266
      2276
      2287
      2297
      2307
      2317
      2327
      2337
      2347
      2357
      2367
      2377
      2387
      2397
      2407
      2417
      2427
      2438
      2447
      2458
      2467
      2477
      2488
      2498
      2507
      2517
      2528
      2538
      2548
      2558
      2568
      2575
      2583
      2592
      2602
      2612
      2622
      2633
      2645
      2656
      2667
      2678
      2688
      2696
      2706
      2717
      2727
      2737
      2747
      2757
      2767
      2777
      2787
      2797
      2807
      2817
      2825
      2834
      2842
      2852
      2862
      2872
      2882
      2890
      2898
      2908
      2918
      2928
      2939
      2950
      2961
      2971
      2982
      2992
      3003
      3014
      3025
      3036
      3047
      3057
      3067
      3077
      3087
      3097
      3108
      3118
      3128
      3138
      3148
      3158
      3168
      3179
      3187
      3197
      3207
      3219
      3230
      3240
      3250
      3260
      3270
      3280
      3290
      3301
      3312
      3322
      3332
      3342
      3353
      3363
      3373
      3383
      3393
      3403
      3413
      3423
      3433
      3443
      3453
      3463
      3474
      3485
      3495
      3505
      3515
      3525
      3535
      3545
      3555
      3565
      3575
      3586
      3594
      3604
      3614
      3624
      3634
      3644
      3655
      3666
      3675
      3685
      3696
      3706
      3716
      3727
      3737
      3747
      3757
      3768
      3779
      3790
      3800
      3810
      3820
      3830
      3840
      3850
      3860
      3870
      3881
      3891
      3901
      3911
      3921
      3931
      3942
      3953
      3964
      3974
      3984
      3994
      4002
      4013
      4023
      4033
      4043
      4053
      4063
      4073
      4084
      4095
      4106
      4116
      4126
      4136
      4146
      4156
      4166
      4177
      4188
      4199
      4209
      4219
      4229
      4239
      4249
      4259
      4270
      4281
      4291
      4301
      4311
      4321
      4331
      4341
      4351
      4359
      4369
      4379
      4387
      4397
      4407
      4417
      4427
      4437
      4447
      4457
      4467
      4478
      4488
      4498
      4509
      4519
      4529
      4539
      4549
      4560
      4571
      4581
      4592
      4600
      4608
      4617
      4627
      4637
      4647
      4658
      4668
      4678
      4688
      4698
      4708
      4717
      4727
      4734
      4741
      4750
      4760
      4769
      4779
      4788
      4797
      4806
      4815
      4825
      4834
      4842
      4849
      4859
      4869
      4878
      4887
      4897
      4908
      4918
      4928
      4939
      4949
      4959
      4967
      4979
      4989
      4997
      5006
      5017
      5027
      5038
      5048
      5058
      5068
      5078
      5086
      5095
      5105
      5113
      5123
      5133
      5143
      5153
      5163
      5173
      5182
      5192
      5203
      5214
      5222
      5231
      5240
      5248
      5259
      5269
      5279
      5289
      5299
      5308
      5319
      5329
      5339
      5349
      5359
      5369
      5379
      5389
      5399
      5409
      5419
      5429
      5439
      5450
      5458
      5466
      5476
      5486
      5497
      5507
      5517
      5527
      5537
      5548
      5558
      5569
      5579
      5590
      5600
      5610
      5620
      5630
      5640
      5650
      5660
      5668
      5678
      5689
      5699
      5709
      5719
      5729
      5737
      5747
      5757
      5768
      5778
      5787
      5797
      5807
      5817
      5827
      5837
      5847
      5855
      5863
      5873
      5883
      5894
      5904
      5914
      5924
      5934
      5944
      5954
      5965
      5975
      5984
      5994
      6003
      6012
      6022
      6031
      6041
      6050
      6059
      6068
      6077
      6086
      6096
      6106
      6115
      6123
      6132
      6142
      6151
      6160
      6169
      6179
      6188
      6197
      6206
      6215
      6225
      6234
      6243
      6253
      6262
      6272
      6281
      6290
      6300
      6309
      6319
      6328
      6337
      6346
      6356
      6366
      6376
      6385
      6394
      6403
      6413
      6422
      6431
      6440
      6449
      6459
      6468
      6478
      6487
      6496
      6506
      6517
      6527
      6537
      6548
      6559
      6568
      6576
      6587
      6597
      6607
      6616
      6626
      6636
      6646
      6656
      6666
      6676
      6686
      6697
      6707
      6717
      6725
      6736
      6744
      6755
      6765
      6775
      6785
      6795
      6805
      6814
      6824
      6833
      6843
      6853
      6863
      6873
      6883
      6893
      6903
      6914
      6924
      6934
      6944
      6954
      6965
      6974
      6984
      6995
      7006
      7016
      7026
      7036
      7047
      7057
      7067
      7077
      7087
      7097
      7107
      7117
      7127
      7137
      7147
      7158
      7168
      7178
      7188
      7198
      7208
      7218
      7228
      7238
      7248
      7258
      7268
      7278
      7288
      7298
      7308
      7318
      7328
      7338
      7348
      7358
      7368
      7378
      7388
      7398
      7408
      7418
      7429
      7439
      7450
      7461
      7471
      7481
      7491
      7501
      7511
      7521
      7531
      7541
      7551
      7561
      7571
      7582
      7592
      7602
      7612
      7622
      7632
      7642
      7652
      7663
      7671
      7679
      7689
      7699
      7709
      7719
      7729
      7739
      7749
      7759
      7769
      7779
      7789
      7800
      7810
      7820
      7830
      7841
      7851
      7861
      7872
      7882
      7892
      7900
      7908
      7918
      7926
      7936
      7944
      7955
      7965
      7974
      7984
      7995
      8006
      8016
      8027
      8038
      8049
      8060
      8070
      8080
      8090
      8100
      8111
      8122
      8132
      8142
      8152
      8162
      8172
      8182
      8192
      8203
      8213
      8223
      8234
      8244
      8254
      8264
      8274
      8285
      8295
      8305
      8315
      8325
      8336
      8346
      8357
      8367
      8377
      8387
      8397
      8408
      8420
      8430
      8441
      8452
      8462
      8472
      8483
      8494
      8504
      8514
      8524
      8534
      8544
      8554
      8564
      8574
      8586
      8594
      8604
      8614
      8624
      8635
      8645
      8656
      8667
      8677
      8688
      8698
      8708
      8719
      8730
      8740
      8750
      8760
      8770
      8780
      8790
      8800
      8810
      8820
      8830
      8840
      8850
      8860
      8870
      8880
      8890
      8900
      8911
      8922
      8932
      8942
      8953
      8963
      8973
      8983
      8994
      9005
      9015
      9025
      9035
      9045
      9055
      9065
      9076
      9087
      9097
      9107
      9117
      9128
      9139
      9150
      9161
      9171
      9181
      9192
      9202
      9213
      9224
      9235
      9245
      9256
      9267
      9278
      9288
      9298
      9308
      9318
      9328
      9337
      9349
      9360
      9370
      9380
      9390
      9402
      9413
      9424
      9434
      9445
      9455
      9465
      9476
      9486
      9497
      9507
      9519
      9530
      9540
      9550
      9560
      9571
      9582
      9592
      9602
      9612
      9622
      9633
      9643
      9651
      9662
      9670
      9679
      9690
      9700
      9711
      9722
      9728
      9736
      9744
      9750
      9756
      9765
      9771
      9775
      9784
      9794
      9804
      9814
      9825
      9835
      9842
      9850
      9860
      9868
      9878
      9888
      9897
      9904
      9914
      9923
      9933
      9943
      9953
      9964
      9974
      9984
      9994
     10004
     10014
     10024
     10034
     10044
     10054
     10064
     10072
     10080
     10086
     10095
     10102
     10108
     10118
     10127
     10137
     10144
     10152
     10160
     10170
     10180
     10188
     10195
     10205
     10216
     10225
     10235
     10245
     10255
     10265
     10274
     10284
     10293
     10302
     10312
     10322
     10332
     10342
     10352
     10362
     10372
     10381
     10390
     10400
     10409
     10419
     10430
     10440
     10450
     10460
     10468
     10478
     10488
     10498
     10508
     10519
     10529
     10539
     10549
     10559
     10569
     10579
     10589
     10599
     10607
     10616
     10626
     10637
     10647
     10657
     10667
     10677
     10687
     10697
     10707
     10717
     10727
     10737
     10747
     10757
     10767
     10777
     10787
     10797
     10807
     10817
     10827
     10833
     10841
     10850
     10856
     10867
     10877
     10887
     10897
     10907
     10916
     10925
     10934
     10944
     10953
     10963
     10972
     10981
     10990
     10999
     11009
     11018
     11027
     11036
     11045
     11055
     11064
     11074
     11083
     11092
     11102
     11111
     11120
     11129
     11138
     11147
     11157
     11166
     11175
     11184
     11194
     11201
     11210
     11220
     11228
     11238
     11247
     11257
     11267
     11277
     11287
     11298
     11308
     11317
     11326
     11335
     11345
     11355
     11366
     11376
     11386
     11396
     11404
     11412
     11423
     11433
     11443
     11453
     11463
     11473
     11483
     11493
     11503
     11513
     11523
     11533
     11543
     11553
     11563
     11573
     11583
     11593
     11603
     11613
     11623
     11633
     11643
     11653
     11663
     11673
     11683
     11693
     11703
     11713
     11724
     11734
     11745
     11755
     11765
     11775
     11785
     11795
     11805
     11815
     11825
     11835
     11845
     11855
     11865
     11875
     11885
     11895
     11905
     11916
     11926
     11936
     11946
     11956
     11966
     11976
     11986
     11996
     12006
     12016
     12026
     12036
     12046
     12056
     12066
     12076
     12086
     12096
     12106
     12116
     12126
     12136
     12146
     12156
     12166
     12176
     12186
     12194
     12205
     12215
     12224
     12234
     12244
     12254
     12264
     12275
     12286
     12296
     12306
     12315
     12326
     12337
     12347
     12357
     12367
     12377
     12387
     12398
     12408
     12418
     12428
     12438
     12448
     12458
     12468
     12478
     12489
     12499
     12509
     12519
     12529
     12539
     12549
     12559
     12569
     12579
     12587
     12595
     12605
     12615
     12625
     12635
     12646
     12656
     12667
     12678
     12689
     12698
     12708
     12719
     12730
     12740
     12751
     12761
     12771
     12781
     12791
     12801
     12811
     12821
     12831
     12841
     12851
     12861
     12872
     12882
     12892
     12903
     12913
     12923
     12933
     12943
     12951
     12962
     12973
     12984
     12994
     13004
     13014
     13024
     13034
     13044
     13054
     13064
     13074
     13084
     13094
     13104
     13114
     13125
     13135
     13145
     13155
     13165
     13176
     13186
     13196
     13206
     13216
     13226
     13236
     13246
     13256
     13266
     13277
     13288
     13299
     13310
     13320
     13330
     13340
     13351
     13361
     13372
     13382
     13392
     13403
     13413
     13423
     13433
     13443
     13453
     13463
     13473
     13484
     13494
     13504
     13514
     13524
     13534
     13544
     13554
     13564
     13575
     13586
     13596
     13606
     13616
     13626
     13636
     13646
     13656
     13666
     13676
     13686
     13696
     13707
     13718
     13728
     13738
     13749
     13759
     13770
     13781
     13791
     13801
     13811
     13821
     13831
     13841
     13851
     13861
     13871
     13881
     13891
     13901
     13911
     13921
     13931
     13940
     13951
     13962
     13972
     13982
     13992
     14003
     14013
     14022
     14032
     14040
     14050
     14060
     14066
     14074
     14082
     14088
     14097
     14106
     14116
     14125
     14134
     14144
     14154
     14163
     14172
     14181
     14190
     14200
     14209
     14218
     14227
     14237
     14248
     14258
     14268
     14278
     14288
     14298
     14308
     14318
     14328
     14338
     14348
     14354
     14362
     14370
     14376
     14384
     14391
     14397
     14406
     14415
     14423
     14431
     14442
     14452
     14462
     14472
     14482
     14492
     14503
     14513
     14523
     14533
     14543
     14552
     14562
     14573
     14583
     14593
     14602
     14612
     14623
     14633
     14643
     14653
     14663
     14673
     14683
     14693
     14703
     14713
     14723
     14733
     14743
     14753
     14763
     14773
     14783
     14793
     14803
     14813
     14823
     14833
     14843
     14852
     14862
     14873
     14883
     14894
     14904
     14914
     14921
     14928
     14936
     14942
     14948
     14957
     14964
     14971
     14982
     14993
     15003
     15013
     15024
     15034
     15044
     15054
     15064
     15074
     15084
     15094
     15104
     15114
     15122
     15129
     15136
     15146
     15155
     15164
     15173
     15182
     15192
     15201
     15210
     15219
     15228
     15238
     15247
     15258
     15269
     15276
     15286
     15295
     15303
     15310
     15321
     15330
     15340
     15350
     15360
     15370
     15380
     15390
     15400
     15409
     15418
     15427
     15438
     15448
     15458
     15468
     15478
     15488
     15498
     15508
     15518
     15528
     15538
     15548
     15559
     15570
     15581
     15591
     15601
     15611
     15621
     15629
     15638
     15647
     15656
     15666
     15674
     15683
     15692
     15702
     15712
     15722
     15733
     15743
     15753
     15763
     15773
     15783
     15793
     15803
     15813
     15821
     15830
     15839
     15849
     15860
     15870
     15879
     15889
     15899
     15909
     15919
     15930
     15940
     15950
     15960
     15970
     15980
     15991
     16001
     16011
     16021
     16031
     16041
     16051
     16061
     16071
     16081
     16091
     16101
     16111
     16121
     16132
     16142
     16152
     16162
     16173
     16183
     16193
     16203
     16213
     16223
     16233
     16243
     16253
     16263
     16273
     16283
     16294
     16303
     16313
     16323
     16334
     16344
     16354
     16364
     16374
     16384
     16395
     16405
     16415
     16425
     16435
     16445
     16455
     16465
     16475
     16485
     16496
     16506
     16516
     16526
     16536
     16546
     16556
     16566
     16576
     16586
     16597
     16607
     16617
     16627
     16637
     16647
     16657
     16667
     16677
     16687
     16697
     16707
     16717
     16727
     16737
     16747
     16757
     16767
     16777
     16787
     16798
     16808
     16818
     16828
     16839
     16849
     16860
     16870
     16880
     16890
     16900
     16910
     16920
     16930
     16938
     16948
     16959
     16969
     16979
     16989
     16999
     17009
     17019
     17029
     17039
     17049
     17059
     17069
     17079
     17089
     17099
     17110
     17120
     17129
     17141
     17152
     17162
     17172
     17182
     17192
     17201
     17210
     17220
     17230
     17240
     17250
     17261
     17271
     17283
     17294
     17304
     17314
     17324
     17334
     17344
     17355
     17365
     17375
     17385
     17395
     17405
     17414
     17424
     17434
     17444
     17455
     17465
     17475
     17485
     17496
     17506
     17516
     17527
     17537
     17547
     17558
     17568
     17578
     17588
     17598
     17608
     17618
     17628
     17639
     17649
     17659
     17669
     17680
     17690
     17700
     17710
     17721
     17729
     17739
     17750
     17760
     17770
     17780
     17790
     17801
     17812
     17823
     17834
     17845
     17855
     17865
     17875
     17885
     17895
     17905
     17915
     17925
     17936
     17946
     17956
     17966
     17976
     17986
     17996
     18007
     18017
     18026
     18036
     18046
     18057
     18067
     18077
     18087
     18097
     18107
     18117
     18127
     18137
     18148
     18158
     18168
     18178
     18188
     18198
     18209
     18219
     18229
     18238
     18248
     18258
     18268
     18278
     18288
     18298
     18308
     18318
     18328
     18339
     18350
     18360
     18370
     18380
     18390
     18400
     18412
     18423
     18433
     18444
     18454
     18464
     18474
     18484
     18494
     18504
     18514
     18524
     18534
     18544
     18554
     18564
     18574
     18584
     18595
     18605
     18616
     18627
     18637
     18647
     18657
     18667
     18677
     18687
     18698
     18708
     18718
     18728
     18738
     18746
     18756
     18766
     18776
     18787
     18798
     18808
     18818
     18828
     18836
     18846
     18856
     18866
     18877
     18888
     18899
     18909
     18919
     18928
     18937
     18946
     18953
     18963
     18974
     18983
     18990
     18998
     19005
     19012
     19019
     19028
     19036
     19046
     19056
     19065
     19074
     19083
     19093
     19102
     19111
     19122
     19131
     19140
     19149
     19158
     19168
     19177
     19186
     19195
     19205
     19214
     19224
     19232
     19240
     19247
     19257
     19266
     19275
     19284
     19293
     19303
     19313
     19322
     19330
     19339
     19350
     19359
     19369
     19377
     19384
     19393
     19403
     19412
     19421
     19430
     19439
     19450
     19460
     19469
     19480
     19488
     19495
     19505
     19516
     19527
     19537
     19545
     19553
     19560
     19569
     19578
     19588
     19598
     19608
     19616
     19625
     19635
     19644
     19654
     19664
     19674
     19685
     19695
     19705
     19715
     19725
     19735
     19745
     19755
     19765
     19773
     19783
     19792
     19803
     19814
     19822
     19831
     19841
     19850
     19859
     19868
     19877
     19886
     19895
     19904
     19913
     19921
     19930
     19940
     19949
     19959
     19969
     19977
     19985
     19996
     20006
     20016
     20026
     20034
     20043
     20053
     20063
     20073
     20083
     20094
     20105
     20116
     20127
     20137
     20147
     20157
     20167
     20177
     20187
     20197
     20208
     20218
     20228
     20239
     20249
     20258
     20266
     20274
     20284
     20294
     20304
     20314
     20324
     20335
     20345
     20356
     20364
     20373
     20383
     20393
     20404
     20414
     20424
     20434
     20445
     20454
     20465
     20475
     20483
     20493
     20504
     20512
     20521
     20531
     20541
     20551
     20560
     20569
     20578
     20588
     20597
     20606
     20615
     20624
     20633
     20642
     20652
     20661
     20670
     20679
     20688
     20698
     20707
     20716
     20725
     20735
     20744
     20753
     20762
     20771
     20781
     20790
     20799
     20808
     20817
     20827
     20837
     20846
     20855
     20864
     20874
     20883
     20892
     20901
     20910
     20919
     20929
     20938
     20947
     20956
     20966
     20976
     20985
     20994
     21003
     21012
     21021
     21030
     21039
     21048
     21060
     21071
     21083
     21094
     21105
     21114
     21123
     21133
     21142
     21151
     21160
     21170
     21180
     21190
     21200
     21210
     21220
     21230
     21242
     21252
     21262
     21272
     21283
     21294
     21304
     21314
     21325
     21335
     21345
     21356
     21366
     21376
     21386
     21396
     21407
     21417
     21427
     21437
     21447
     21457
     21467
     21477
     21488
     21498
     21508
     21519
     21529
     21539
     21549
     21559
     21569
     21579
     21590
     21600
     21610
     21620
     21630
     21640
     21650
     21660
     21671
     21681
     21692
     21702
     21712
     21722
     21732
     21742
     21752
     21762
     21772
     21782
     21792
     21803
     21814
     21824
     21834
     21844
     21854
     21865
     21875
     21885
     21895
     21905
     21915
     21926
     21936
     21946
     21956
     21966
     21976
     21986
     21996
     22006
     22016
     22026
     22037
     22047
     22057
     22068
     22078
     22088
     22098
     22108
     22118
     22128
     22138
     22148
     22159
     22169
     22179
     22189
     22200
     22210
     22219
     22230
     22240
     22252
     22260
     22271
     22279
     22289
     22299
     22309
     22320
     22330
     22341
     22349
     22359
     22368
     22378
     22388
     22399
     22408
     22418
     22428
     22438
     22448
     22458
     22469
     22480
     22491
     22501
     22510
     22520
     22530
     22541
     22550
     22560
     22570
     22581
     22591
     22602
     22613
     22624
     22635
     22647
     22658
     22669
     22680
     22691
     22702
     22712
     22723
     22733
     22743
     22754
     22764
     22774
     22784
     22794
     22804
     22815
     22825
     22836
     22847
     22859
     22871
     22882
     22893
     22904
     22915
     22925
     22935
     22945
     22955
     22965
     22976
     22986
     22996
     23006
     23017
     23027
     23038
     23048
     23059
     23069
     23077
     23087
     23097
     23107
     23117
     23127
     23137
     23148
     23158
     23169
     23180
     23191
     23202
     23213
     23224
     23235
     23246
     23257
     23267
     23277
     23287
     23295
     23305
     23314
     23324
     23334
     23346
     23357
     23367
     23377
     23387
     23397
     23407
     23418
     23429
     23439
     23450
     23460
     23470
     23480
     23490
     23500
     23510
     23520
     23531
     23541
     23551
     23561
     23571
     23581
     23591
     23601
     23612
     23622
     23633
     23643
     23654
     23664
     23674
     23684
     23695
     23705
     23715
     23725
     23735
     23745
     23756
     23767
     23777
     23787
     23797
     23808
     23819
     23829
     23841
     23853
     23863
     23873
     23884
     23895
     23906
     23915
     23926
     23936
     23946
     23957
     23968
     23977
     23987
     23998
     24009
     24019
     24029
     24039
     24049
     24059
     24069
     24079
     24090
     24100
     24111
     24122
     24134
     24145
     24155
     24165
     24175
     24187
     24199
     24209
     24219
     24229
     24239
     24250
     24261
     24271
     24281
     24291
     24301
     24311
     24323
     24331
     24339
     24348
     24357
     24365
     24373
     24382
     24391
     24399
     24408
     24418
     24427
     24437
     24446
     24456
     24465
     24474
     24483
     24492
     24501
     24511
     24521
     24531
     24540
     24549
     24558
     24567
     24577
     24586
     24595
     24604
     24614
     24623
     24631
     24640
     24649
     24658
     24668
     24677
     24686
     24695
     24704
     24713
     24722
     24731
     24740
     24750
     24760
     24770
     24780
     24790
     24800
     24810
     24818
     24829
     24838
     24847
     24858
     24868
     24878
     24888
     24898
     24908
     24918
     24928
     24939
     24948
     24959
     24970
     24981
     24992
     25003
     25014
     25025
     25035
     25045
     25055
     25065
     25076
     25086
     25097
     25107
     25116
     25127
     25137
     25147
     25158
     25168
     25178
     25188
     25198
     25207
     25216
     25225
     25236
     25247
     25255
     25264
     25273
     25284
     25294
     25304
     25314
     25324
     25334
     25344
     25354
     25364
     25374
     25384
     25394
     25404
     25414
     25425
     25435
     25445
     25455
     25465
     25475
     25486
     25496
     25506
     25516
     25526
     25536
     25546
     25557
     25567
     25577
     25587
     25596
     25604
     25614
     25624
     25634
     25644
     25652
     25662
     25672
     25683
     25693
     25703
     25714
     25724
     25734
     25744
     25755
     25766
     25776
     25786
     25797
     25807
     25817
     25826
     25835
     25845
     25854
     25863
     25872
     25882
     25892
     25901
     25910
     25920
     25929
     25938
     25947
     25956
     25965
     25975
     25984
     25993
     26003
     26012
     26021
     26031
     26040
     26050
     26059
     26068
     26077
     26085
     26095
     26105
     26116
     26127
     26137
     26147
     26157
     26167
     26177
     26187
     26198
     26208
     26218
     26228
     26238
     26247
     26257
     26267
     26277
     26288
     26299
     26309
     26319
     26329
     26339
     26350
     26360
     26370
     26380
     26390
     26400
     26410
     26420
     26430
     26440
     26449
     26459
     26469
     26480
     26490
     26500
     26510
     26520
     26530
     26541
     26551
     26561
     26571
     26582
     26591
     26601
     26611
     26621
     26631
     26641
     26651
     26661
     26671
     26681
     26691
     26701
     26711
     26721
     26731
     26741
     26751
     26761
     26771
     26781
     26791
     26801
     26811
     26821
     26831
     26842
     26852
     26862
     26872
     26882
     26892
     26902
     26912
     26922
     26932
     26942
     26953
     26963
     26973
     26984
     26995
     27005
     27015
     27025
     27035
     27045
     27055
     27065
     27075
     27085
     27095
     27105
     27115
     27125
     27135
     27145
     27155
     27166
     27176
     27186
     27196
     27206
     27216
     27226
     27236
     27246
     27257
     27267
     27277
     27287
     27297
     27307
     27317
     27328
     27337
     27347
     27356
     27367
     27377
     27387
     27395
     27405
     27413
     27422
     27431
     27441
     27452
     27463
     27473
     27484
     27494
     27504
     27514
     27525
     27536
     27547
     27557
     27567
     27577
     27588
     27598
     27608
     27618
     27628
     27638
     27648
     27658
     27668
     27678
     27688
     27699
     27709
     27719
     27729
     27739
     27749
     27759
     27769
     27779
     27790
     27800
     27810
     27820
     27831
     27841
     27851
     27861
     27872
     27882
     27892
     27902
     27912
     27923
     27933
     27943
     27953
     27963
     27973
     27983
     27993
     28003
     28013
     28025
     28036
     28046
     28056
     28066
     28076
     28087
     28098
     28109
     28120
     28133
     28144
     28154
     28164
     28175
     28185
     28195
     28205
     28215
     28225
     28235
     28245
     28255
     28264
     28272
     28282
     28292
     28302
     28312
     28322
     28332
     28342
     28352
     28362
     28372
     28382
     28393
     28404
     28415
     28426
     28436
     28446
     28456
     28466
     28476
     28486
     28496
     28508
     28519
     28530
     28540
     28550
     28560
     28570
     28581
     28592
     28603
     28613
     28624
     28634
     28644
     28654
     28664
     28674
     28684
     28694
     28704
     28714
     28725
     28736
     28747
     28757
     28767
     28777
     28787
     28797
     28808
     28818
     28828
     28839
     28849
     28859
     28869
     28879
     28889
     28899
     28909
     28919
     28929
     28940
     28951
     28961
     28971
     28981
     28993
     29004
     29014
     29025
     29036
     29047
     29057
     29067
     29077
     29087
     29096
     29107
     29117
     29125
     29136
     29146
     29158
     29169
     29179
     29189
     29199
     29211
     29221
     29232
     29243
     29254
     29265
     29277
     29287
     29297
     29305
     29315
     29323
     29330
     29340
     29349
     29356
     29366
     29375
     29382
     29389
     29397
     29407
     29417
     29424
     29433
     29443
     29451
     29459
     29469
     29480
     29490
     29499
     29508
     29517
     29524
     29531
     29540
     29550
     29559
     29568
     29577
     29587
     29596
     29605
     29614
     29623
     29631
     29641
     29649
     29659
     29669
     29680
     29691
     29699
     29706
     29716
     29726
     29736
     29745
     29752
     29761
     29771
     29779
     29789
     29799
     29810
     29820
     29830
     29840
     29850
     29860
     29870
     29880
     29890
     29900
     29910
     29920
     29930
     29941
     29951
     29961
     29971
     29981
     29991
     30000
     30007
     30017
     30026
     30036
     30046
     30054
     30063
     30073
     30083
     30091
     30101
     30110
     30120
     30130
     30141
     30149
     30157
     30167
     30176
     30185
     30195
     30204
     30213
     30222
     30230
     30240
     30249
     30260
     30270
     30282
     30293
     30303
     30311
     30321
     30331
     30340
     30350
     30360
     30368
     30378
     30386
     30396
     30406
     30416
     30427
     30437
     30447
     30457
     30467
     30477
     30487
     30495
     30505
     30515
     30524
     30534
     30544
     30554
     30564
     30574
     30584
     30595
     30604
     30614
     30624
     30635
     30645
     30655
     30664
     30674
     30684
     30694
     30704
     30712
     30722
     30731
     30741
     30751
     30761
     30771
     30781
     30791
     30802
     30813
     30824
     30835
     30846
     30857
     30865
     30875
     30884
     30894
     30905
     30913
     30923
     30931
     30941
     30951
     30962
     30972
     30982
     30992
     31002
     31012
     31021
     31030
     31039
     31048
     31057
     31066
     31076
     31085
     31094
     31103
     31113
     31122
     31131
     31140
     31150
     31159
     31168
     31177
     31186
     31196
     31205
     31215
     31224
     31233
     31243
     31252
     31261
     31270
     31279
     31289
     31298
     31307
     31316
     31326
     31336
     31347
     31357
     31367
     31377
     31386
     31396
     31406
     31415
     31425
     31434
     31443
     31453
     31463
     31473
     31484
     31494
     31504
     31514
     31524
     31535
     31546
     31557
     31568
     31576
     31586
     31597
     31607
     31616
     31626
     31636
     31645
     31654
     31664
     31674
     31684
     31694
     31704
     31714
     31724
     31734
     31744
     31754
     31765
     31775
     31786
     31796
     31806
     31816
     31826
     31836
     31846
     31856
     31866
     31877
     31887
     31897
     31907
     31917
     31927
     31937
     31947
     31957
     31967
     31977
     31987
     31997
     32007
     32017
     32027
     32037
     32047
     32057
     32067
     32077
     32087
     32097
     32107
     32117
     32127
     32137
     32147
     32157
     32167
     32178
     32188
     32198
     32208
     32218
     32228
     32238
     32248
     32258
     32268
     32278
     32288
     32298
     32308
     32318
     32328
     32338
     32348
     32358
     32368
     32378
     32388
     32399
     32409
     32419
     32429
     32439
     32449
     32459
     32469
     32479
     32489
     32499
     32509
     32520
     32530
     32540
     32550
     32560
     32570
     32579
     32588
     32598
     32608
     32618
     32628
     32638
     32648
     32659
     32668
     32678
     32688
     32699
     32709
     32719
     32727
     32737
     32745
     32755
     32765
     32775
     32786
     32797
     32807
     32817
     32827
     32837
     32847
     32858
     32868
     32879
     32890
     32902
     32913
     32924
     32932
     32940
     32950
     32960
     32970
     32980
     32990
     33001
     33011
     33021
     33032
     33042
     33053
     33063
     33073
     33084
     33094
     33104
     33114
     33124
     33134
     33144
     33154
     33165
     33173
     33184
     33192
     33202
     33212
     33222
     33232
     33242
     33252
     33262
     33272
     33282
     33293
     33304
     33315
     33325
     33335
     33345
     33356
     33366
     33376
     33386
     33396
     33406
     33416
     33426
     33436
     33446
     33456
     33466
     33476
     33486
     33496
     33506
     33516
     33526
     33537
     33548
     33558
     33568
     33578
     33589
     33599
     33609
     33619
     33629
     33639
     33648
     33658
     33668
     33677
     33687
     33697
     33708
     33718
     33728
     33738
     33749
     33760
     33769
     33777
     33787
     33797
     33807
     33817
     33828
     33839
     33850
     33860
     33870
     33880
     33890
     33900
     33911
     33921
     33931
     33941
     33951
     33961
     33971
     33982
     33993
     34001
     34011
     34020
     34030
     34040
     34050
     34060
     34071
     34081
     34091
     34101
     34111
     34122
     34132
     34143
     34153
     34164
     34174
     34184
     34194
     34204
     34214
     34224
     34234
     34244
     34254
     34264
     34274
     34284
     34294
     34303
     34313
     34323
     34333
     34343
     34353
     34364
     34375
     34386
     34395
     34403
     34411
     34418
     34427
     34436
     34445
     34454
     34462
     34472
     34482
     34492
     34502
     34512
     34521
     34530
     34540
     34549
     34559
     34569
     34578
     34588
     34597
     34605
     34613
     34622
     34632
     34642
     34651
     34660
     34667
     34674
     34684
     34694
     34704
     34714
     34724
     34734
     34744
     34754
     34764
     34775
     34785
     34795
     34805
     34815
     34825
     34835
     34846
     34856
     34866
     34876
     34886
     34894
     34901
     34910
     34918
     34925
     34935
     34944
     34955
     34965
     34975
     34985
     34995
     35005
     35015
     35025
     35035
     35046
     35057
     35067
     35076
     35086
     35096
     35107
     35117
     35127
     35135
     35143
     35151
     35159
     35168
     35178
     35189
     35200
     35211
     35219
     35226
     35236
     35245
     35255
     35265
     35272
     35280
     35290
     35299
     35309
     35319
     35330
     35339
     35349
     35358
     35368
     35379
     35389
     35400
     35411
     35422
     35433
     35444
     35454
     35464
     35474
     35484
     35494
     35502
     35510
     35517
     35527
     35535
     35545
     35556
     35566
     35576
     35586
     35596
     35606
     35617
     35627
     35635
     35643
     35653
     35663
     35674
     35684
     35694
     35704
     35714
     35724
     35734
     35744
     35754
     35764
     35774
     35784
     35794
     35804
     35814
     35825
     35833
     35843
     35852
     35861
     35871
     35881
     35892
     35902
     35912
     35920
     35931
     35940
     35950
     35959
     35967
     35977
     35985
     35995
     36004
     36014
     36023
     36032
     36041
     36051
     36060
     36069
     36078
     36087
     36097
     36106
     36115
     36124
     36133
     36143
     36152
     36161
     36170
     36179
     36188
     36198
     36207
     36216
     36225
     36235
     36244
     36253
     36262
     36271
     36280
     36290
     36299
     36308
     36317
     36327
     36337
     36347
     36356
     36364
     36374
     36384
     36393
     36402
     36411
     36421
     36431
     36440
     36449
     36458
     36467
     36476
     36485
     36493
     36503
     36514
     36522
     36530
     36538
     36547
     36557
     36567
     36577
     36585
     36595
     36604
     36614
     36624
     36634
     36644
     36655
     36665
     36675
     36684
     36694
     36704
     36715
     36725
     36735
     36745
     36756
     36767
     36778
     36789
     36800
     36811
     36820
     36830
     36840
     36851
     36862
     36873
     36884
     36892
     36902
     36911
     36921
     36931
     36941
     36951
     36961
     36971
     36980
     36990
     37000
     37009
     37019
     37029
     37039
     37049
     37059
     37069
     37080
     37090
     37100
     37110
     37121
     37131
     37142
     37152
     37162
     37172
     37182
     37192
     37202
     37212
     37222
     37233
     37243
     37253
     37263
     37274
     37284
     37294
     37304
     37314
     37324
     37334
     37344
     37354
     37364
     37374
     37384
     37394
     37404
     37415
     37426
     37436
     37446
     37456
     37466
     37476
     37486
     37496
     37506
     37516
     37526
     37537
     37547
     37557
     37567
     37577
     37587
     37598
     37608
     37618
     37628
     37638
     37648
     37659
     37669
     37679
     37690
     37700
     37710
     37721
     37731
     37741
     37751
     37761
     37772
     37782
     37792
     37802
     37812
     37823
     37834
     37845
     37856
     37866
     37876
     37886
     37896
     37907
     37918
     37927
     37937
     37947
     37957
     37967
     37977
     37987
     37998
     38009
     38019
     38029
     38039
     38048
     38058
     38068
     38079
     38089
     38099
     38109
     38119
     38129
     38139
     38150
     38161
     38171
     38181
     38191
     38201
     38211
     38222
     38232
     38242
     38252
     38262
     38272
     38282
     38292
     38302
     38312
     38322
     38332
     38343
     38353
     38364
     38375
     38386
     38397
     38408
     38419
     38429
     38439
     38449
     38460
     38472
     38483
     38494
     38504
     38514
     38524
     38534
     38544
     38554
     38564
     38575
     38585
     38595
     38605
     38615
     38625
     38635
     38645
     38655
     38665
     38675
     38685
     38696
     38706
     38716
     38726
     38737
     38748
     38758
     38766
     38776
     38785
     38795
     38805
     38815
     38825
     38835
     38846
     38856
     38867
     38877
     38889
     38900
     38911
     38922
     38931
     38942
     38952
     38962
     38972
     38982
     38992
     39002
     39012
     39023
     39034
     39043
     39053
     39063
     39074
     39084
     39096
     39107
     39117
     39128
     39138
     39149
     39159
     39168
     39178
     39189
     39200
     39211
     39221
     39231
     39241
     39251
     39261
     39271
     39281
     39291
     39301
     39312
     39323
     39333
     39344
     39355
     39366
     39376
     39386
     39396
     39406
     39417
     39428
     39439
     39449
     39459
     39468
     39479
     39489
     39500
     39510
     39520
     39530
     39540
     39548
     39558
     39566
     39576
     39587
     39597
     39608
     39618
     39628
     39638
     39648
     39658
     39668
     39679
     39689
     39699
     39709
     39719
     39729
     39740
     39750
     39759
     39769
     39777
     39787
     39797
     39807
     39818
     39829
     39840
     39851
     39862
     39873
     39885
     39896
     39906
     39916
     39927
     39938
     39950
     39961
     39971
     39981
     39991
     40002
     40013
     40023
     40033
     40043
     40053
     40064
     40074
     40084
     40094
     40105
     40115
     40125
     40136
     40147
     40158
     40167
     40175
     40185
     40195
     40205
     40212
     40218
     40223
     40229
     40236
     40242
     40248
     40253
     40259
     40263
     40271
     40278
     40284
     40290
     40296
     40302
     40308
     40315
     40321
     40328
     40335
     40340
     40346
     40352
     40358
     40364
     40370
     40375
     40380
     40386
     40392
     40398
     40403
     40409
     40414
     40420
     40427
     40433
     40438
     40445
     40452
     40457
     40463
     40469
     40474
     40481
     40488
     40494
     40499
     40505
     40510
     40515
     40521
     40527
     40532
     40536
     40541
     40547
     40553
     40559
     40565
     40571
     40577
     40583
     40590
     40596
     40603
     40611
     40618
     40624
     40631
     40635
     40640
     40644
     40650
     40656
     40663
     40670
     40676
     40680
     40686
     40691
     40695
     40700
     40705
     40710
     40715
     40721
     40725
     40729
     40735
     40741
     40746
     40753
     40760
     40766
     40773
     40777
     40783
     40789
     40796
     40803
     40809
     40814
     40820
     40826
     40833
     40839
     40846
     40852
     40859
     40865
     40870
     40875
     40880
     40887
     40893
     40899
     40906
     40911
     40916
     40922
     40927
     40933
     40941
     40949
     40955
     40960
     40967
     40972
     40978
     40982
     40988
     40994
     41001
     41009
     41015
     41020
     41026
     41033
     41039
     41046
     41053
     41058
     41064
     41071
     41078
     41082
     41089
     41095
     41099
     41104
     41110
     41115
