         1
         7
        15
        24
        33
        41
        50
        60
        69
        78
        87
        94
       103
       113
       122
       130
       140
       150
       158
       165
       175
       185
       194
       204
       214
       224
       233
       243
       252
       258
       264
       270
       276
       282
       287
       293
       299
       309
       318
       327
       336
       345
       356
       366
       375
       384
       394
       403
       413
       423
       434
       443
       453
       463
       474
       484
       494
       504
       512
       521
       532
       542
       553
       564
       575
       586
       597
       607
       616
       626
       636
       646
       656
       666
       677
       687
       693
       699
       705
       710
       716
       722
       732
       741
       750
       759
       768
       779
       788
       797
       806
       815
       825
       834
       843
       852
       861
       870
       880
       889
       898
       906
       916
       925
       934
       943
       952
       962
       971
       979
       989
       998
      1008
      1017
      1025
      1035
      1043
      1052
      1063
      1072
      1080
      1088
      1094
      1100
      1107
      1113
      1119
      1125
      1131
      1137
      1143
      1149
      1155
      1161
      1167
      1173
      1179
      1185
      1191
      1197
      1203
      1209
      1215
      1221
      1227
      1233
      1239
      1245
      1251
      1257
      1263
      1269
      1275
      1281
      1292
      1302
      1312
      1322
      1332
      1341
      1350
      1359
      1368
      1378
      1388
      1398
      1408
      1418
      1428
      1438
      1448
      1453
      1459
      1466
      1476
      1486
      1496
      1506
      1516
      1526
      1537
      1547
      1557
      1567
      1577
      1587
      1598
      1607
      1616
      1625
      1635
      1645
      1656
      1666
      1676
      1687
      1697
      1707
      1717
      1727
      1737
      1748
      1759
      1769
      1781
      1791
      1801
      1811
      1821
      1832
      1842
      1851
      1860
      1869
      1879
      1888
      1897
      1907
      1917
      1926
      1935
      1945
      1955
      1964
      1970
      1976
      1982
      1988
      1994
      2002
      2011
      2019
      2028
      2035
      2043
      2052
      2060
      2069
      2076
      2084
      2093
      2101
      2110
      2117
      2125
      2135
      2144
      2152
      2159
      2169
      2179
      2189
      2199
      2207
      2215
      2225
      2235
      2245
      2256
      2266
      2272
      2278
      2284
      2291
      2297
      2307
      2317
      2327
      2337
      2348
      2358
      2367
      2377
      2387
      2397
      2409
      2419
      2430
      2441
      2451
      2461
      2472
      2478
      2484
      2490
      2496
      2502
      2508
      2514
      2520
      2526
      2532
      2538
      2544
      2550
      2556
      2562
      2568
      2574
      2580
      2587
      2593
      2603
      2614
      2624
      2634
      2644
      2654
      2665
      2671
      2677
      2683
      2692
      2702
      2712
      2722
      2732
      2742
      2748
      2754
      2760
      2769
      2779
      2789
      2798
      2807
      2815
      2824
      2832
      2839
      2849
      2859
      2870
      2876
      2882
      2889
      2895
      2901
      2907
      2917
      2927
      2937
      2947
      2958
      2968
      2978
      2984
      2990
      3000
      3010
      3021
      3031
      3038
      3044
      3050
      3056
      3063
      3071
      3079
      3087
      3095
      3103
      3112
      3120
      3130
      3139
      3149
      3155
      3161
      3169
      3178
      3185
      3196
      3205
      3212
      3218
      3224
      3234
      3241
      3247
      3253
      3259
      3265
      3272
      3281
      3287
      3293
      3299
      3305
      3311
      3317
      3323
      3330
      3342
      3352
      3363
      3373
      3384
      3394
      3404
      3416
      3424
      3433
      3441
      3450
      3461
      3473
      3484
      3495
      3505
      3514
      3524
      3530
      3536
      3547
      3558
      3570
      3580
      3590
      3600
      3610
      3620
      3630
      3641
      3652
      3663
      3674
      3683
      3690
      3699
      3705
      3711
      3717
      3728
      3738
      3750
      3761
      3770
      3780
      3790
      3801
      3812
      3823
      3833
      3843
      3849
      3855
      3861
      3871
      3882
      3892
      3903
      3913
      3924
      3931
      3937
      3946
      3953
      3962
      3968
      3974
      3984
      3996
      4008
      4018
      4027
      4035
      4044
      4053
      4062
      4071
      4080
      4088
      4098
      4108
      4118
      4128
      4136
      4147
      4156
      4165
      4174
      4183
      4193
      4202
      4211
      4221
      4231
      4240
      4250
      4259
      4268
      4276
      4286
      4296
      4306
      4317
      4327
      4337
      4343
      4349
      4355
      4361
      4367
      4372
      4378
      4384
      4393
      4402
      4412
      4422
      4432
      4443
      4454
      4465
      4474
      4483
      4489
      4494
      4500
      4506
      4514
      4523
      4531
      4540
      4547
      4555
      4564
      4572
      4581
      4588
      4599
      4610
      4621
      4630
      4639
      4649
      4659
      4667
      4675
      4685
      4695
      4706
      4716
      4726
      4732
      4738
      4744
      4749
      4755
      4761
      4771
      4780
      4789
      4798
      4807
      4817
      4827
      4836
      4844
      4852
      4862
      4871
      4879
      4887
      4896
      4902
      4908
      4914
      4920
      4926
      4932
      4938
      4944
      4950
      4956
      4962
      4968
      4974
      4980
      4986
      4992
      4998
      5004
      5010
      5016
      5022
      5028
      5034
      5040
      5046
      5052
      5058
      5064
      5070
      5076
      5082
      5088
      5098
      5109
      5118
      5127
      5139
      5151
      5162
      5172
      5184
      5190
      5196
      5202
      5207
      5213
      5223
      5233
      5242
      5251
      5257
      5263
      5269
      5279
      5290
      5299
      5308
      5317
      5327
      5335
      5345
      5354
      5360
      5366
      5378
      5388
      5398
      5409
      5420
      5431
      5442
      5448
      5454
      5462
      5471
      5479
      5488
      5495
      5503
      5512
      5520
      5529
      5536
      5544
      5554
      5562
      5571
      5578
      5589
      5599
      5609
      5615
      5621
      5631
      5640
      5646
      5652
      5658
      5665
      5671
      5677
      5683
      5690
      5696
      5707
      5716
      5725
      5733
      5743
      5751
      5758
      5764
      5770
      5776
      5782
      5788
      5794
      5800
      5806
      5812
      5818
      5824
      5830
      5836
      5842
      5848
      5854
      5860
      5866
      5872
      5878
      5884
      5890
      5896
      5902
      5908
      5914
      5920
      5926
      5932
      5938
      5944
      5950
      5956
      5962
      5968
      5974
      5980
      5986
      5992
      5998
      6004
      6010
      6016
      6022
      6028
      6034
      6040
      6046
      6052
      6062
      6072
      6082
      6088
      6094
      6104
      6115
      6125
      6131
      6137
      6143
      6153
      6160
      6168
      6176
      6184
      6191
      6198
      6204
      6210
      6216
      6222
      6228
      6234
      6240
      6246
      6252
      6258
      6264
      6270
      6276
      6282
      6293
      6302
      6312
      6320
      6327
      6339
      6348
      6358
      6366
      6374
      6384
      6393
      6403
      6412
      6421
      6432
      6438
      6444
      6450
      6456
      6464
      6471
      6479
      6486
      6494
      6501
      6507
      6513
      6519
      6525
      6531
      6537
      6543
      6549
      6555
      6561
      6567
      6577
      6584
      6596
      6602
      6608
      6614
      6620
      6626
      6632
      6638
      6645
      6654
      6664
      6670
      6676
      6682
      6688
      6694
      6700
      6706
      6712
      6718
      6724
      6734
      6741
      6747
      6759
      6770
      6776
      6782
      6788
      6794
      6800
      6806
      6812
      6818
      6824
      6830
      6840
      6847
      6853
      6865
      6876
      6882
      6888
      6894
      6900
      6906
      6912
      6918
      6924
      6930
      6936
      6942
      6951
      6958
      6964
      6970
      6976
      6982
      6988
      6999
      7011
      7017
      7023
      7029
      7035
      7041
      7047
      7053
      7059
      7065
      7071
      7077
      7083
      7089
      7095
      7101
      7107
      7113
      7119
      7125
      7130
      7140
      7148
      7157
      7167
      7174
      7183
      7190
      7198
      7208
      7217
      7224
      7234
      7244
      7253
      7262
      7271
      7280
      7289
      7299
      7308
      7317
      7326
      7336
      7346
      7356
      7365
      7373
      7382
      7392
      7402
      7411
      7420
      7427
      7437
      7444
      7454
      7464
      7472
      7481
      7491
      7501
      7511
      7522
      7532
      7542
      7552
      7562
      7572
      7583
      7594
      7604
      7613
      7620
      7628
      7638
      7648
      7658
      7669
      7679
      7689
      7699
      7709
      7719
      7730
      7740
      7750
      7760
      7770
      7780
      7789
      7798
      7805
      7814
      7824
      7834
      7841
      7849
      7860
      7870
      7879
      7889
      7899
      7909
      7919
      7929
      7939
      7949
      7959
      7969
      7979
      7989
      7997
      8005
      8014
      8023
      8034
      8043
      8051
      8061
      8070
      8077
      8086
      8097
      8106
      8117
      8127
      8137
      8147
      8156
      8165
      8175
      8183
      8192
      8202
      8210
      8221
      8230
      8240
      8248
      8256
      8266
      8276
      8285
      8296
      8306
      8317
      8326
      8334
      8343
      8353
      8363
      8374
      8384
      8394
      8404
      8414
      8424
      8435
      8445
      8455
      8465
      8475
      8485
      8496
      8506
      8516
      8526
      8536
      8546
      8556
      8567
      8577
      8587
      8597
      8607
      8618
      8628
      8636
      8646
      8655
      8663
      8673
      8681
      8690
      8699
      8710
      8720
      8730
      8740
      8749
      8759
      8771
      8781
      8789
      8798
      8808
      8819
      8829
      8841
      8851
      8861
      8871
      8880
      8892
      8904
      8915
      8926
      8936
      8946
      8956
      8966
      8976
      8986
      8994
      9002
      9012
      9022
      9032
      9042
      9052
      9063
      9072
      9082
      9091
      9100
      9109
      9118
      9127
      9137
      9146
      9155
      9164
      9173
      9183
      9191
      9201
      9211
      9220
      9230
      9239
      9248
      9258
      9268
      9278
      9288
      9297
      9305
      9315
      9324
      9333
      9342
      9351
      9361
      9370
      9379
      9388
      9397
      9406
      9415
      9424
      9433
      9442
      9452
      9461
      9471
      9480
      9489
      9500
      9511
      9521
      9529
      9538
      9547
      9557
      9566
      9577
      9587
      9597
      9607
      9617
      9627
      9637
      9647
      9656
      9666
      9676
      9687
      9697
      9706
      9715
      9724
      9733
      9743
      9753
      9761
      9769
      9778
      9788
      9799
      9810
      9821
      9832
      9843
      9853
      9861
      9872
      9880
      9890
      9900
      9910
      9920
      9930
      9940
      9950
      9960
      9970
      9980
      9990
     10000
     10011
     10021
     10031
     10042
     10052
     10063
     10073
     10083
     10093
     10103
     10113
     10123
     10133
     10143
     10153
     10163
     10174
     10184
     10195
     10205
     10215
     10225
     10236
     10247
     10257
     10267
     10277
     10288
     10299
     10309
     10319
     10329
     10339
     10349
     10359
     10369
     10379
     10389
     10399
     10409
     10420
     10430
     10441
     10451
     10461
     10471
     10481
     10491
     10501
     10511
     10521
     10532
     10542
     10552
     10562
     10572
     10582
     10593
     10601
     10609
     10619
     10629
     10641
     10652
     10662
     10672
     10683
     10693
     10703
     10713
     10723
     10734
     10744
     10754
     10765
     10774
     10784
     10795
     10805
     10817
     10828
     10838
     10849
     10859
     10869
     10879
     10889
     10899
     10909
     10919
     10929
     10940
     10950
     10960
     10970
     10980
     10989
     10999
     11009
     11019
     11029
     11039
     11049
     11059
     11069
     11079
     11090
     11101
     11112
     11123
     11134
     11146
     11156
     11166
     11177
     11188
     11198
     11208
     11218
     11228
     11238
     11249
     11259
     11269
     11280
     11290
     11301
     11311
     11321
     11331
     11342
     11353
     11364
     11374
     11382
     11390
     11401
     11411
     11422
     11432
     11442
     11453
     11463
     11471
     11481
     11489
     11499
     11509
     11519
     11529
     11539
     11549
     11559
     11569
     11580
     11591
     11602
     11613
     11624
     11635
     11645
     11656
     11666
     11676
     11687
     11697
     11707
     11718
     11728
     11738
     11748
     11758
     11769
     11780
     11791
     11802
     11813
     11823
     11833
     11843
     11853
     11864
     11876
     11887
     11898
     11909
     11919
     11929
     11939
     11949
     11960
     11971
     11982
     11992
     12002
     12012
     12023
     12033
     12043
     12054
     12064
     12073
     12083
     12094
     12104
     12115
     12125
     12135
     12145
     12156
     12167
     12177
     12187
     12197
     12208
     12219
     12229
     12240
     12250
     12260
     12272
     12283
     12294
     12304
     12314
     12324
     12335
     12345
     12355
     12365
     12376
     12386
     12396
     12406
     12416
     12426
     12436
     12446
     12456
     12467
     12478
     12488
     12498
     12508
     12517
     12529
     12535
     12542
     12551
     12559
     12570
     12580
     12591
     12603
     12613
     12623
     12633
     12644
     12651
     12660
     12667
     12676
     12684
     12693
     12702
     12710
     12717
     12725
     12735
     12744
     12753
     12763
     12773
     12784
     12793
     12802
     12812
     12823
     12833
     12843
     12853
     12862
     12872
     12880
     12887
     12897
     12907
     12916
     12926
     12936
     12946
     12956
     12966
     12976
     12986
     12996
     13007
     13016
     13024
     13031
     13041
     13050
     13060
     13068
     13078
     13085
     13095
     13105
     13115
     13125
     13135
     13145
     13155
     13165
     13175
     13185
     13195
     13205
     13213
     13222
     13232
     13242
     13252
     13262
     13272
     13282
     13292
     13302
     13312
     13322
     13334
     13344
     13355
     13364
     13373
     13384
     13395
     13406
     13417
     13428
     13438
     13449
     13457
     13467
     13477
     13485
     13493
     13502
     13511
     13521
     13530
     13540
     13550
     13561
     13571
     13581
     13591
     13601
     13611
     13621
     13632
     13642
     13652
     13662
     13672
     13683
     13693
     13703
     13713
     13724
     13735
     13746
     13757
     13767
     13778
     13789
     13800
     13811
     13822
     13832
     13842
     13850
     13860
     13870
     13879
     13889
     13900
     13910
     13919
     13929
     13939
     13947
     13957
     13965
     13975
     13985
     13995
     14005
     14016
     14026
     14036
     14047
     14056
     14066
     14076
     14086
     14096
     14106
     14117
     14127
     14137
     14147
     14158
     14168
     14178
     14188
     14198
     14209
     14219
     14228
     14238
     14247
     14256
     14265
     14274
     14284
     14293
     14302
     14311
     14320
     14330
     14339
     14348
     14357
     14367
     14376
     14385
     14394
     14404
     14414
     14423
     14431
     14441
     14450
     14459
     14469
     14477
     14487
     14497
     14506
     14515
     14525
     14534
     14543
     14552
     14562
     14572
     14581
     14590
     14600
     14609
     14618
     14627
     14636
     14645
     14655
     14664
     14673
     14682
     14695
     14707
     14718
     14729
     14740
     14751
     14762
     14772
     14782
     14792
     14802
     14811
     14821
     14830
     14840
     14850
     14860
     14870
     14880
     14890
     14900
     14911
     14921
     14931
     14941
     14951
     14961
     14971
     14981
     14991
     15000
     15010
     15019
     15028
     15038
     15048
     15058
     15068
     15078
     15088
     15098
     15109
     15119
     15129
     15139
     15149
     15159
     15170
     15180
     15190
     15200
     15210
     15220
     15230
     15240
     15250
     15260
     15270
     15280
     15290
     15300
     15310
     15320
     15331
     15341
     15351
     15361
     15371
     15381
     15391
     15401
     15411
     15421
     15431
     15441
     15451
     15461
     15471
     15481
     15491
     15501
     15511
     15521
     15532
     15542
     15552
     15562
     15572
     15582
     15592
     15602
     15612
     15622
     15632
     15642
     15652
     15662
     15672
     15682
     15692
     15702
     15713
     15723
     15734
     15744
     15754
     15764
     15774
     15785
     15795
     15805
     15815
     15825
     15836
     15846
     15856
     15866
     15876
     15886
     15896
     15906
     15916
     15926
     15936
     15946
     15957
     15967
     15977
     15987
     15997
     16007
     16015
     16024
     16035
     16045
     16055
     16065
     16075
     16085
     16095
     16105
     16115
     16126
     16136
     16146
     16156
     16166
     16175
     16186
     16195
     16206
     16216
     16225
     16235
     16245
     16256
     16266
     16277
     16287
     16297
     16308
     16318
     16328
     16339
     16349
     16359
     16369
     16379
     16389
     16399
     16409
     16419
     16429
     16440
     16450
     16460
     16470
     16480
     16490
     16500
     16510
     16520
     16530
     16541
     16553
     16564
     16574
     16584
     16594
     16605
     16615
     16626
     16636
     16644
     16654
     16662
     16672
     16683
     16693
     16704
     16715
     16725
     16735
     16745
     16756
     16766
     16776
     16787
     16797
     16807
     16817
     16828
     16839
     16849
     16860
     16871
     16881
     16891
     16902
     16912
     16923
     16934
     16945
     16956
     16967
     16978
     16988
     16998
     17008
     17017
     17027
     17038
     17048
     17058
     17067
     17077
     17087
     17098
     17109
     17119
     17129
     17139
     17149
     17159
     17169
     17179
     17189
     17199
     17209
     17219
     17229
     17239
     17249
     17259
     17267
     17276
     17286
     17296
     17306
     17316
     17326
     17337
     17348
     17359
     17369
     17379
     17389
     17399
     17409
     17419
     17430
     17441
     17452
     17464
     17475
     17485
     17495
     17506
     17517
     17528
     17539
     17549
     17559
     17569
     17579
     17589
     17600
     17610
     17620
     17630
     17641
     17653
     17663
     17673
     17682
     17693
     17704
     17714
     17724
     17734
     17744
     17755
     17766
     17776
     17786
     17796
     17806
     17816
     17826
     17836
     17846
     17857
     17867
     17877
     17887
     17897
     17907
     17918
     17929
     17939
     17949
     17959
     17969
     17980
     17991
     18001
     18011
     18021
     18031
     18042
     18053
     18063
     18073
     18084
     18094
     18104
     18112
     18120
     18131
     18142
     18154
     18166
     18176
     18188
     18199
     18211
     18222
     18233
     18244
     18254
     18264
     18275
     18285
     18294
     18304
     18313
     18324
     18333
     18343
     18353
     18362
     18371
     18381
     18391
     18400
     18408
     18416
     18427
     18437
     18448
     18459
     18469
     18479
     18488
     18497
     18505
     18514
     18524
     18533
     18541
     18551
     18560
     18570
     18580
     18589
     18598
     18606
     18616
     18625
     18635
     18643
     18653
     18663
     18674
     18685
     18695
     18706
     18716
     18726
     18737
     18746
     18756
     18767
     18777
     18787
     18796
     18807
     18816
     18826
     18835
     18845
     18856
     18866
     18875
     18885
     18896
     18906
     18915
     18924
     18933
     18942
     18952
     18963
     18973
     18983
     18993
     19003
     19014
     19023
     19032
     19041
     19051
     19061
     19070
     19079
     19088
     19098
     19106
     19116
     19125
     19135
     19142
     19153
     19163
     19173
     19183
     19194
     19204
     19214
     19224
     19234
     19243
     19253
     19264
     19273
     19283
     19293
     19303
     19313
     19324
     19334
     19343
     19352
     19362
     19372
     19382
     19392
     19402
     19412
     19422
     19432
     19443
     19453
     19463
     19473
     19483
     19494
     19504
     19513
     19522
     19531
     19541
     19551
     19561
     19572
     19582
     19592
     19601
     19611
     19621
     19631
     19641
     19651
     19662
     19672
     19683
     19693
     19703
     19713
     19723
     19733
     19742
     19752
     19761
     19771
     19781
     19790
     19800
     19810
     19819
     19828
     19838
     19847
     19856
     19865
     19874
     19884
     19893
     19902
     19912
     19921
     19930
     19940
     19949
     19959
     19968
     19978
     19987
     19996
     20005
     20014
     20023
     20033
     20042
     20051
     20060
     20070
     20079
     20089
     20100
     20111
     20121
     20131
     20141
     20150
     20159
     20169
     20179
     20189
     20200
     20209
     20220
     20231
     20241
     20251
     20260
     20271
     20280
     20290
     20301
     20310
     20319
     20329
     20341
     20352
     20363
     20373
     20382
     20393
     20402
     20412
     20422
     20432
     20443
     20453
     20463
     20472
     20482
     20491
     20501
     20511
     20521
     20532
     20542
     20553
     20563
     20573
     20583
     20594
     20604
     20614
     20624
     20634
     20644
     20654
     20664
     20674
     20684
     20694
     20704
     20714
     20724
     20734
     20744
     20753
     20763
     20773
     20784
     20795
     20805
     20815
     20825
     20836
     20846
     20856
     20866
     20876
     20886
     20896
     20906
     20916
     20926
     20936
     20947
     20957
     20967
     20977
     20987
     20997
     21008
     21018
     21028
     21039
     21049
     21059
     21069
     21079
     21089
     21100
     21110
     21120
     21130
     21140
     21150
     21160
     21170
     21180
     21190
     21201
     21211
     21221
     21233
     21244
     21255
     21266
     21277
     21288
     21300
     21310
     21319
     21328
     21337
     21347
     21357
     21367
     21377
     21388
     21399
     21409
     21419
     21429
     21439
     21449
     21460
     21471
     21481
     21491
     21501
     21511
     21522
     21533
     21544
     21554
     21564
     21575
     21585
     21595
     21605
     21616
     21627
     21637
     21647
     21657
     21666
     21677
     21688
     21699
     21710
     21720
     21730
     21739
     21749
     21758
     21768
     21778
     21788
     21798
     21808
     21818
     21828
     21838
     21848
     21858
     21868
     21880
     21891
     21902
     21913
     21923
     21933
     21943
     21953
     21964
     21975
     21986
     21996
     22006
     22017
     22028
     22039
     22049
     22060
     22070
     22081
     22091
     22103
     22114
     22124
     22134
     22144
     22155
     22166
     22177
     22188
     22200
     22211
     22221
     22231
     22241
     22252
     22263
     22273
     22283
     22293
     22304
     22314
     22324
     22335
     22345
     22355
     22365
     22375
     22384
     22394
     22404
     22414
     22425
     22435
     22446
     22456
     22466
     22476
     22487
     22498
     22508
     22518
     22528
     22539
     22551
     22561
     22571
     22581
     22592
     22602
     22613
     22623
     22633
     22643
     22654
     22664
     22674
     22684
     22694
     22704
     22715
     22726
     22738
     22748
     22758
     22769
     22780
     22789
     22799
     22810
     22821
     22830
     22840
     22850
     22857
     22864
     22873
     22883
     22892
     22903
     22913
     22920
     22928
     22938
     22947
     22956
     22966
     22976
     22983
     22991
     22998
     23006
     23015
     23024
     23033
     23040
     23049
     23058
     23068
     23077
     23087
     23096
     23104
     23112
     23121
     23131
     23138
     23147
     23156
     23166
     23176
     23187
     23198
     23208
     23219
     23228
     23238
     23248
     23258
     23266
     23273
     23282
     23292
     23301
     23309
     23319
     23329
     23339
     23347
     23354
     23363
     23374
     23381
     23389
     23398
     23408
     23418
     23428
     23437
     23445
     23452
     23462
     23471
     23482
     23492
     23501
     23508
     23518
     23526
     23535
     23545
     23552
     23560
     23568
     23578
     23586
     23595
     23602
     23613
     23623
     23633
     23643
     23653
     23661
     23671
     23678
     23687
     23697
     23705
     23715
     23722
     23731
     23741
     23748
     23758
     23766
     23772
     23781
     23790
     23799
     23807
     23817
     23827
     23837
     23847
     23857
     23867
     23876
     23886
     23895
     23904
     23913
     23923
     23931
     23940
     23950
     23960
     23969
     23979
     23989
     23999
     24009
     24019
     24029
     24039
     24049
     24060
     24070
     24080
     24090
     24100
     24108
     24118
     24128
     24138
     24149
     24160
     24170
     24181
     24191
     24201
     24211
     24221
     24230
     24241
     24251
     24261
     24270
     24280
     24290
     24299
     24307
     24317
     24327
     24337
     24347
     24357
     24367
     24377
     24387
     24396
     24406
     24417
     24427
     24437
     24447
     24457
     24467
     24477
     24486
     24496
     24507
     24517
     24525
     24533
     24543
     24553
     24562
     24571
     24581
     24590
     24600
     24609
     24618
     24627
     24635
     24644
     24653
     24663
     24673
     24683
     24690
     24698
     24706
     24715
     24725
     24734
     24743
     24752
     24762
     24772
     24781
     24791
     24800
     24809
     24819
     24828
     24837
     24846
     24856
     24865
     24874
     24883
     24892
     24901
     24910
     24919
     24929
     24938
     24948
     24957
     24966
     24976
     24985
     24995
     25004
     25013
     25022
     25031
     25040
     25050
     25059
     25068
     25078
     25086
     25094
     25104
     25114
     25124
     25134
     25144
     25154
     25163
     25172
     25180
     25190
     25201
     25210
     25220
     25230
     25240
     25250
     25261
     25271
     25280
     25291
     25300
     25310
     25320
     25330
     25340
     25351
     25361
     25371
     25381
     25391
     25402
     25411
     25420
     25429
     25438
     25448
     25458
     25468
     25479
     25489
     25499
     25509
     25519
     25529
     25539
     25548
     25556
     25565
     25574
     25584
     25594
     25603
     25613
     25623
     25633
     25643
     25653
     25663
     25673
     25681
     25690
     25700
     25710
     25720
     25730
     25740
     25751
     25761
     25771
     25781
     25791
     25801
     25811
     25821
     25832
     25842
     25852
     25862
     25872
     25882
     25893
     25903
     25913
     25923
     25933
     25943
     25953
     25964
     25974
     25984
     25994
     26004
     26014
     26024
     26034
     26045
     26055
     26065
     26075
     26085
     26095
     26106
     26116
     26126
     26136
     26146
     26156
     26166
     26177
     26187
     26197
     26207
     26217
     26227
     26237
     26248
     26258
     26268
     26278
     26288
     26298
     26308
     26318
     26327
     26338
     26349
     26358
     26368
     26377
     26387
     26397
     26408
     26419
     26429
     26440
     26450
     26459
     26470
     26478
     26486
     26496
     26506
     26516
     26526
     26533
     26544
     26555
     26566
     26577
     26587
     26598
     26609
     26620
     26630
     26640
     26651
     26663
     26674
     26685
     26696
     26704
     26714
     26722
     26732
     26742
     26753
     26763
     26773
     26784
     26794
     26805
     26816
     26826
     26837
     26848
     26858
     26867
     26878
     26889
     26899
     26909
     26920
     26930
     26941
     26950
     26960
     26971
     26982
     26992
     27003
     27013
     27023
     27034
     27045
     27055
     27065
     27076
     27087
     27097
     27107
     27118
     27128
     27138
     27148
     27158
     27168
     27178
     27189
     27200
     27210
     27220
     27229
     27240
     27251
     27261
     27271
     27281
     27292
     27302
     27312
     27323
     27334
     27345
     27356
     27367
     27377
     27387
     27397
     27408
     27418
     27428
     27439
     27450
     27460
     27470
     27480
     27490
     27500
     27511
     27522
     27532
     27542
     27552
     27562
     27573
     27583
     27593
     27603
     27613
     27623
     27633
     27644
     27654
     27663
     27673
     27681
     27691
     27701
     27711
     27721
     27733
     27744
     27755
     27765
     27775
     27785
     27796
     27807
     27817
     27828
     27839
     27849
     27859
     27869
     27880
     27890
     27901
     27910
     27921
     27931
     27941
     27952
     27962
     27974
     27985
     27995
     28007
     28018
     28027
     28037
     28048
     28057
     28067
     28077
     28088
     28098
     28109
     28120
     28130
     28140
     28150
     28160
     28170
     28180
     28190
     28200
     28211
     28222
     28233
     28243
     28254
     28264
     28275
     28286
     28296
     28306
     28316
     28326
     28336
     28346
     28357
     28367
     28377
     28387
     28397
     28407
     28416
     28425
     28434
     28443
     28452
     28462
     28471
     28481
     28490
     28497
     28507
     28516
     28523
     28531
     28541
     28550
     28559
     28567
     28575
     28584
     28594
     28604
     28612
     28621
     28630
     28639
     28646
     28654
     28662
     28668
     28674
     28680
     28685
     28691
     28696
     28701
     28711
     28721
     28731
     28742
     28751
     28761
     28771
     28781
     28792
     28802
     28809
     28818
     28827
     28836
     28846
     28855
     28864
     28874
     28880
     28886
     28892
     28903
     28912
     28922
     28932
     28941
     28950
     28961
     28971
     28981
     28991
     29001
     29011
     29019
     29028
     29036
     29046
     29053
     29063
     29073
     29083
     29093
     29103
     29114
     29124
     29134
     29145
     29154
     29163
     29171
     29179
     29186
     29194
     29201
     29207
     29214
     29223
     29233
     29242
     29251
     29260
     29270
     29279
     29288
     29297
     29306
     29312
     29318
     29324
     29329
     29335
     29341
     29347
     29352
     29358
     29364
     29370
     29376
     29382
     29388
     29394
     29400
     29406
     29412
     29418
     29424
     29430
     29436
     29442
     29448
     29454
     29460
     29470
     29479
     29487
     29495
     29506
     29516
     29527
     29537
     29548
     29559
     29568
     29577
     29587
     29598
     29608
     29614
     29620
     29626
     29637
     29646
     29656
     29667
     29677
     29687
     29698
     29708
     29719
     29730
     29740
     29750
     29760
     29771
     29780
     29790
     29798
     29806
     29816
     29823
     29831
     29837
     29842
     29848
     29857
     29866
     29876
     29886
     29896
     29906
     29912
     29918
     29925
     29933
     29942
     29950
     29960
     29967
     29975
     29984
     29992
     30001
     30008
     30016
     30025
     30033
     30042
     30049
     30057
     30066
     30074
     30083
     30090
     30096
     30102
     30109
     30117
     30125
     30134
     30142
     30151
     30162
     30173
     30183
     30193
     30204
     30214
     30224
     30234
     30241
     30249
     30259
     30270
     30280
     30286
     30292
     30298
     30304
     30310
     30316
     30322
     30327
     30333
     30339
     30345
     30351
     30357
     30363
     30369
     30375
     30381
     30387
     30393
     30399
     30405
     30411
     30417
     30423
     30429
     30435
     30441
     30447
     30453
     30459
     30465
     30471
     30477
     30483
     30489
     30495
     30501
     30507
     30513
     30519
     30525
     30531
     30537
     30543
     30549
     30555
     30561
     30567
     30573
     30579
     30585
     30591
     30597
     30603
     30609
     30615
     30621
     30627
     30633
     30639
     30645
     30651
     30657
     30663
     30674
     30684
     30695
     30706
     30717
     30727
     30736
     30745
     30756
     30765
     30773
     30780
     30790
     30800
     30811
     30819
     30826
     30832
     30838
     30844
     30854
     30865
     30876
     30886
     30892
     30898
     30904
     30910
     30916
     30922
     30928
     30934
     30940
     30946
     30952
     30958
     30966
     30974
     30981
     30987
     30993
     31003
     31013
     31022
     31032
     31038
     31044
     31050
     31056
     31063
     31069
     31078
     31084
     31090
     31096
     31102
     31108
     31114
     31120
     31126
     31132
     31138
     31146
     31153
     31161
     31167
     31173
     31179
     31185
     31191
     31197
     31203
     31209
     31215
     31221
     31227
     31233
     31239
     31245
     31251
     31257
     31267
     31274
     31280
     31291
     31302
     31308
     31314
     31320
     31326
     31332
     31338
     31348
     31359
     31370
     31380
     31390
     31399
     31406
     31416
     31426
     31432
     31438
     31444
     31450
     31456
     31465
     31472
     31481
     31487
     31493
     31499
     31505
     31511
     31517
     31523
     31529
     31535
     31545
     31552
     31558
     31564
     31575
     31581
     31587
     31593
     31599
     31605
     31611
     31617
     31627
     31637
     31646
     31653
     31663
     31673
     31679
     31685
     31691
     31697
     31703
     31709
     31715
     31721
     31727
     31733
     31739
     31745
     31751
     31757
     31763
     31769
     31774
     31784
     31793
     31802
     31812
     31820
     31830
     31839
     31848
     31856
     31864
     31875
     31885
     31895
     31905
     31915
     31924
     31934
     31943
     31952
     31962
     31971
     31980
     31990
     31999
     32007
     32015
     32025
     32035
     32045
     32056
     32066
     32076
     32086
     32095
     32105
     32114
     32124
     32134
     32144
     32154
     32163
     32172
     32182
     32192
     32202
     32211
     32221
     32231
     32239
     32248
     32256
     32265
     32272
     32283
     32294
     32304
     32314
     32325
     32334
     32342
     32350
     32357
     32366
     32375
     32385
     32394
     32405
     32415
     32425
     32435
     32445
     32455
     32464
     32473
     32482
     32488
     32494
     32501
     32507
     32513
     32519
     32525
     32531
     32537
     32543
     32549
     32555
     32561
     32567
     32573
     32579
     32586
     32592
     32598
     32604
     32610
     32616
     32622
     32628
     32634
     32640
     32646
     32652
     32658
     32664
     32670
     32676
     32682
     32688
     32694
     32700
     32710
     32721
     32731
     32741
     32752
     32761
     32771
     32781
     32791
     32801
     32810
     32819
     32829
     32838
     32849
     32861
     32872
     32883
     32894
     32903
     32913
     32922
     32929
     32939
     32947
     32955
     32964
     32972
     32978
     32984
     32992
     33001
     33009
     33018
     33025
     33033
     33042
     33050
     33059
     33066
     33076
     33086
     33095
     33104
     33114
     33124
     33134
     33144
     33154
     33160
     33166
     33172
     33178
     33184
     33190
     33196
     33202
     33208
     33214
     33220
     33226
     33232
     33238
     33244
     33250
     33256
     33262
     33268
     33274
     33280
     33286
     33294
     33302
     33308
     33314
     33320
     33330
     33339
     33345
     33351
     33357
     33363
     33369
     33375
     33381
     33387
     33393
     33399
     33405
     33411
     33420
     33427
     33438
     33447
     33457
     33464
     33473
     33479
     33486
     33494
     33500
     33506
     33517
     33527
     33534
     33540
     33551
     33561
     33567
     33573
     33579
     33585
     33591
     33597
     33603
     33609
     33615
     33625
     33635
     33645
     33654
     33661
     33671
     33677
     33683
     33689
     33695
     33701
     33707
     33713
     33719
     33725
     33731
     33737
     33743
     33749
     33755
     33761
     33767
     33773
     33779
     33785
     33791
     33797
     33803
     33809
     33815
     33821
     33830
     33840
     33848
     33857
     33865
     33875
     33885
     33895
     33905
     33916
     33925
     33936
     33945
     33954
     33963
     33972
     33983
     33992
     34001
     34009
     34017
     34023
     34029
     34036
     34042
     34048
     34054
     34061
     34067
     34077
     34086
     34095
     34104
     34114
     34124
     34134
     34144
     34154
     34164
     34174
     34184
     34195
     34205
     34215
     34225
     34235
     34245
     34256
     34266
     34276
     34286
     34295
     34303
     34311
     34318
     34327
     34335
     34343
     34350
     34356
     34363
     34369
     34375
     34381
     34387
     34393
     34399
     34405
     34411
     34417
     34423
     34429
     34435
     34441
     34447
     34453
     34459
     34465
     34471
     34478
     34484
     34490
     34496
     34503
     34509
     34515
     34521
     34527
     34533
     34539
     34545
     34551
     34557
     34563
     34569
     34575
     34581
     34591
     34601
     34610
     34619
     34629
     34635
     34641
     34647
     34656
     34663
     34671
     34681
     34691
     34701
     34711
     34717
     34723
     34729
     34736
     34744
     34753
     34761
     34770
     34777
     34787
     34797
     34806
     34815
     34821
     34827
     34833
     34839
     34846
     34852
     34858
     34864
     34870
     34876
     34882
     34888
     34894
     34900
     34906
     34912
     34918
     34924
     34930
     34936
     34942
     34948
     34954
     34960
     34966
     34972
     34978
     34984
     34990
     34996
     35002
     35008
     35014
     35020
     35026
     35032
     35038
     35044
     35050
     35056
     35062
     35068
     35074
     35080
     35091
     35100
     35108
     35114
     35120
     35126
     35132
     35139
     35145
     35151
     35157
     35163
     35173
     35182
     35188
     35194
     35200
     35206
     35212
     35218
     35224
     35230
     35236
     35243
     35251
     35257
     35263
     35269
     35275
     35281
     35287
     35293
     35299
     35311
     35320
     35327
     35333
     35339
     35345
     35351
     35357
     35364
     35370
     35376
     35382
     35388
     35394
     35400
     35406
     35412
     35418
     35424
     35430
     35436
     35442
     35448
     35454
     35463
     35470
     35480
     35490
     35496
     35502
     35508
     35514
     35520
     35526
     35532
     35538
     35544
     35550
     35556
     35562
     35569
     35575
     35586
     35595
     35601
     35607
     35613
     35620
     35626
     35632
     35642
     35650
     35661
     35671
     35682
     35692
     35701
     35711
     35721
     35732
     35743
     35753
     35764
     35770
     35776
     35782
     35788
     35794
     35800
     35807
     35814
     35820
     35826
     35836
     35847
     35858
     35868
     35879
     35890
     35900
     35910
     35920
     35931
     35942
     35953
     35964
     35974
     35985
     35991
     35997
     36005
     36013
     36021
     36029
     36037
     36045
     36053
     36061
     36071
     36078
     36087
     36097
     36103
     36114
     36125
     36136
     36147
     36159
     36169
     36179
     36189
     36201
     36212
     36222
     36232
     36242
     36253
     36263
     36273
     36283
     36292
     36302
     36313
     36324
     36335
     36344
     36353
     36364
     36375
     36386
     36397
     36408
     36414
     36420
     36427
     36436
     36442
     36448
     36454
     36460
     36466
     36472
     36479
     36486
     36490
     36495
     36500
     36504
     36508
     36512
     36516
     36520
     36525
     36530
     36533
     36539
     36545
     36551
     36556
     36562
     36568
     36574
     36581
     36587
     36592
     36597
     36603
     36608
     36614
     36620
     36626
     36634
     36641
     36647
     36653
     36659
     36664
     36670
     36676
     36684
     36691
     36696
     36703
     36710
     36716
     36721
     36729
     36735
     36744
     36749
     36755
     36761
     36766
     36771
     36777
     36783
     36789
     36796
     36803
     36809
     36815
     36821
     36827
     36833
     36840
     36845
     36851
     36855
     36861
     36865
     36871
     36876
     36881
     36885
     36889
     36893
     36897
     36901
     36906
     36911
     36914
     36917
     36924
     36931
     36937
     36944
     36949
     36955
     36961
     36967
     36973
     36977
     36983
     36991
     36998
     37004
     37011
     37019
     37024
     37030
     37035
     37041
     37047
     37051
     37054
     37058
     37063
     37069
     37075
     37079
     37084
     37090
     37096
     37101
     37107
     37113
     37119
     37125
     37130
     37137
     37143
     37149
     37156
     37162
     37167
     37174
     37181
     37187
     37193
     37200
     37206
     37213
     37219
     37225
     37232
     37237
