 0.54293141E-17
-0.82020013E-16
 0.10040127E-15
-0.65265813E-16
 0.63505440E-16
-0.54974584E-16
 0.11083920E-15
 0.14102793E-16
 0.67650219E-16
-0.49825321E-16
 0.95048391E-16
-0.13875304E-15
 0.63819644E-16
 0.29736918E-16
 0.51715716E-16
-0.71481971E-16
 0.16675829E-17
 0.16145202E-16
-0.28727791E-16
-0.59839066E-16
-0.34546305E-16
 0.28769931E-16
-0.18875401E-16
-0.25832526E-16
 0.22080653E-16
 0.26453315E-16
 0.12457876E-16
-0.30120640E-16
-0.35007435E-16
 0.84779422E-16
-0.35633617E-16
-0.11079323E-16
-0.67158906E-16
 0.18239191E-16
 0.12964456E-15
 0.27445814E-16
 0.91466351E-16
 0.37830030E-17
 0.56476835E-16
 0.47974729E-16
 0.32843147E-16
 0.48366905E-16
 0.54139964E-18
-0.51816298E-17
 0.10930489E-15
-0.39973960E-16
 0.21093489E-16
 0.25347342E-16
 0.87242541E-17
-0.94354514E-16
 0.65824134E-16
-0.57900302E-16
 0.32020056E-16
 0.11368004E-16
 0.39874253E-16
-0.48622128E-16
-0.21327942E-16
 0.50822265E-16
 0.29080818E-16
-0.11499153E-15
-0.53399849E-16
-0.29059083E-16
 0.52867032E-17
 0.19448405E-15
 0.13711958E-15
-0.49907469E-16
 0.70244773E-17
-0.63735199E-16
 0.15357263E-16
 0.46324045E-16
-0.34682942E-16
 0.12445139E-16
-0.55159897E-16
-0.26797039E-16
-0.42425984E-16
 0.27339593E-17
 0.68061062E-17
-0.25841268E-16
 0.20537429E-16
-0.15926602E-17
 0.60433180E-16
-0.44316023E-16
-0.19339357E-16
-0.54052613E-18
-0.40213114E-16
 0.25963744E-16
-0.45034234E-16
 0.78415160E-16
-0.88407740E-17
 0.12556602E-17
 0.26501146E-17
 0.62345569E-16
 0.40175486E-16
-0.78043942E-16
 0.26461422E-16
-0.29885592E-16
-0.74053020E-16
-0.84554535E-17
-0.41838901E-16
-0.31351336E-17
 0.59053152E-17
-0.91986157E-17
-0.10208057E-16
-0.28547968E-16
-0.55035800E-16
-0.65619510E-16
 0.15692146E-16
 0.37251487E-16
 0.50261076E-16
-0.91020969E-17
 0.23330087E-16
-0.68244351E-16
-0.47391480E-16
 0.51134095E-16
 0.74719847E-16
-0.69397939E-16
-0.69972445E-16
 0.79523887E-17
-0.53775475E-17
 0.73765572E-16
-0.85309688E-16
-0.51027336E-16
-0.10387939E-16
-0.14215056E-15
 0.43976379E-16
 0.11782526E-16
 0.25711341E-16
 0.34339761E-16
-0.55024266E-16
-0.38729324E-16
-0.32698688E-16
 0.10952479E-15
 0.16479349E-16
-0.53506012E-16
 0.62901459E-16
-0.95171040E-16
-0.52167734E-17
-0.47392910E-16
 0.64723310E-16
 0.33618003E-16
 0.24788022E-17
-0.99148188E-16
-0.81141879E-16
-0.97184312E-16
-0.12383615E-15
-0.51849813E-16
 0.47874398E-16
-0.75200250E-16
-0.75082921E-16
-0.25101014E-16
-0.28024039E-16
-0.15013791E-17
-0.12921150E-16
-0.63240588E-16
 0.22396881E-16
 0.44732240E-17
-0.53868132E-16
 0.42346846E-16
 0.71460960E-16
 0.62452365E-16
-0.84736157E-16
 0.36130164E-16
-0.50348648E-16
-0.28236690E-16
-0.46457155E-16
 0.73792981E-16
-0.78782217E-16
-0.52937495E-16
 0.59372391E-16
 0.11216089E-15
-0.56484147E-16
 0.85525003E-16
 0.61110410E-16
 0.60945622E-16
 0.71908531E-16
 0.40797219E-16
-0.23169521E-16
-0.17892307E-16
 0.84733596E-16
 0.14634612E-16
-0.33660428E-17
-0.10298829E-16
 0.71984857E-16
-0.52429644E-16
 0.42329825E-16
-0.45604426E-16
 0.10105520E-15
 0.23661855E-16
 0.48337024E-16
-0.13904787E-16
-0.13446092E-16
 0.30055760E-16
 0.82137645E-17
 0.15195440E-16
-0.41008571E-17
 0.98459507E-17
-0.55877705E-16
 0.67329352E-16
-0.98989564E-17
-0.42689987E-16
 0.36503107E-16
-0.61582542E-16
 0.48751124E-16
-0.27002242E-16
 0.14015023E-15
 0.90182622E-17
 0.22395554E-16
-0.79948366E-16
 0.78765673E-16
-0.27981707E-16
 0.52167621E-16
 0.50232687E-16
-0.39909479E-16
-0.21112376E-16
 0.18092240E-16
-0.31932480E-17
 0.16032337E-16
 0.39997711E-16
 0.22181916E-16
-0.34326682E-16
-0.73527072E-16
 0.56847809E-16
 0.22463353E-16
 0.18928566E-16
-0.11081567E-16
 0.36365626E-16
-0.14309880E-16
 0.42655567E-16
 0.97721519E-16
-0.93327033E-16
-0.34552856E-17
-0.14425388E-16
-0.77687850E-16
-0.22267495E-16
 0.26876633E-16
-0.12494746E-15
-0.42531285E-16
-0.85961364E-16
 0.71595943E-16
-0.57817576E-17
-0.53128620E-17
-0.22303450E-16
 0.61812984E-16
-0.23276181E-16
 0.89815562E-16
-0.29337251E-16
 0.10678558E-16
 0.18972188E-16
-0.11581531E-16
 0.16056391E-16
-0.16309522E-16
 0.33806481E-16
 0.34441088E-17
-0.53117198E-16
 0.12322648E-15
 0.22147361E-16
-0.89007082E-17
 0.67767334E-17
 0.86887733E-16
 0.59913102E-16
-0.48627778E-16
-0.18183627E-16
-0.15023579E-16
 0.10647383E-15
 0.10335204E-15
-0.30662037E-16
 0.80805620E-17
 0.49482924E-16
 0.61352125E-16
-0.18093471E-16
 0.32430106E-16
 0.11924014E-16
 0.34860700E-16
 0.13314984E-16
-0.18470103E-16
-0.74308364E-17
-0.45237181E-16
-0.15619817E-16
-0.33990433E-16
-0.16953801E-16
 0.33158746E-16
 0.38754451E-16
-0.20920006E-16
-0.43611126E-16
-0.50034567E-16
 0.37321972E-16
-0.17403218E-16
 0.61331207E-16
 0.47992060E-16
-0.65754109E-17
 0.11256459E-16
-0.40495811E-16
-0.31506873E-16
 0.12896628E-15
-0.33485145E-16
 0.92303139E-16
-0.22183125E-16
-0.65331519E-16
-0.66292451E-16
-0.70260933E-16
 0.12096488E-15
 0.75772894E-16
-0.33525868E-16
 0.11244706E-16
 0.77039936E-16
-0.44054713E-17
-0.25954942E-17
-0.25717482E-16
 0.50148625E-16
 0.33487514E-16
 0.10575471E-16
 0.59767677E-16
 0.17410881E-16
 0.12827857E-16
-0.54486056E-17
-0.43331767E-16
-0.31513517E-16
 0.10721023E-15
-0.65341759E-17
-0.48962534E-16
-0.93629434E-17
 0.69589186E-16
-0.15014049E-16
 0.48661467E-16
 0.84458582E-16
 0.13691082E-15
 0.17942931E-16
-0.18086668E-17
 0.45835256E-16
-0.72784204E-16
-0.76628847E-16
-0.51256498E-16
 0.91927692E-17
 0.44848138E-16
-0.24598044E-16
-0.52134865E-16
 0.74939256E-16
-0.25982140E-16
 0.14962943E-16
-0.45916920E-16
-0.79555861E-16
-0.72222810E-17
-0.33520105E-16
-0.64942016E-17
-0.16738503E-16
 0.24432943E-16
 0.29127835E-16
 0.11652275E-16
-0.46502466E-16
-0.35245739E-16
-0.48738415E-16
 0.86259250E-16
 0.38202933E-16
 0.16835508E-16
-0.72226208E-16
-0.24291092E-16
 0.36631468E-16
 0.78227066E-17
-0.37754508E-17
-0.24173003E-16
-0.67596009E-16
-0.28553223E-16
 0.49569185E-16
 0.12030477E-15
 0.93741401E-17
-0.11699510E-16
-0.57980888E-16
-0.12198598E-16
-0.14596628E-16
 0.22910236E-16
-0.10184343E-15
-0.14500939E-16
-0.23397247E-16
 0.56651430E-16
 0.29964816E-16
-0.36916495E-16
 0.14766098E-15
-0.50763743E-17
-0.90383048E-17
-0.15965635E-16
 0.67343421E-18
-0.98257473E-16
 0.58154561E-16
 0.29163186E-16
-0.50942044E-16
-0.19168885E-17
-0.11171253E-16
 0.12602770E-16
-0.59310868E-16
-0.65243189E-16
 0.40007682E-17
 0.53933751E-16
 0.37967061E-16
 0.40362920E-16
 0.15246302E-16
-0.55019991E-16
 0.10023706E-15
 0.13193298E-15
 0.33649939E-16
 0.15602678E-17
 0.48677885E-16
 0.93901742E-17
 0.33114091E-16
 0.63607463E-16
 0.61611542E-16
 0.86936768E-16
-0.43047511E-16
 0.31200508E-16
-0.15518370E-15
-0.80525121E-16
-0.24446919E-16
 0.21905225E-16
-0.10889218E-15
 0.12172082E-16
-0.10402454E-15
-0.53490872E-16
 0.66244435E-16
 0.24230277E-16
-0.48563178E-16
 0.34204196E-16
-0.42462291E-16
 0.19070480E-16
-0.22597913E-18
 0.49055791E-16
-0.56624550E-17
 0.27792431E-16
 0.18977384E-16
 0.15380239E-16
 0.43904662E-17
-0.63226953E-16
 0.85788073E-16
 0.11838172E-15
-0.15909877E-15
 0.49359409E-16
 0.73873902E-16
-0.76538427E-16
-0.96006043E-16
-0.10346150E-16
 0.66370061E-17
-0.41812838E-16
-0.22671105E-16
-0.33325108E-16
-0.17793535E-16
 0.28241478E-16
-0.83251851E-16
-0.40516895E-17
 0.91571727E-16
-0.80159559E-17
-0.92463821E-17
-0.31632569E-16
 0.81152513E-16
-0.50893961E-16
-0.62584485E-16
 0.22306110E-16
 0.67552075E-16
 0.81292134E-16
 0.69652313E-16
-0.62594345E-16
 0.27341509E-16
-0.89875490E-17
 0.34951173E-16
-0.38831815E-16
-0.99029666E-16
-0.83389004E-17
 0.13960132E-16
 0.41134779E-16
 0.84115073E-16
-0.56691624E-16
-0.18304888E-16
 0.28308543E-16
 0.19189439E-16
-0.18224351E-16
-0.91162649E-16
 0.60849159E-17
-0.41049175E-16
 0.27495364E-16
-0.11198440E-15
 0.76607599E-16
-0.89288522E-17
 0.66157505E-16
 0.53778524E-16
-0.47286276E-17
-0.54552578E-16
 0.14379626E-15
 0.24896115E-16
-0.42655348E-16
 0.25897695E-16
-0.62323096E-16
 0.20276149E-16
 0.88729004E-16
 0.53097326E-16
-0.44730460E-16
-0.12878660E-16
-0.19719807E-16
-0.47191369E-16
-0.99404676E-16
 0.21675705E-16
 0.43149844E-16
-0.21061448E-16
 0.22501166E-17
 0.59654314E-17
-0.81441258E-17
 0.99936653E-18
 0.31124325E-16
-0.70978211E-16
-0.80793098E-16
 0.18750103E-16
 0.49195746E-16
-0.36601948E-16
-0.10620672E-16
-0.30716194E-17
-0.98307438E-17
-0.89656221E-16
-0.14540394E-16
 0.22163323E-16
-0.11394065E-15
 0.84504771E-17
-0.26551836E-16
 0.31355598E-16
 0.36234322E-16
 0.10077733E-16
 0.60890366E-16
-0.10056642E-15
-0.53164221E-17
 0.41685542E-16
 0.20152555E-16
 0.58224118E-17
 0.68766370E-16
 0.61792298E-16
 0.45566663E-16
-0.22010409E-16
-0.12003079E-16
 0.35258924E-16
 0.28104262E-16
 0.33017516E-16
-0.20914549E-16
 0.59435153E-16
-0.50406899E-16
-0.87726623E-17
 0.83074040E-16
 0.44752986E-17
 0.93985704E-16
-0.10280809E-16
-0.14970043E-16
 0.37330173E-16
 0.45435661E-16
 0.29949920E-16
-0.66408849E-16
-0.43155417E-16
 0.23519743E-16
 0.99764242E-16
 0.44497773E-16
-0.64227186E-16
-0.78322364E-16
 0.56330073E-16
 0.63603209E-16
-0.16884186E-16
 0.92081928E-17
-0.29471325E-16
-0.13923849E-16
 0.33394697E-16
 0.33294308E-16
-0.48028392E-16
-0.27797613E-16
-0.28434272E-16
 0.20820318E-16
 0.46183939E-16
 0.10002406E-15
-0.36782667E-16
-0.27025641E-16
 0.96954303E-17
 0.54086008E-16
-0.51676868E-16
 0.98253725E-17
-0.11361647E-16
-0.33747598E-16
 0.84320244E-17
-0.11412104E-15
-0.48838007E-16
-0.13496999E-16
 0.39478287E-17
-0.17121917E-16
-0.14949311E-16
-0.82027101E-16
 0.21928740E-16
 0.37106021E-16
-0.76463221E-16
-0.29523486E-16
 0.25990478E-16
-0.68593628E-16
 0.14783441E-15
 0.27970894E-16
-0.13445490E-16
 0.16971009E-16
 0.71819528E-17
 0.62022581E-16
 0.14782774E-15
-0.42013532E-16
 0.65858842E-16
 0.56501426E-16
-0.77386068E-16
 0.50605689E-16
-0.81818450E-16
 0.40357052E-16
 0.72782610E-16
-0.14878637E-16
 0.57105729E-16
-0.84294254E-16
-0.26668895E-17
 0.84736169E-16
 0.30724696E-16
-0.30633993E-16
 0.85884093E-16
 0.13332461E-15
-0.61720448E-16
-0.29163180E-16
 0.11877190E-15
 0.43571171E-16
-0.29278753E-17
 0.80191670E-17
-0.25788871E-16
 0.60551131E-16
 0.35085349E-16
 0.64944415E-16
 0.30337837E-16
-0.35976373E-16
-0.78120227E-16
-0.10577145E-16
-0.41137929E-16
-0.31344272E-16
 0.52642370E-17
-0.60436420E-16
-0.45487976E-16
-0.46782990E-16
-0.61024289E-16
-0.26387746E-16
 0.78978196E-17
-0.78757921E-17
-0.18786059E-16
-0.61373189E-17
 0.45931229E-16
-0.38369469E-16
 0.37536794E-17
-0.27449810E-16
-0.32336584E-16
-0.90661364E-16
-0.19676557E-16
-0.32406064E-16
-0.46409001E-17
 0.17534510E-16
-0.47310764E-16
 0.12553900E-15
 0.66354959E-16
-0.16985078E-16
 0.50401326E-16
 0.10291653E-16
 0.91351842E-17
-0.47844180E-16
-0.82147910E-17
 0.17914442E-16
-0.66313466E-16
 0.38700345E-16
 0.63840389E-16
 0.40036778E-16
-0.99431101E-18
-0.30706150E-16
-0.19993053E-17
-0.95064394E-16
 0.37288153E-16
 0.26828802E-16
-0.68423682E-17
-0.57467612E-17
 0.71144033E-16
 0.10174098E-16
 0.50599756E-16
-0.49639598E-16
-0.28497075E-17
-0.25378761E-16
 0.16989750E-16
 0.59226555E-16
-0.71537374E-16
-0.48268285E-16
 0.27284008E-16
 0.95364859E-17
 0.60369851E-16
 0.55990301E-16
-0.44327326E-16
 0.24702024E-16
 0.80424946E-16
 0.19297549E-16
-0.64528164E-16
 0.28040217E-16
 0.52263670E-17
 0.39979518E-16
 0.84497659E-16
 0.53102188E-16
 0.49777383E-16
-0.17808802E-17
-0.20846405E-16
-0.20891001E-17
-0.36573345E-16
 0.42027277E-17
-0.19782048E-16
-0.97507167E-16
-0.11261470E-16
-0.46820865E-16
 0.12266023E-16
 0.44199102E-16
-0.43367326E-17
 0.56690575E-17
-0.26197741E-16
 0.28970969E-16
-0.40156956E-16
 0.77988130E-16
 0.58901017E-17
 0.25107914E-16
 0.31340651E-16
-0.20497961E-16
-0.12661713E-16
-0.52598217E-16
-0.48823027E-16
 0.16904089E-16
-0.99399068E-18
 0.34197546E-16
 0.36183510E-16
-0.91395050E-16
-0.94273262E-17
-0.13022986E-16
-0.49437217E-16
 0.24722852E-16
-0.39101264E-16
 0.31293863E-16
 0.74110956E-16
-0.89963841E-17
-0.19826092E-16
-0.47740587E-16
-0.68635976E-16
 0.73396030E-16
-0.40945854E-17
-0.36630473E-16
 0.36165177E-16
-0.12027004E-16
-0.12156328E-16
 0.64443923E-16
 0.50973869E-16
 0.35135641E-16
 0.41887370E-16
-0.23431412E-16
-0.26069113E-16
-0.88530937E-16
-0.44650286E-16
-0.13266051E-16
-0.53756695E-16
 0.11912886E-16
 0.46019616E-16
-0.37697801E-16
 0.10788492E-16
-0.57543740E-16
-0.23788963E-16
-0.35122944E-16
-0.16573459E-16
-0.27968754E-16
-0.20030096E-17
-0.70846293E-16
 0.39319627E-16
-0.99489112E-16
 0.70674312E-17
 0.44367821E-16
 0.60384951E-16
-0.30264891E-16
 0.20254212E-17
 0.31610619E-16
 0.25896282E-16
-0.53688876E-16
-0.12603815E-16
-0.30640772E-16
-0.22911649E-16
 0.29868054E-16
 0.77338055E-16
 0.49498554E-16
-0.21778303E-16
-0.12214149E-16
 0.11335147E-16
-0.21723927E-16
-0.73539202E-16
-0.12009411E-15
-0.25475687E-16
-0.48098055E-16
 0.28827476E-17
-0.48904542E-16
-0.23986110E-16
-0.22795435E-16
 0.53641075E-17
 0.62158368E-16
 0.90097174E-18
-0.42292468E-16
 0.10449223E-16
 0.58053755E-16
 0.53075217E-19
-0.23095539E-16
-0.66421810E-16
-0.49688164E-16
-0.16106116E-16
-0.12856686E-17
-0.75776841E-16
-0.13100556E-16
 0.61875638E-16
-0.67755161E-16
 0.10876628E-16
 0.37574128E-16
-0.18373574E-16
-0.18449175E-17
 0.34627799E-17
-0.42078958E-16
 0.64422340E-16
 0.11787586E-15
 0.54732116E-16
 0.54090970E-16
 0.11324458E-16
-0.68926853E-16
 0.11554810E-16
-0.12401062E-15
-0.71184649E-17
 0.10552927E-16
-0.60998880E-16
 0.10078701E-15
-0.24901816E-16
 0.56258132E-16
 0.53524068E-16
-0.75065956E-16
 0.29384738E-16
-0.58596522E-16
 0.25726849E-16
 0.82490332E-16
-0.32023947E-16
-0.26826099E-16
 0.43857906E-16
 0.27483638E-17
-0.74476805E-16
 0.31340312E-16
-0.45816608E-16
-0.17990736E-16
 0.50128541E-16
 0.11443170E-16
-0.29420465E-17
-0.42417953E-16
-0.60155367E-16
 0.92806392E-16
-0.95335481E-16
-0.13223710E-16
 0.99097495E-17
 0.12981612E-16
-0.53544519E-16
 0.30562173E-16
 0.43851374E-16
-0.99579108E-16
-0.87224504E-16
-0.13709153E-16
 0.43278044E-16
-0.50406262E-16
 0.55474273E-16
-0.31750474E-16
-0.54093609E-16
-0.53453311E-16
 0.13679512E-16
 0.13429942E-16
-0.10545112E-15
-0.76471243E-16
-0.16476536E-16
 0.46588103E-16
 0.11043867E-16
 0.16083902E-16
-0.22424313E-16
-0.82367807E-16
-0.61330271E-16
-0.77537992E-17
-0.10557533E-15
-0.39654393E-16
-0.32095091E-16
 0.46495941E-16
 0.11659825E-16
-0.12515276E-16
 0.21024466E-16
-0.41802146E-16
-0.63717067E-16
-0.10982679E-16
-0.54013963E-16
 0.63517116E-16
-0.20212072E-16
 0.19384150E-16
-0.95978031E-17
 0.26108408E-16
-0.36297325E-16
-0.97571843E-17
-0.15608984E-16
-0.40063104E-16
-0.44211896E-16
-0.29423513E-16
 0.47547869E-16
 0.17350919E-16
-0.53982387E-16
 0.13920203E-16
 0.49701763E-16
 0.57412023E-16
 0.78106567E-16
-0.25834614E-16
 0.14022358E-15
 0.47125292E-16
 0.24117753E-16
-0.34760234E-16
-0.53493472E-17
-0.44050436E-16
-0.53582946E-16
-0.55564305E-17
-0.14339882E-16
-0.10971145E-16
 0.48617719E-16
 0.32243118E-16
-0.91044240E-16
 0.36710262E-16
 0.59652825E-17
 0.32864768E-16
 0.74074633E-16
-0.20245603E-16
-0.50494731E-16
-0.20931541E-16
 0.26250992E-16
-0.39491496E-16
-0.14842256E-16
 0.59979027E-16
 0.88897633E-16
-0.13712231E-17
-0.24458128E-16
 0.66538668E-16
-0.32991985E-16
-0.12612679E-16
-0.60969658E-16
-0.72265719E-16
 0.14900188E-16
-0.62682873E-16
-0.70858288E-16
 0.40698198E-16
-0.59635371E-17
 0.88653114E-16
-0.40378535E-16
-0.88052094E-17
-0.31203635E-16
-0.40591308E-16
 0.53168721E-17
 0.83659509E-16
 0.22512071E-16
-0.19431926E-16
 0.41981315E-16
-0.41498824E-17
-0.86456873E-16
-0.21535766E-16
-0.21487995E-16
-0.89722428E-16
-0.37786659E-16
-0.19219138E-16
-0.70283690E-16
 0.86832636E-16
 0.18034016E-16
 0.15679715E-16
-0.53688945E-16
-0.19738008E-16
-0.82381068E-17
 0.11337834E-17
-0.21995216E-16
-0.10068224E-16
-0.15188776E-16
-0.28007059E-16
-0.23917080E-16
 0.12576123E-16
 0.49479913E-16
 0.30118487E-16
-0.62205758E-16
-0.74503263E-16
 0.61196311E-17
-0.37540701E-16
-0.85076514E-17
-0.88170589E-16
-0.49777393E-16
-0.64719210E-16
-0.46327840E-16
-0.14513785E-16
-0.41770632E-16
-0.24427755E-16
-0.62668907E-17
-0.42470879E-16
-0.56797512E-16
-0.79006154E-16
 0.75770629E-16
 0.25571829E-16
-0.59558443E-17
 0.20217413E-17
 0.47471913E-16
-0.45213939E-16
-0.11787984E-15
-0.14680647E-16
-0.22200027E-16
 0.65721680E-16
 0.59035340E-16
 0.10628147E-15
-0.90203291E-16
-0.86586189E-16
-0.45528298E-17
-0.41797354E-16
-0.65784933E-16
 0.90651716E-17
 0.75014896E-17
 0.15942014E-16
-0.58122871E-16
 0.16481276E-16
 0.10731078E-15
 0.98005285E-17
 0.71838982E-19
-0.98147536E-17
-0.47012067E-16
 0.41546050E-16
 0.13503582E-15
 0.30752094E-19
-0.16333020E-16
 0.80978095E-16
-0.87508868E-17
 0.27120586E-16
-0.67385551E-16
-0.16609239E-16
 0.11806779E-16
 0.36475621E-17
-0.89255325E-16
-0.50700706E-16
-0.56546891E-16
 0.12409795E-16
-0.12048859E-15
-0.93946335E-16
-0.62568471E-17
-0.53791032E-16
 0.15679572E-17
 0.28381617E-16
-0.25084628E-16
 0.65228297E-16
 0.29014006E-16
-0.67127804E-16
 0.25537630E-18
-0.35284703E-16
-0.42930697E-16
-0.26073795E-16
-0.43319343E-16
 0.61920001E-16
 0.54747852E-16
-0.43738939E-16
 0.22985546E-16
 0.58223440E-17
-0.11875074E-15
 0.35970892E-17
-0.91874769E-17
-0.86748403E-16
-0.40913399E-16
-0.16414810E-15
-0.62424661E-16
-0.69027349E-16
 0.94985007E-16
 0.56322177E-16
 0.42207659E-16
 0.35705185E-16
-0.11538519E-15
-0.39226407E-16
-0.79882592E-16
-0.36076439E-16
-0.37544643E-16
 0.11582514E-17
-0.98637920E-16
 0.30767810E-17
-0.95442835E-16
-0.11196598E-16
-0.24735016E-18
 0.67957539E-16
-0.15142861E-16
-0.30353657E-17
 0.57723290E-16
-0.11272498E-15
 0.13352330E-16
-0.95433316E-18
 0.97899764E-16
 0.27496569E-16
-0.83000229E-17
-0.18652910E-16
 0.94067244E-17
 0.34931586E-16
-0.38121671E-16
 0.53527188E-17
-0.52337266E-16
 0.82570042E-16
-0.10191119E-15
 0.37929077E-16
 0.31046087E-16
-0.11087164E-15
 0.17157923E-16
 0.32894472E-16
-0.14090647E-15
-0.24403760E-16
-0.10030056E-15
-0.77128703E-17
-0.31706005E-16
 0.69615732E-16
 0.29672385E-16
 0.63170129E-17
-0.47671014E-17
-0.43567351E-16
 0.27362870E-16
 0.17373069E-16
 0.20693968E-16
-0.97645429E-17
-0.44748618E-17
-0.64986221E-17
 0.60226610E-16
 0.85981520E-17
-0.33182807E-16
 0.31700208E-18
-0.26915848E-16
 0.55946738E-16
-0.85582144E-16
-0.10917937E-16
 0.10565720E-15
 0.47606137E-16
-0.50319316E-17
-0.12783818E-16
-0.18127690E-16
-0.19531508E-16
-0.17954346E-16
 0.26695937E-16
-0.36513896E-16
 0.59316129E-17
 0.17345647E-16
 0.13671175E-15
 0.39520122E-16
-0.10194497E-15
 0.67708240E-16
 0.10708551E-15
-0.37114601E-16
-0.11239121E-15
 0.21341022E-16
 0.00000000E+00
 0.15882397E-16
-0.65827589E-16
 0.00000000E+00
 0.00000000E+00
 0.42977816E-16
 0.93568130E-16
 0.00000000E+00
 0.10610411E-16
-0.30517168E-16
-0.26853062E-17
 0.44590594E-16
-0.41878606E-16
 0.73629768E-16
-0.20417888E-16
 0.78135944E-16
-0.61934784E-17
-0.22238056E-17
-0.65740927E-16
-0.34364868E-16
 0.24408843E-16
 0.66337503E-16
 0.66529885E-16
 0.65734640E-16
 0.16189447E-16
-0.94689813E-17
-0.33494224E-16
-0.66063752E-16
 0.25262916E-16
 0.17569740E-16
-0.77850375E-16
-0.34133734E-16
 0.26554271E-16
 0.51662339E-16
 0.33824778E-16
-0.12820008E-15
 0.19258459E-16
-0.12069065E-15
-0.13610507E-15
-0.10232952E-16
-0.51817029E-16
 0.84904465E-16
-0.53447991E-16
 0.12879189E-16
-0.37796410E-16
 0.17167558E-16
-0.61111098E-16
 0.70389708E-16
 0.30881392E-16
-0.20626576E-17
-0.48500074E-16
-0.33578054E-16
 0.48252661E-16
 0.74402527E-16
 0.00000000E+00
-0.68183399E-16
 0.00000000E+00
-0.73706054E-16
-0.29007490E-16
-0.90526911E-16
-0.72954207E-16
 0.42286002E-16
-0.57863150E-16
 0.20440176E-16
 0.00000000E+00
-0.15407699E-15
-0.34990931E-17
 0.00000000E+00
-0.12325199E-15
 0.65515643E-16
-0.97458605E-16
 0.27906599E-16
 0.78351103E-16
 0.55247777E-16
-0.57022258E-17
-0.20863480E-17
 0.43712618E-16
 0.49754080E-16
 0.80398885E-16
 0.32883301E-16
 0.37399469E-16
 0.20582901E-17
-0.19250624E-16
-0.56640564E-16
 0.89965699E-16
 0.20710649E-15
 0.76949714E-16
 0.90883882E-16
 0.26209317E-17
-0.16790681E-16
-0.85089277E-16
 0.14080864E-16
 0.10819088E-15
-0.22019680E-16
-0.45676252E-16
-0.46935366E-16
-0.45516321E-16
-0.94973357E-16
 0.81620280E-16
-0.31432307E-16
 0.23356404E-17
-0.11719852E-16
 0.68127125E-16
-0.48154961E-16
-0.39367206E-16
 0.81389914E-16
 0.54461466E-16
 0.34252583E-16
-0.78744312E-16
 0.25052614E-16
 0.75582973E-16
 0.11248015E-16
-0.70700781E-18
 0.37198246E-16
-0.19476358E-16
 0.30051247E-16
-0.32165017E-16
 0.17767654E-16
-0.43204186E-16
 0.14088275E-16
-0.24207778E-16
-0.10922278E-16
-0.26078133E-16
-0.10373872E-15
-0.13035308E-15
 0.83889455E-16
-0.67148537E-17
 0.10421173E-15
 0.11155869E-15
 0.27673519E-16
 0.14011937E-16
-0.58249450E-16
 0.37924418E-16
 0.73868261E-16
 0.42658485E-16
-0.38376733E-16
 0.46421852E-16
 0.62617294E-16
 0.12612956E-16
 0.87614970E-18
 0.21196047E-16
 0.67374854E-16
-0.69600750E-16
 0.12274566E-16
 0.58089837E-16
-0.11498366E-16
 0.46601000E-16
 0.42536301E-16
-0.35426571E-16
-0.19103716E-16
 0.10430925E-15
 0.37696672E-16
 0.42320307E-16
 0.24593178E-16
-0.97230912E-16
 0.24076912E-18
-0.27392887E-16
-0.38558210E-16
-0.11015208E-15
-0.35176431E-16
-0.11141681E-15
 0.41454110E-16
 0.51241046E-16
-0.25955313E-16
-0.86051771E-16
-0.80461248E-16
 0.28996955E-16
-0.13181738E-16
 0.92540467E-17
 0.49623108E-16
-0.42287008E-16
-0.84488767E-16
-0.71502114E-16
 0.58107307E-16
-0.11644180E-15
-0.11235924E-15
 0.15169243E-15
-0.55443918E-16
 0.53759064E-16
-0.49555768E-16
-0.32848520E-16
 0.49449572E-16
 0.28958998E-17
 0.52861209E-17
-0.80707205E-16
 0.65142128E-17
-0.26953012E-16
-0.85470918E-16
 0.71356597E-16
 0.55352544E-16
-0.88861168E-16
 0.46900955E-16
 0.53917300E-16
 0.59292306E-18
-0.12063284E-16
-0.91321375E-16
 0.57980570E-16
-0.12388005E-15
-0.58318642E-16
-0.36440416E-16
 0.70508611E-16
-0.62698967E-16
-0.88489320E-16
-0.24893769E-16
 0.25963148E-16
 0.95956551E-16
 0.42994122E-16
 0.32865090E-16
-0.24713351E-16
 0.88921519E-17
 0.86687893E-16
 0.83379806E-19
-0.11962085E-15
-0.44042643E-16
-0.19234742E-16
-0.77711673E-16
-0.14707033E-16
 0.29662035E-17
 0.21411722E-16
-0.49876847E-16
-0.15809116E-16
 0.10600162E-15
 0.30524976E-16
-0.32820462E-16
 0.10575220E-15
-0.50560111E-16
-0.27133483E-16
 0.18121211E-18
 0.63209265E-16
 0.71308091E-16
-0.49224473E-16
 0.91941138E-16
 0.33079813E-16
-0.28485083E-16
-0.19924756E-16
 0.38365616E-16
 0.57554830E-17
 0.94960864E-17
 0.57714178E-16
-0.25123527E-16
-0.10110127E-15
-0.52721660E-16
-0.10728138E-15
 0.68378852E-17
-0.27160958E-16
 0.16569659E-16
 0.80592803E-16
-0.15673048E-16
 0.25805759E-16
 0.56316150E-16
 0.96661071E-16
-0.16615584E-16
 0.90201174E-16
 0.83750383E-16
-0.72774397E-16
 0.27498289E-16
 0.54713921E-16
 0.10768468E-15
 0.79904535E-16
-0.16370818E-16
 0.58472378E-16
-0.82617053E-16
-0.67910020E-16
-0.27867384E-16
 0.59011938E-16
-0.33638643E-16
 0.44826254E-16
 0.35922614E-16
-0.93730191E-16
 0.83681561E-17
 0.69974451E-17
-0.39404926E-16
 0.43638714E-16
-0.80492694E-16
 0.59800950E-16
-0.71565920E-16
 0.74565369E-17
-0.11447989E-15
 0.36025899E-16
-0.46347525E-17
 0.23638466E-16
-0.10222986E-15
-0.64891538E-16
 0.28087613E-16
-0.19953555E-16
-0.32617121E-17
-0.96052424E-16
-0.12813112E-15
-0.12886180E-15
 0.67833204E-16
-0.99648397E-16
 0.26087450E-16
-0.12462184E-16
 0.47543112E-16
-0.29997831E-16
 0.23159787E-16
-0.24858088E-16
 0.78002470E-17
 0.14642235E-16
-0.10000494E-16
 0.38349311E-16
-0.29366315E-16
 0.85224220E-17
 0.79877536E-16
 0.17647349E-16
-0.26500379E-16
 0.45480905E-16
 0.11221254E-15
-0.21865097E-16
 0.38510141E-16
-0.27893218E-16
-0.38008909E-16
-0.56568884E-16
-0.76544779E-17
 0.21082354E-15
-0.70092400E-16
 0.32517383E-16
-0.25855429E-16
-0.59141693E-16
 0.44976470E-16
-0.50909645E-16
-0.13957811E-15
-0.28603561E-16
 0.19695634E-17
-0.20756119E-16
 0.18569609E-16
-0.58296196E-16
 0.30806588E-16
-0.88616799E-16
-0.24704139E-16
-0.76177485E-16
 0.53686642E-16
-0.37917430E-16
 0.50271405E-17
-0.14109155E-15
-0.26428487E-17
 0.74221474E-16
 0.14607295E-16
 0.34807284E-16
 0.41797741E-16
 0.21545051E-16
 0.87148388E-16
-0.20269816E-16
-0.42275732E-16
 0.21653233E-16
 0.46584906E-16
-0.15126314E-16
 0.36879920E-16
-0.46762571E-16
-0.11256750E-16
-0.25286951E-16
-0.34808210E-16
 0.18602141E-16
 0.60632895E-16
-0.11183800E-16
-0.13675421E-15
-0.67771318E-16
-0.49930633E-16
-0.64484512E-16
-0.18899423E-17
-0.10945783E-17
-0.41346802E-16
-0.15490729E-15
 0.15466737E-15
-0.16789887E-16
 0.95657442E-16
 0.90086560E-16
-0.55511548E-16
-0.21143636E-16
 0.26521502E-16
 0.94537930E-16
 0.15855663E-16
-0.12748481E-16
 0.63395440E-16
 0.74230050E-16
 0.89936582E-16
 0.66125003E-16
-0.27984963E-16
-0.15800648E-15
 0.17666725E-17
 0.35858610E-16
 0.18226984E-16
-0.32531147E-16
 0.17647084E-16
-0.12079007E-16
-0.73322348E-17
 0.13894718E-15
-0.53256138E-16
 0.10230040E-16
-0.10550314E-15
-0.26573965E-16
 0.59263666E-16
-0.42251645E-16
 0.28015615E-17
-0.19825441E-16
 0.38724335E-16
 0.69771374E-16
-0.47241780E-16
 0.14454300E-16
 0.54169186E-16
 0.67880267E-16
-0.44472935E-17
-0.10655569E-15
-0.64402033E-17
 0.15994417E-16
-0.24924897E-16
 0.65045496E-17
-0.88753303E-16
-0.14127795E-16
 0.21470062E-16
 0.44192753E-16
 0.51461222E-17
 0.00000000E+00
 0.37637697E-16
-0.15085614E-15
 0.00000000E+00
 0.00000000E+00
-0.81288270E-16
-0.43178352E-16
 0.00000000E+00
-0.30005083E-16
-0.60180209E-16
-0.83249363E-16
 0.19025683E-16
-0.18952362E-17
 0.46713020E-16
-0.20882274E-16
 0.68346241E-16
-0.28228326E-16
 0.78854804E-16
-0.22171723E-16
-0.56580795E-16
-0.20513020E-16
-0.62796905E-16
 0.60319334E-17
 0.23418132E-16
-0.41035146E-16
 0.44998625E-17
-0.29626777E-16
 0.10388309E-15
 0.54842207E-16
-0.21191070E-16
 0.24546380E-16
 0.31053287E-17
 0.50503665E-16
-0.34485358E-16
-0.28367504E-16
 0.75193762E-17
 0.15397577E-16
-0.97866848E-16
-0.18678810E-16
-0.15657404E-17
 0.29552238E-16
 0.59495647E-16
-0.10725216E-15
 0.00000000E+00
-0.13564386E-16
 0.14668917E-16
 0.00000000E+00
-0.30706850E-16
-0.11687136E-17
 0.31935471E-16
-0.42981469E-16
 0.44453242E-16
-0.31775276E-16
-0.15038027E-15
 0.10895332E-16
 0.37839794E-16
 0.95575889E-17
-0.19929679E-16
-0.23740110E-16
-0.28989067E-16
-0.75534163E-18
 0.50476070E-16
-0.24298040E-16
 0.86494769E-17
-0.49550157E-16
-0.51705009E-17
 0.54287930E-16
 0.38051685E-16
-0.13037955E-17
-0.49777162E-16
 0.16214328E-17
-0.51683833E-16
-0.48764534E-16
-0.71922626E-17
-0.83959176E-16
-0.71105451E-16
-0.25838178E-16
-0.42658697E-17
-0.59750975E-16
-0.28080042E-16
 0.52995252E-16
 0.51960442E-17
 0.35438694E-16
 0.25088481E-16
 0.45002384E-16
 0.61861198E-16
-0.54319058E-16
 0.32762149E-16
-0.54965133E-16
-0.37998322E-16
 0.58046321E-16
 0.20758978E-16
 0.44969403E-16
-0.21450368E-16
 0.84144041E-16
-0.25369801E-16
-0.49640075E-16
 0.15283638E-16
-0.40083664E-16
-0.33655478E-16
 0.00000000E+00
 0.13858751E-15
 0.00000000E+00
-0.10302673E-15
 0.00000000E+00
-0.21781029E-16
 0.17193075E-16
 0.00000000E+00
 0.50392955E-16
-0.53993851E-16
 0.34745291E-17
-0.12574998E-16
-0.13863219E-15
-0.22278661E-16
 0.10066034E-16
 0.40969660E-16
 0.41721667E-16
-0.56295292E-16
-0.43328806E-16
-0.15083963E-16
-0.85991791E-16
-0.99254315E-16
 0.87751343E-16
 0.65062295E-16
-0.19075182E-17
-0.12910211E-16
 0.84442832E-17
-0.36749795E-16
 0.24451512E-16
-0.76924885E-16
 0.22964625E-16
-0.26921248E-16
-0.75420290E-16
-0.34985584E-16
 0.11591011E-16
-0.42120857E-16
-0.64531152E-16
 0.35172474E-16
 0.81633912E-16
-0.42707613E-16
-0.29580720E-16
 0.26315196E-17
-0.45923797E-16
-0.82682062E-16
 0.90510023E-16
 0.63465598E-16
 0.26626904E-16
 0.20712867E-16
 0.58467931E-16
 0.39972649E-16
 0.49382550E-17
-0.42101773E-17
 0.22154464E-16
 0.51693097E-16
 0.55470282E-16
 0.39010102E-16
 0.50297452E-16
 0.12220250E-16
-0.12230018E-16
-0.16442471E-16
-0.81958484E-16
 0.37945779E-16
 0.49257322E-16
 0.33747381E-17
 0.34530410E-16
-0.12359524E-15
 0.89929064E-16
-0.83383512E-17
 0.10153225E-15
 0.29275245E-17
-0.51243720E-16
-0.78040534E-16
 0.23213573E-16
 0.95314500E-17
 0.45499857E-16
 0.57346989E-16
-0.57130466E-16
-0.26127155E-16
 0.27517983E-16
 0.92682133E-16
 0.41543207E-16
-0.26453335E-16
 0.64205097E-18
-0.97048906E-16
 0.89714024E-16
 0.50411166E-17
 0.94178841E-16
-0.40213577E-16
-0.71377349E-17
-0.68129083E-16
-0.14852659E-15
 0.11407099E-16
-0.25685295E-16
 0.11594510E-15
 0.63062026E-16
-0.30427965E-16
 0.44789620E-16
 0.29683581E-16
 0.50942891E-16
-0.42812963E-16
 0.46121050E-16
 0.32849526E-16
 0.65984925E-17
-0.12082435E-16
-0.17567993E-16
-0.98944963E-16
 0.36003982E-16
-0.72467427E-16
-0.42950950E-16
 0.37191099E-17
-0.43192169E-16
-0.55269588E-16
 0.86028478E-16
 0.10356037E-16
 0.31867550E-16
-0.23179692E-16
 0.25800412E-16
-0.69314824E-17
-0.96085935E-16
 0.50521810E-16
 0.13726508E-15
-0.35896621E-16
 0.86636647E-17
-0.21675785E-16
 0.27406386E-16
 0.30130074E-16
 0.16141197E-15
-0.81238930E-16
-0.77848257E-16
-0.37801280E-16
-0.26426899E-16
-0.38444708E-16
-0.30928905E-16
 0.13580585E-16
-0.16171659E-16
-0.26406252E-17
-0.73227057E-17
-0.50132386E-16
-0.13518582E-15
 0.31638004E-16
 0.95098507E-17
-0.23490341E-16
 0.30025730E-16
-0.18655901E-16
-0.88430663E-16
 0.64724752E-16
-0.48205280E-16
-0.80447060E-16
 0.54371045E-17
 0.20501797E-16
-0.11375758E-16
 0.18964962E-16
-0.50487399E-17
-0.62459468E-16
-0.38852342E-17
-0.20771471E-16
 0.23110129E-16
-0.49319446E-16
 0.31062286E-16
-0.51997500E-16
-0.11626925E-15
 0.42121678E-16
 0.33704182E-16
-0.22584651E-16
-0.69567610E-16
-0.63575434E-16
-0.35204542E-16
 0.18918031E-16
 0.55752437E-16
-0.31741924E-16
 0.19691637E-16
 0.58957569E-16
 0.85220620E-16
 0.54082418E-16
-0.25531902E-16
 0.00000000E+00
-0.17015939E-15
 0.98031596E-16
-0.18220870E-16
-0.12428435E-16
 0.25084140E-16
 0.12889618E-15
-0.66263387E-17
-0.13502764E-17
-0.28863706E-16
 0.46464839E-16
-0.41197168E-17
-0.11090689E-15
 0.26205082E-18
 0.38615861E-16
 0.43042509E-16
-0.60347551E-16
-0.61385325E-16
-0.24920768E-17
 0.52267227E-16
 0.00000000E+00
-0.58863205E-16
 0.64471675E-16
-0.46288180E-16
 0.30917338E-16
-0.19261529E-16
 0.21303302E-16
 0.56749963E-16
 0.42343177E-16
-0.55756156E-16
-0.44223590E-16
-0.47294932E-16
-0.35766601E-16
-0.33817579E-16
 0.33698147E-16
-0.75144951E-16
 0.44511581E-16
 0.26549268E-16
 0.42164863E-16
 0.97417220E-16
 0.66891568E-16
 0.32792881E-17
 0.52586346E-16
 0.67076539E-17
-0.11754064E-15
 0.14935308E-16
-0.56688527E-16
-0.33172563E-16
 0.20723402E-16
 0.45465658E-16
-0.13399174E-16
 0.44012335E-16
 0.43773922E-16
 0.95964068E-16
-0.48450893E-16
 0.32909930E-16
-0.58766564E-16
 0.24574093E-16
-0.11463172E-15
-0.57223137E-16
-0.11844993E-15
 0.60749521E-16
-0.50897905E-16
-0.61209142E-16
 0.93381571E-16
 0.24524992E-16
 0.73901189E-16
-0.27486219E-17
-0.60003020E-16
-0.12940615E-15
-0.40603530E-16
 0.31997781E-16
 0.31862574E-16
 0.23910311E-16
-0.23863036E-17
 0.32057550E-16
 0.32836926E-16
-0.43878424E-17
-0.27601469E-16
 0.40379543E-16
-0.11092955E-17
-0.27159476E-16
-0.10351166E-16
-0.48753046E-16
 0.12804110E-15
-0.75948362E-16
 0.16767494E-15
-0.54057854E-16
 0.92847517E-16
 0.17234897E-16
-0.14662246E-16
-0.10117142E-15
-0.92380907E-16
 0.10009163E-15
 0.81779178E-17
-0.83443069E-16
 0.12638324E-15
-0.16855956E-18
-0.94106207E-16
-0.47486996E-16
 0.32259462E-16
-0.38146129E-17
-0.46879250E-16
 0.13348075E-16
 0.67254416E-16
-0.76919591E-16
-0.53903589E-17
-0.11265115E-16
-0.60338498E-16
 0.78541236E-16
 0.56708856E-17
-0.42381876E-16
-0.20271087E-16
 0.41712455E-16
 0.39822195E-16
-0.18107447E-16
 0.14887795E-16
-0.25251852E-16
 0.10145268E-15
-0.14730591E-15
-0.48140694E-16
-0.68090861E-16
 0.22487878E-16
-0.13799226E-16
-0.17473337E-16
-0.88622940E-16
-0.45492604E-16
-0.11041164E-15
-0.76980181E-16
 0.78268379E-16
-0.63262985E-16
 0.37057162E-16
-0.16617834E-16
 0.19454706E-16
-0.23100441E-16
-0.36231014E-16
-0.12735866E-15
 0.34466618E-16
-0.70890940E-16
-0.43578892E-16
-0.29941238E-16
 0.57234652E-16
-0.37914042E-16
-0.26999069E-16
 0.12241320E-16
 0.66933814E-16
 0.34807548E-16
 0.67764647E-16
 0.28320335E-16
-0.10167466E-16
 0.46709738E-16
 0.30488210E-16
 0.63357959E-16
 0.12825773E-15
-0.56190260E-16
-0.71679104E-16
 0.58222186E-16
-0.79639308E-16
 0.52484279E-18
-0.92792248E-16
 0.10338884E-16
-0.13849836E-16
 0.81741009E-16
-0.97241076E-16
-0.11393295E-15
-0.37218098E-16
 0.91324340E-16
 0.26834004E-16
-0.11883872E-15
 0.10836336E-15
-0.11620477E-15
 0.60479794E-16
 0.13632683E-15
-0.82770471E-17
-0.10766477E-16
-0.98285997E-17
-0.28913152E-16
 0.36549048E-16
 0.47226745E-16
 0.60079518E-16
 0.81967378E-16
-0.24984190E-16
 0.10607478E-15
 0.25353814E-16
 0.68429039E-16
-0.15350513E-16
-0.19571014E-16
 0.40533703E-16
-0.84182158E-16
-0.11009681E-15
 0.18353086E-16
 0.95112694E-16
-0.67263892E-16
-0.10262466E-17
-0.47965623E-17
-0.52028364E-16
 0.61826495E-16
-0.41448498E-17
 0.52802975E-17
 0.57152251E-16
 0.47433977E-16
 0.90892723E-16
 0.51573983E-17
 0.10789903E-16
-0.39270446E-16
 0.25685427E-16
 0.62481121E-17
 0.47269468E-16
 0.33863742E-16
 0.54456913E-16
 0.70733392E-16
-0.15108365E-15
-0.49684994E-16
-0.11804590E-15
 0.00000000E+00
 0.00000000E+00
-0.47884493E-18
 0.12434814E-16
-0.11391958E-16
 0.75234260E-16
 0.24673540E-17
-0.16349628E-16
 0.12676166E-16
-0.36414264E-16
 0.20105121E-16
 0.64129103E-16
 0.10610046E-15
 0.46053181E-17
 0.50388931E-16
 0.10963211E-15
 0.89116019E-16
 0.18406873E-16
 0.38482824E-16
 0.78164624E-16
-0.33540917E-16
 0.56716797E-16
-0.35538220E-16
 0.42130201E-16
-0.59175839E-18
 0.79229133E-16
 0.44752456E-17
-0.22820179E-16
-0.57724237E-17
-0.12427376E-16
 0.80897787E-16
 0.77571833E-16
 0.32193472E-16
-0.29878875E-16
-0.87851081E-17
 0.24612236E-16
-0.11086020E-16
-0.77750954E-16
 0.50499469E-16
 0.65719275E-16
 0.10408097E-15
 0.49681659E-16
-0.17421774E-16
 0.41861851E-16
-0.44382382E-16
-0.61222906E-16
 0.51546402E-16
 0.63013110E-16
 0.81282896E-16
-0.66974789E-16
 0.00000000E+00
 0.19947202E-16
 0.15122251E-17
 0.54812826E-16
-0.72773961E-17
-0.11580582E-16
-0.23823437E-16
 0.00000000E+00
 0.10587806E-15
 0.00000000E+00
-0.77798150E-16
-0.82127097E-16
 0.80006047E-16
 0.64864618E-16
 0.82630711E-17
-0.14090253E-15
 0.48407933E-16
-0.77548619E-16
-0.65281041E-16
-0.72661451E-16
 0.30089787E-16
-0.11244320E-15
 0.45390060E-16
-0.62518549E-16
-0.68279326E-17
-0.80895352E-16
-0.13174750E-16
-0.17768845E-16
-0.16253067E-16
 0.93148743E-17
-0.23361169E-17
-0.49949870E-16
 0.14685751E-16
-0.45531753E-16
 0.58831626E-16
-0.42059633E-16
-0.38656678E-16
 0.41819605E-17
-0.10530419E-15
 0.39588626E-16
-0.81600931E-16
-0.81349044E-16
-0.17604521E-16
-0.10965265E-16
-0.59627149E-16
 0.28008944E-16
 0.00000000E+00
-0.90258772E-17
 0.39029161E-16
 0.00000000E+00
 0.00000000E+00
 0.17365382E-15
 0.71399107E-16
 0.00000000E+00
 0.00000000E+00
 0.10125813E-15
-0.71591728E-16
 0.00000000E+00
 0.46741396E-16
 0.24004808E-16
-0.43308795E-17
 0.56007724E-16
 0.10932951E-15
-0.50745439E-16
-0.10343172E-15
-0.55254924E-16
 0.14091505E-16
 0.32663973E-17
-0.87019930E-17
-0.81405690E-17
-0.82838763E-16
-0.15855663E-16
 0.57479868E-16
-0.76183731E-17
-0.80299782E-17
-0.88716113E-17
-0.69215297E-16
 0.45862175E-16
 0.53652973E-16
 0.55903116E-16
-0.59638372E-16
 0.40878234E-16
-0.39065318E-16
 0.71970272E-17
-0.60322987E-16
-0.37140965E-16
 0.59463486E-16
-0.28171892E-16
 0.15481364E-15
 0.63261714E-16
-0.10016461E-15
 0.10769277E-15
-0.16896719E-17
-0.85017756E-16
 0.33954374E-17
 0.47354542E-16
 0.31682738E-16
 0.33070813E-17
-0.71135203E-16
 0.24525151E-16
 0.68379911E-17
-0.59524711E-16
-0.93788147E-16
 0.64472019E-16
 0.57244604E-16
-0.27968710E-16
 0.16430851E-16
 0.53497966E-16
-0.27418457E-16
 0.69917461E-16
-0.20025976E-17
-0.26467027E-16
-0.29047936E-18
-0.14686043E-16
 0.12447123E-16
-0.19935715E-16
 0.60905269E-16
 0.64164016E-16
 0.92159620E-16
 0.61601742E-16
 0.12344581E-15
-0.50108775E-16
 0.00000000E+00
 0.16679561E-16
 0.33109671E-16
 0.42306331E-16
 0.13733792E-16
-0.46874016E-16
-0.48885256E-16
 0.93606140E-17
-0.15176872E-16
-0.19468841E-16
 0.40907456E-16
-0.69799432E-16
-0.33057790E-16
-0.20197501E-17
-0.42910160E-17
 0.47623792E-16
 0.84824897E-16
-0.38495080E-16
 0.46438793E-16
-0.10534276E-15
-0.51250046E-16
-0.88866038E-16
-0.12801675E-15
 0.11515164E-15
 0.26368771E-16
 0.66279799E-16
-0.11372079E-15
 0.54404503E-16
-0.45843911E-16
 0.28081472E-16
 0.13657242E-16
-0.62309861E-16
-0.14385584E-16
 0.29503216E-18
-0.11275173E-16
-0.33326458E-16
-0.10331028E-15
-0.72135126E-16
 0.77987806E-16
 0.24541086E-16
 0.50785978E-16
 0.28108788E-16
-0.23567104E-16
 0.62714319E-17
 0.51446664E-16
-0.21941118E-16
 0.43260196E-16
-0.19718398E-16
 0.52048481E-16
-0.21802840E-16
 0.90230185E-18
-0.69621450E-16
-0.14341861E-15
-0.76211366E-16
-0.83117226E-17
-0.15263745E-16
-0.59532334E-16
 0.12297860E-16
-0.41237270E-16
 0.39374856E-17
-0.11819815E-16
 0.24712927E-16
 0.58898436E-16
 0.26605411E-16
 0.37700722E-16
-0.83034640E-16
 0.29100452E-16
-0.55361650E-16
 0.40347567E-16
-0.34345704E-16
-0.65722345E-16
-0.45675246E-16
 0.64436655E-16
-0.20896197E-16
 0.12281872E-16
-0.32434268E-16
-0.85771615E-17
 0.22320165E-16
-0.11490267E-16
-0.39995202E-16
-0.62011864E-16
-0.79630203E-16
-0.54732940E-16
 0.44738692E-17
 0.39568191E-16
 0.14336139E-16
-0.53039933E-16
 0.89921971E-16
 0.41038429E-16
-0.20389671E-16
-0.69092478E-16
 0.34257401E-16
 0.39636721E-16
 0.24304605E-16
 0.94444174E-19
 0.78835050E-16
 0.24347009E-16
 0.97088822E-16
 0.94536500E-16
 0.39040596E-16
-0.17262955E-16
-0.23940116E-16
 0.69925958E-16
 0.36419982E-16
 0.73854020E-16
 0.60589961E-16
 0.46889415E-16
-0.67252298E-17
-0.29227084E-16
 0.20805353E-16
-0.62341625E-18
-0.22630285E-16
 0.18117823E-16
-0.25354872E-16
 0.32292919E-16
-0.24357332E-16
 0.29402208E-16
 0.81400925E-17
-0.58195399E-16
-0.28180574E-16
 0.65833836E-16
-0.19692881E-16
 0.66744290E-16
 0.49328234E-16
-0.63443403E-16
-0.12816498E-15
 0.25767166E-16
 0.10819999E-16
 0.27048091E-16
 0.15203712E-16
 0.10500069E-15
 0.44850037E-16
 0.14514201E-16
 0.66505586E-16
 0.52878573E-16
 0.76574108E-16
 0.93107132E-16
 0.12649908E-17
-0.93457380E-17
-0.50718004E-16
 0.76341809E-16
-0.81675152E-18
 0.21070845E-16
 0.55464141E-16
-0.28855104E-16
-0.25234594E-16
-0.33599097E-16
-0.10853623E-15
 0.34741639E-16
-0.32483343E-16
-0.10787023E-15
 0.83416016E-16
 0.83655091E-16
-0.79515853E-16
 0.69432138E-16
-0.21726395E-17
-0.11720977E-15
-0.62766624E-16
-0.13740738E-15
-0.13531394E-15
-0.12367263E-15
-0.30205195E-17
-0.64978015E-17
-0.26065321E-17
 0.12261861E-16
 0.23186892E-16
 0.56456440E-16
-0.34977379E-16
-0.76494910E-16
 0.13483732E-16
-0.49161792E-16
-0.66462017E-16
 0.41009418E-16
-0.44830807E-16
 0.58804151E-16
 0.70500035E-16
 0.36082545E-16
 0.28551628E-16
-0.72148784E-16
 0.74989944E-16
 0.37557335E-16
-0.31310414E-16
-0.64734837E-16
-0.59436355E-16
-0.99627062E-16
 0.66775842E-17
-0.85019238E-16
 0.34992202E-16
 0.40918891E-16
-0.14615977E-16
-0.61338103E-16
 0.15991347E-16
 0.22011528E-16
 0.10216157E-15
 0.67843786E-16
-0.20561407E-16
-0.78470191E-16
 0.76233812E-16
-0.30243947E-16
 0.31333866E-16
 0.89937270E-16
 0.79741058E-16
 0.66241894E-16
-0.39395820E-16
-0.25341902E-16
-0.87783424E-16
 0.13259771E-16
 0.43418697E-16
 0.41457339E-16
 0.14509826E-15
 0.38869336E-16
 0.64311936E-16
-0.34898975E-16
-0.17450361E-16
 0.33597827E-16
 0.98235546E-16
-0.40812800E-16
 0.34202979E-16
 0.39350080E-16
-0.12096091E-15
 0.76502639E-16
 0.10620819E-15
-0.76474131E-16
-0.19488111E-16
-0.15166612E-15
 0.71891921E-19
 0.11514354E-17
-0.16408722E-16
-0.78816151E-16
 0.14860770E-16
 0.60781337E-16
 0.76674799E-16
 0.33324500E-16
 0.95772427E-17
-0.16650233E-16
 0.21354548E-16
 0.15018529E-16
 0.54537275E-17
-0.78746536E-16
-0.62044846E-16
-0.61284316E-16
-0.73650150E-16
-0.74694542E-16
 0.75002438E-16
-0.95201209E-17
 0.61741926E-16
-0.72735037E-16
-0.10455134E-15
 0.62734542E-16
 0.69011692E-16
-0.10580966E-15
-0.85419514E-16
 0.23213785E-16
-0.25495268E-16
 0.17616168E-17
 0.79386522E-16
 0.12986497E-16
 0.58347865E-16
-0.73312290E-16
-0.55843823E-16
 0.33848707E-16
-0.79635920E-16
-0.72310144E-16
 0.59247308E-16
-0.60403614E-16
 0.50908798E-16
 0.54782597E-16
 0.67276227E-16
 0.96493464E-16
-0.29602319E-16
-0.24345527E-16
 0.67643522E-16
-0.98885379E-16
-0.13992211E-15
-0.37473796E-17
-0.16180447E-16
 0.64321988E-16
 0.47831103E-16
 0.19133098E-16
 0.10378562E-16
 0.40909468E-16
 0.30721038E-16
 0.38137658E-18
-0.32606851E-16
 0.62902361E-16
-0.59254878E-16
 0.60930892E-16
 0.47979970E-16
 0.59049631E-16
 0.31219729E-16
 0.21350312E-16
 0.33772474E-16
 0.40639291E-16
 0.60679323E-17
 0.42526507E-16
 0.44996719E-16
-0.24407996E-16
 0.33937652E-16
 0.47393029E-16
 0.36695108E-16
 0.57581631E-17
 0.68274800E-16
-0.29094841E-16
 0.33580621E-16
 0.65908904E-16
-0.41485768E-16
 0.30303345E-16
-0.35630944E-16
 0.23312147E-16
 0.46496233E-16
 0.58528865E-16
-0.64164440E-16
-0.16103579E-16
 0.00000000E+00
 0.73548294E-16
 0.00000000E+00
 0.69342776E-16
-0.28595912E-16
 0.14557849E-16
 0.44331587E-18
 0.36348831E-16
 0.50813109E-16
 0.10401776E-16
-0.18216344E-16
 0.76397819E-16
 0.70583997E-16
-0.12152731E-15
 0.30256335E-16
-0.71899068E-17
 0.35646852E-16
-0.35738596E-16
 0.31120467E-16
-0.84951369E-16
-0.11031609E-15
-0.65265530E-16
-0.43329388E-16
-0.49866841E-16
 0.41548342E-16
-0.53550164E-16
-0.10804064E-16
-0.26217880E-16
-0.48635679E-16
 0.19431545E-16
-0.68249680E-17
 0.64298059E-16
-0.17632579E-17
 0.15706204E-15
 0.38171116E-16
 0.32210228E-16
 0.42966170E-16
-0.30088410E-16
 0.45747191E-16
 0.56842369E-16
 0.35765966E-16
-0.41675821E-16
 0.10858968E-15
 0.36250151E-16
-0.35582160E-16
-0.68837203E-16
-0.31580776E-16
-0.32973722E-16
-0.74562563E-16
-0.40065929E-16
-0.45665928E-16
-0.11823892E-15
-0.35325456E-16
-0.63342183E-17
-0.60302393E-17
 0.65774941E-16
 0.24683334E-16
-0.54391162E-17
-0.82373266E-16
 0.47312402E-16
 0.00000000E+00
-0.12007327E-16
 0.00000000E+00
 0.84975616E-16
 0.12576957E-16
 0.68246292E-16
 0.28589056E-16
 0.29517298E-16
-0.77890609E-16
 0.12792315E-16
 0.16142013E-16
 0.93203403E-16
 0.87889462E-16
-0.24238536E-16
 0.20439329E-16
-0.28764498E-16
 0.00000000E+00
 0.53554346E-16
 0.74552981E-16
 0.21842544E-16
 0.26548607E-16
-0.24815842E-16
 0.18422173E-16
-0.70477906E-17
-0.25400930E-17
-0.83019817E-17
-0.57770823E-16
-0.71372902E-16
 0.85909470E-16
-0.36005041E-16
 0.19123675E-16
-0.49044055E-16
-0.20248534E-16
 0.87239735E-16
 0.46231058E-16
 0.20404177E-16
 0.54004227E-16
-0.76200778E-16
-0.10587785E-15
 0.27654779E-16
 0.00000000E+00
 0.00000000E+00
 0.00000000E+00
 0.60321451E-16
-0.32333153E-16
 0.00000000E+00
 0.00000000E+00
 0.88385770E-17
 0.24897898E-16
 0.00000000E+00
-0.48166317E-16
-0.83207223E-16
 0.00000000E+00
 0.00000000E+00
-0.21435704E-16
 0.16863447E-16
 0.63828432E-16
-0.22868010E-16
 0.64447561E-16
-0.25799459E-16
 0.43145529E-16
 0.42267579E-16
-0.20244617E-16
-0.87685486E-16
 0.65623454E-16
 0.13485400E-16
 0.50801013E-16
 0.25644028E-16
 0.16161463E-15
-0.34863241E-16
 0.84563852E-16
 0.26620049E-16
-0.10901536E-15
-0.20228470E-16
 0.39713457E-16
-0.29941874E-16
-0.16286405E-16
-0.40686169E-16
-0.31935895E-16
 0.12432538E-16
-0.27626774E-16
-0.14218761E-15
 0.26422981E-16
-0.24268923E-16
 0.85969609E-17
 0.75334634E-16
 0.24102217E-16
 0.52500267E-16
 0.23139828E-16
 0.24304552E-16
-0.79172858E-16
-0.14201460E-16
-0.74208768E-16
-0.63349488E-16
-0.20756119E-16
 0.23331311E-16
 0.36816393E-16
 0.19030183E-16
 0.84100207E-16
 0.10080751E-16
-0.63301843E-16
-0.12547311E-15
 0.81578431E-16
 0.72174830E-16
-0.15549301E-16
-0.95101154E-17
-0.26531613E-16
 0.39358815E-16
 0.85609938E-16
-0.97307145E-17
-0.13937715E-16
 0.37073732E-16
 0.00000000E+00
-0.10387295E-15
 0.14096825E-16
-0.28272054E-16
 0.75251148E-16
 0.85846207E-16
-0.63623821E-17
-0.80529116E-16
-0.54241872E-18
-0.33781792E-17
 0.87392942E-16
 0.11823521E-16
 0.62023352E-16
-0.53104095E-16
-0.68646726E-16
-0.19644600E-16
-0.41715420E-16
 0.35101257E-16
-0.55786225E-16
-0.16406605E-16
 0.21633910E-16
 0.31700155E-16
-0.15742954E-16
-0.32420080E-16
-0.45543268E-16
 0.55990572E-16
 0.32184923E-16
-0.19405048E-16
-0.12589292E-16
 0.50696722E-16
 0.62462089E-16
-0.41129299E-16
 0.68045968E-16
 0.23232420E-16
-0.48029839E-16
-0.15760954E-16
-0.31010088E-16
 0.22941358E-16
-0.39660412E-16
 0.71128533E-17
-0.22509901E-17
-0.26471791E-16
-0.30154796E-16
 0.11936812E-17
 0.18842841E-15
 0.78218305E-16
 0.26024399E-16
-0.44544722E-16
 0.82300898E-16
-0.76899421E-16
 0.31819110E-16
 0.57625028E-16
-0.12054549E-16
 0.40630318E-16
 0.13161410E-16
-0.68842020E-16
-0.12361228E-15
-0.13808432E-15
-0.55332533E-16
-0.83976964E-17
-0.16857014E-17
-0.11670679E-15
 0.89157947E-16
 0.31152072E-16
 0.50144562E-16
-0.14700257E-17
-0.70107117E-16
 0.77312932E-18
 0.30824694E-16
-0.90670632E-16
-0.27093778E-16
-0.12436561E-17
 0.25283933E-18
 0.42713966E-16
-0.16066203E-16
 0.24938132E-16
-0.83730901E-16
 0.76234236E-16
 0.56581166E-16
 0.14332221E-16
 0.63511483E-16
-0.53382875E-16
 0.35696086E-17
-0.32481702E-16
-0.35535997E-16
 0.38816661E-16
 0.10771506E-16
 0.34571650E-17
-0.13325226E-15
-0.30590277E-16
 0.26804146E-16
 0.20263146E-16
-0.38579598E-16
 0.74001139E-16
 0.78191517E-16
 0.41375336E-16
-0.74961781E-16
 0.40331474E-17
-0.32328495E-16
-0.27881572E-16
-0.23840060E-16
 0.10907773E-16
-0.66541003E-16
-0.12143382E-16
-0.26044251E-16
-0.13021554E-15
 0.63717895E-16
 0.90218644E-16
-0.65174209E-16
-0.43382169E-16
 0.41027735E-16
 0.63792169E-17
 0.11534535E-15
 0.56167972E-16
 0.30469046E-16
 0.33991856E-16
 0.19585599E-16
-0.70505540E-16
-0.76821230E-16
-0.12641670E-15
 0.87620476E-16
-0.70054813E-16
-0.45592290E-16
 0.57935677E-16
-0.59791844E-16
 0.47178888E-16
 0.12624761E-16
 0.96071006E-17
 0.15016227E-16
-0.10481980E-15
 0.66911474E-16
-0.52536266E-16
-0.88436592E-17
-0.28650889E-16
 0.68982787E-16
 0.17122877E-16
 0.49060360E-16
-0.30205195E-16
 0.62938148E-16
 0.51041782E-16
 0.71726750E-17
-0.31518969E-16
 0.13067283E-16
 0.53890883E-16
-0.47188205E-16
-0.21011923E-16
-0.53219080E-16
 0.91047466E-16
-0.78482897E-17
-0.22861816E-16
 0.60039336E-16
-0.43911882E-16
 0.20586103E-16
-0.37604239E-16
 0.34132993E-16
 0.71418642E-17
-0.54960050E-16
 0.15670321E-16
 0.27981733E-16
 0.18404967E-16
 0.25941549E-16
 0.13456759E-16
-0.31521166E-16
-0.33955539E-16
 0.17865407E-16
 0.37822668E-17
-0.37059809E-17
-0.11178453E-15
-0.27290555E-16
-0.10095955E-15
 0.12884748E-16
-0.90048073E-17
 0.60329075E-16
-0.32262850E-16
 0.48645314E-16
 0.41930248E-17
 0.22764646E-16
 0.42851926E-17
 0.84630238E-17
 0.14437523E-15
 0.14337123E-15
 0.15771621E-17
 0.35168543E-16
 0.30053470E-16
-0.27169641E-17
 0.46695973E-16
-0.44179439E-16
-0.17961334E-17
 0.57674473E-16
 0.52105232E-17
 0.61545414E-17
-0.84562899E-16
 0.21328925E-16
 0.91839230E-16
-0.15596841E-16
 0.87595648E-16
-0.60161574E-16
-0.49237019E-16
 0.25211261E-16
-0.18013109E-16
-0.40022836E-16
 0.20420270E-16
-0.16941559E-16
-0.50517045E-17
-0.18140693E-16
 0.42352389E-16
 0.39838236E-16
 0.66606383E-16
 0.18490465E-16
 0.75947303E-16
 0.68587858E-16
-0.69235414E-16
 0.61268222E-16
-0.13966409E-16
 0.54547016E-16
 0.49710564E-16
 0.54680212E-17
-0.33669560E-17
 0.18690523E-16
-0.10618283E-15
-0.51237817E-16
-0.16785842E-15
-0.52947765E-16
 0.57425128E-16
 0.74232909E-16
 0.53975904E-16
-0.22860360E-17
 0.47620828E-16
-0.28092906E-17
-0.11067121E-16
 0.10813784E-15
-0.29282141E-16
 0.13810766E-16
 0.81017696E-16
-0.25399659E-16
-0.18865330E-16
-0.37575123E-16
-0.32386093E-16
 0.46018135E-16
-0.15327908E-16
-0.31386594E-16
-0.73407687E-16
 0.67184218E-16
-0.23491082E-16
 0.57166254E-16
-0.29728209E-16
 0.82094963E-16
-0.15472963E-16
-0.52077703E-17
-0.15722837E-16
-0.16373147E-16
-0.41301750E-16
-0.33380298E-16
-0.53406592E-16
-0.26707372E-16
 0.68019075E-16
-0.28178669E-16
 0.11052721E-17
-0.59573468E-16
-0.30541149E-16
-0.49163169E-16
 0.26453845E-16
 0.51096363E-16
-0.27828420E-16
 0.90510658E-16
-0.66447829E-16
-0.11794870E-15
 0.69261884E-16
-0.50940350E-16
-0.12503265E-17
 0.28777521E-16
 0.24646329E-16
 0.81550003E-16
 0.31012788E-16
-0.90496127E-16
 0.91541974E-16
-0.38938528E-16
-0.49025420E-16
 0.13891340E-17
-0.47366294E-16
-0.10806235E-15
 0.70430895E-16
 0.24446641E-16
 0.18445889E-16
-0.67160395E-16
 0.94293190E-16
-0.22627638E-16
-0.68106743E-17
 0.72927419E-16
-0.80265371E-17
 0.96170215E-16
 0.10935725E-15
 0.18497823E-16
 0.77404094E-16
 0.45229283E-16
 0.95731187E-16
-0.74803597E-18
 0.39343410E-16
 0.87722808E-16
 0.90375345E-16
 0.13769579E-16
 0.16121313E-16
-0.20949348E-16
-0.97371731E-18
 0.16385323E-16
-0.30575587E-16
-0.40200098E-16
 0.24950678E-16
-0.10153705E-16
-0.51131346E-16
 0.52395714E-16
 0.24093888E-16
-0.49825447E-16
-0.10672681E-16
 0.62757167E-16
-0.63282533E-16
 0.66962878E-16
 0.10313460E-16
-0.64150411E-16
 0.11789746E-16
 0.58233919E-16
 0.19606219E-16
-0.16802196E-16
 0.43205033E-17
-0.43253552E-16
 0.70879942E-16
-0.62796852E-16
 0.56520561E-16
 0.50676396E-16
 0.93588960E-17
 0.21988807E-16
-0.50875710E-16
-0.62676170E-17
 0.30018585E-16
 0.18800209E-16
 0.17768936E-16
 0.59476235E-16
-0.41690849E-16
-0.71502293E-16
 0.70668753E-17
-0.76422423E-16
 0.33123528E-16
 0.17019327E-16
 0.74204586E-17
-0.75076871E-16
-0.50981100E-16
-0.81940009E-16
-0.26513296E-16
-0.36077568E-16
 0.24291912E-16
 0.15465128E-16
-0.84712559E-17
 0.65439072E-16
 0.18954109E-16
 0.28742898E-16
 0.49062727E-16
 0.47056168E-16
-0.35705731E-16
-0.40367579E-16
 0.25071659E-16
-0.16607471E-17
 0.33827917E-16
 0.15760716E-16
 0.33892865E-16
 0.19085010E-16
-0.34364477E-16
-0.54623752E-16
 0.48238473E-16
 0.34380551E-16
-0.14764049E-16
-0.79563605E-16
-0.15995423E-16
 0.37489175E-16
-0.10350448E-15
-0.12665572E-15
-0.44115077E-16
-0.27096419E-17
-0.41447797E-16
-0.15476086E-17
 0.60424895E-16
-0.79250520E-18
 0.46737240E-16
-0.77861148E-16
 0.32964749E-16
-0.13532723E-16
-0.31648364E-16
 0.51721426E-16
-0.52995013E-17
 0.12574674E-16
 0.15772137E-16
-0.13453107E-16
 0.93279133E-16
-0.46724256E-16
 0.50184148E-16
-0.10362853E-16
 0.31713661E-16
-0.18581653E-17
 0.19057130E-16
 0.93044505E-16
-0.24875108E-16
 0.30941951E-16
-0.60633795E-16
-0.14504811E-16
 0.54336187E-17
-0.37079335E-17
-0.66970892E-17
-0.14811175E-16
 0.55798064E-17
-0.32888751E-16
-0.16628150E-17
-0.28665524E-16
 0.12104524E-15
-0.85313688E-17
 0.18965068E-16
 0.15309856E-16
 0.32857215E-16
 0.41960053E-16
-0.38819126E-16
-0.35281437E-16
-0.94630521E-17
-0.39043110E-16
-0.77049558E-17
 0.43166467E-16
 0.36136980E-16
-0.38135131E-16
-0.11251800E-16
 0.94199355E-16
 0.47917845E-16
 0.66047857E-16
 0.17689918E-16
-0.79747325E-18
 0.65685850E-16
 0.44320492E-16
 0.11289086E-16
-0.17242802E-16
-0.70760838E-16
-0.95858255E-17
-0.71971648E-16
-0.95750269E-16
 0.27938124E-16
-0.14854116E-15
-0.45527465E-16
-0.20532873E-16
-0.87279969E-16
-0.28034713E-16
 0.66241570E-16
-0.46023823E-16
 0.15219488E-16
-0.85179301E-16
-0.27349106E-16
-0.61868345E-17
 0.21690661E-16
-0.43299768E-16
 0.80510746E-17
 0.37996879E-16
-0.19961858E-16
 0.71543837E-16
 0.36307981E-16
-0.53766806E-17
 0.25310420E-17
 0.72127138E-16
 0.32641976E-16
 0.20054246E-16
-0.51518092E-16
 0.63813060E-16
-0.18698953E-16
 0.17089393E-16
 0.59865212E-18
 0.68203755E-17
-0.83201499E-17
-0.29989850E-16
-0.20140015E-16
 0.68865579E-16
 0.50515305E-16
-0.16666121E-16
-0.37981692E-16
-0.30781913E-16
 0.51305183E-17
-0.80891349E-17
-0.97635569E-17
 0.83483408E-16
 0.71222236E-16
-0.27559701E-16
-0.79011346E-16
 0.26021226E-16
-0.68667906E-16
-0.13810969E-16
 0.70365872E-17
-0.98639634E-18
 0.72934202E-16
-0.26424290E-16
 0.32055773E-16
 0.67550494E-16
-0.51364812E-16
 0.54755141E-16
-0.69034270E-16
-0.34955064E-17
-0.70101373E-16
-0.66894427E-17
-0.25073717E-16
 0.17401399E-16
 0.45910911E-16
-0.64751467E-17
 0.83915685E-16
-0.23755396E-16
 0.66670731E-16
-0.27080596E-16
-0.33680201E-16
-0.64352422E-16
-0.40767514E-16
 0.76537004E-17
 0.43647905E-16
 0.30579656E-16
 0.69684831E-16
-0.25819020E-16
-0.50761096E-17
 0.92694204E-16
 0.19681300E-16
 0.13343734E-16
-0.19304283E-15
 0.71051532E-16
 0.65287010E-16
-0.35881474E-17
 0.33882790E-16
 0.32047962E-16
-0.83758721E-16
-0.36233952E-16
-0.22378822E-16
-0.76585973E-17
 0.12853929E-15
 0.75100390E-17
 0.95258445E-16
 0.10524245E-16
 0.73363390E-16
-0.76399513E-16
-0.11874846E-16
 0.48802227E-16
-0.10743514E-16
-0.19247666E-16
-0.20292289E-16
 0.39431184E-16
 0.40534338E-16
 0.56474610E-16
-0.17681376E-16
-0.33316995E-16
-0.15369892E-16
 0.11066182E-15
-0.49269921E-17
-0.17688880E-16
-0.20826423E-17
 0.59874641E-16
 0.37931141E-16
-0.23922090E-16
-0.26409958E-17
-0.63320080E-17
-0.88212129E-17
-0.34802582E-16
-0.69245582E-16
-0.13325173E-15
-0.12493712E-15
-0.34519928E-16
 0.44008867E-16
-0.66637194E-16
 0.55907616E-17
 0.33255850E-16
 0.79335276E-16
-0.11126365E-15
 0.45048898E-16
-0.60594509E-16
 0.27997073E-16
 0.24145329E-16
-0.56881240E-17
 0.40700598E-16
-0.11812329E-15
-0.41687554E-16
-0.81051375E-17
 0.70042941E-17
-0.77015663E-16
-0.48521707E-16
-0.81466041E-16
-0.57480695E-16
 0.66852896E-16
 0.52241154E-16
-0.84006107E-16
 0.25635280E-16
 0.46554186E-16
 0.26132323E-16
-0.10559619E-16
 0.46816318E-16
-0.10934362E-16
-0.50237842E-16
 0.49695913E-16
-0.32307028E-17
 0.87176896E-17
-0.18474741E-16
 0.18568736E-16
-0.11253485E-16
-0.78294101E-16
 0.24248039E-17
-0.92324738E-16
 0.73975278E-16
 0.31191770E-16
-0.98892817E-17
-0.60770286E-16
 0.16457983E-16
 0.51986038E-16
-0.52792043E-16
-0.50690157E-17
-0.57554512E-16
 0.21108326E-18
 0.59245230E-16
-0.14135577E-16
-0.56814603E-16
 0.81228713E-16
-0.74467093E-16
 0.41012693E-16
 0.10972989E-16
-0.62153670E-16
 0.59487389E-17
-0.43571315E-16
-0.38519088E-17
-0.52084741E-16
-0.63429224E-16
-0.44989291E-16
-0.10431028E-15
-0.85987608E-17
-0.16504252E-16
 0.66713374E-17
-0.48019906E-16
 0.36555427E-16
 0.41385238E-16
 0.50970307E-17
 0.15130702E-16
-0.10133240E-15
-0.45906353E-16
-0.86405831E-17
-0.20420327E-16
 0.24960455E-16
-0.70866895E-16
-0.41253979E-16
 0.26727125E-16
 0.25393071E-16
-0.32312753E-16
-0.10157169E-16
-0.13979829E-16
-0.74298368E-16
-0.51419559E-16
 0.49685020E-16
 0.54368047E-16
 0.58966205E-16
 0.90661874E-16
 0.75959685E-16
-0.90421032E-17
 0.11294562E-16
 0.10447754E-17
 0.12532779E-16
-0.55528065E-16
 0.16981859E-16
-0.69530023E-17
-0.20076216E-16
 0.77577074E-16
-0.51473610E-16
-0.40046201E-16
-0.26826371E-16
 0.11905485E-16
 0.31388235E-16
-0.48506083E-16
-0.46718261E-16
 0.82294068E-16
-0.33347581E-16
 0.16186601E-16
 0.43154562E-16
 0.38565400E-16
-0.40564871E-16
 0.84732809E-16
-0.42315553E-16
 0.13858915E-17
 0.77659026E-16
 0.16911562E-16
-0.15970438E-15
 0.26643951E-16
-0.23863592E-16
-0.14790056E-16
 0.12601713E-16
 0.50524807E-16
 0.44139095E-16
 0.57624313E-17
 0.11155449E-15
 0.61015224E-16
-0.97518983E-16
 0.60582840E-16
-0.53397960E-16
-0.19782494E-16
-0.58817968E-17
-0.28211968E-16
-0.63102578E-16
 0.25344907E-16
-0.97453821E-17
-0.33928606E-16
-0.18942641E-16
-0.21128496E-16
-0.17881488E-16
-0.28575451E-18
 0.18489803E-17
-0.73096164E-17
-0.17278784E-16
-0.66778145E-16
 0.11554647E-15
 0.13165572E-17
 0.58914583E-17
 0.45664931E-16
-0.19675000E-16
 0.18995256E-16
-0.98512711E-16
 0.62442144E-16
 0.13411065E-15
 0.10240692E-15
 0.48732082E-16
 0.47128801E-16
 0.48791427E-16
-0.27084580E-16
 0.16523919E-16
-0.22190993E-16
 0.88617593E-16
-0.30421003E-16
-0.80563554E-17
 0.22132852E-16
-0.14494673E-16
-0.38249139E-16
-0.26397729E-16
-0.14056988E-16
-0.25176916E-16
-0.39964947E-16
 0.77182569E-17
 0.52975196E-16
-0.63470032E-17
 0.17419191E-16
-0.12943702E-16
 0.54541378E-17
-0.11197081E-16
 0.41876978E-16
 0.75765535E-16
 0.10187302E-15
 0.51163454E-16
 0.80656754E-16
 0.38667094E-16
 0.36547930E-16
 0.27077691E-16
-0.78092328E-16
 0.13626532E-15
-0.47172052E-16
-0.75233069E-16
-0.13059980E-15
-0.27000136E-16
-0.20297523E-16
-0.24095507E-16
 0.91878630E-16
-0.10255848E-16
 0.29252230E-16
-0.33469580E-16
-0.10116660E-15
-0.93726393E-16
 0.34398723E-16
-0.21349360E-16
-0.30088337E-16
-0.25791862E-16
-0.25783154E-17
-0.79755206E-16
 0.23821452E-16
-0.89976512E-16
-0.10736078E-15
-0.10472901E-16
-0.59291684E-16
-0.66956181E-16
-0.79305452E-16
 0.15628618E-17
-0.24178299E-16
-0.10716871E-15
 0.14469672E-15
-0.77077351E-18
-0.14873369E-18
-0.52214406E-16
 0.51512150E-16
-0.35573624E-16
-0.38467733E-16
-0.15754178E-16
 0.11802115E-15
-0.91876023E-16
-0.57846792E-17
-0.59563555E-17
 0.37300805E-16
-0.32180965E-16
 0.31932179E-16
-0.26141718E-16
 0.22719154E-16
 0.12969795E-16
 0.87709984E-16
-0.44949808E-16
-0.55200092E-16
 0.22687566E-16
-0.36997618E-16
-0.11139741E-16
-0.94866499E-17
-0.73441581E-16
-0.16216022E-16
 0.75585898E-16
-0.10755549E-15
-0.14255177E-16
-0.94979757E-17
-0.18765697E-16
 0.22047897E-16
 0.27765111E-16
-0.17508723E-16
 0.64413420E-16
 0.97645545E-17
 0.54535291E-16
 0.71573861E-16
-0.26696546E-16
-0.18707437E-16
 0.24329274E-16
 0.68865062E-16
-0.88162893E-16
 0.43106119E-16
 0.12971032E-16
-0.79228153E-17
-0.67082197E-16
-0.67496276E-16
 0.23153649E-16
-0.29754870E-16
 0.83813207E-17
 0.49912429E-16
 0.94458722E-16
 0.51117909E-17
 0.38497515E-16
 0.21674865E-16
 0.78744104E-17
-0.22355608E-16
-0.58565976E-17
 0.18977191E-16
-0.20460398E-16
 0.56343785E-16
 0.47175315E-16
 0.59554807E-16
 0.21134997E-16
-0.23240646E-16
 0.51738367E-16
-0.25040511E-16
-0.19816869E-15
-0.16634271E-17
 0.25736117E-16
 0.62094927E-17
-0.19155015E-16
 0.46446688E-17
-0.68106783E-16
 0.37355460E-17
 0.85793108E-16
 0.77596079E-16
-0.58755989E-16
-0.28281795E-16
 0.11178995E-16
-0.52732444E-16
-0.26549859E-17
 0.47204787E-16
-0.15971869E-15
-0.16358259E-15
-0.47963409E-16
-0.41696345E-16
-0.50356488E-16
-0.27064476E-16
-0.20481251E-16
 0.27838326E-16
 0.44823534E-16
 0.48250602E-16
-0.70841485E-16
-0.39241780E-16
 0.58585490E-16
-0.83560939E-16
 0.16319493E-16
 0.35001990E-17
-0.31380989E-16
-0.12022604E-16
-0.44568452E-16
-0.56473848E-16
 0.19266214E-16
-0.24578755E-16
-0.45409542E-16
-0.38020450E-16
-0.34127182E-16
-0.98549716E-16
 0.11498578E-16
 0.34225160E-17
 0.47763394E-17
-0.14500108E-15
 0.10620243E-15
 0.80923993E-16
 0.79261108E-18
 0.98307810E-17
-0.25913986E-16
-0.66624018E-16
 0.60732017E-16
-0.26698174E-16
 0.50148427E-16
 0.50537930E-16
-0.15110538E-17
-0.25404662E-16
-0.19159356E-17
-0.33856172E-16
 0.39502070E-16
 0.18441628E-16
 0.11102949E-15
 0.55281605E-17
 0.61748940E-16
-0.29374970E-17
-0.29230750E-16
 0.66491901E-16
-0.27047125E-16
 0.17899183E-16
 0.10934540E-15
 0.11281155E-16
 0.50342424E-16
-0.48225861E-16
 0.30429248E-16
-0.37921056E-16
-0.49139786E-16
 0.61595177E-17
 0.47985515E-16
-0.40408086E-16
-0.30695051E-16
 0.46429846E-16
 0.10522261E-15
 0.53636489E-16
-0.88879771E-16
 0.59640573E-16
 0.31861144E-16
 0.31811617E-16
-0.39851130E-17
 0.15279965E-16
 0.52522137E-16
-0.10464324E-15
 0.23991758E-16
 0.11442389E-15
-0.57810396E-17
 0.49911152E-16
 0.94540524E-17
-0.56347896E-16
 0.41249926E-16
 0.18865052E-16
 0.29960113E-16
 0.13457321E-16
-0.12279380E-17
-0.10325352E-16
 0.39259611E-16
 0.11091119E-16
-0.25030822E-16
 0.39928180E-16
 0.24038832E-16
-0.11043876E-16
 0.16158222E-16
-0.91697008E-17
-0.44936574E-16
-0.65754771E-16
-0.11574733E-15
-0.84363122E-16
-0.26833488E-16
 0.72411788E-16
 0.11939739E-15
-0.29503931E-16
-0.72710896E-17
-0.50689760E-16
-0.78394765E-16
-0.59235588E-16
-0.93864284E-16
 0.19806396E-16
-0.38103102E-16
-0.50755802E-19
 0.16768208E-17
-0.14819172E-16
-0.55303152E-16
-0.34159608E-16
-0.86353011E-16
 0.74474134E-16
 0.45005627E-16
 0.10575584E-16
-0.54074358E-16
 0.98800140E-17
 0.39740536E-17
 0.93113472E-16
 0.49068950E-17
-0.36912609E-16
-0.57757258E-17
 0.66722747E-16
-0.10376115E-15
 0.19596663E-16
-0.26834004E-17
 0.63315210E-16
-0.46970359E-16
 0.52753503E-16
-0.93250439E-16
 0.68061056E-16
-0.84615058E-16
-0.46694921E-16
 0.79020061E-16
-0.47612102E-17
 0.11389872E-15
-0.10526039E-17
 0.10016312E-15
 0.69190019E-17
 0.77645154E-16
-0.67376078E-16
-0.54680938E-16
 0.38612238E-16
-0.93779435E-16
-0.48303880E-16
-0.94549834E-16
-0.15809350E-16
-0.95134085E-16
-0.23285472E-16
-0.90183058E-17
-0.62589305E-16
-0.29770373E-17
 0.83054117E-16
-0.58880178E-16
-0.42973118E-16
-0.87989405E-16
-0.37657001E-16
 0.44972867E-16
-0.56943644E-16
-0.21853174E-16
 0.74721291E-16
-0.22525326E-16
-0.61685628E-16
-0.49011920E-16
-0.14672953E-16
-0.55371735E-17
 0.42492281E-16
 0.21735501E-16
 0.65733019E-16
-0.20739919E-16
-0.17807624E-16
 0.69571898E-16
-0.69980340E-16
 0.74676145E-16
 0.59775883E-16
 0.65316557E-16
 0.18750835E-16
 0.68988253E-16
 0.27479555E-16
 0.35238715E-16
-0.25754169E-17
 0.11035792E-15
 0.31976222E-16
-0.19800660E-16
 0.19274261E-16
-0.63986740E-16
-0.81716628E-16
 0.41434601E-16
-0.13026791E-16
-0.10880302E-15
-0.36252772E-16
-0.85007342E-16
 0.36932186E-16
-0.11826883E-16
 0.44154425E-16
-0.12847637E-16
 0.55030142E-16
-0.72604911E-16
-0.18988282E-16
 0.52833468E-16
-0.32564076E-16
 0.13278208E-16
 0.11667799E-16
 0.81527742E-16
 0.10316553E-15
-0.47636498E-16
 0.39490264E-16
 0.17897368E-17
 0.24247185E-16
-0.36880576E-17
 0.61516216E-16
-0.74037603E-16
-0.51887395E-16
-0.70452551E-16
 0.81774576E-16
 0.12411268E-15
 0.35926894E-16
-0.16665439E-16
-0.56855574E-16
 0.59067273E-16
-0.71026942E-16
 0.44919904E-16
-0.47254380E-17
-0.55429651E-16
 0.38167556E-16
-0.67385177E-17
-0.11855236E-15
-0.12204835E-16
-0.47431251E-16
-0.61649692E-16
-0.24724356E-16
 0.92203639E-16
 0.98206059E-16
 0.32682700E-16
 0.61216130E-16
 0.23553207E-17
 0.25320965E-16
 0.57754644E-16
-0.38210344E-16
 0.35356638E-16
-0.13508394E-15
 0.94143874E-16
 0.52543836E-16
 0.11073362E-15
 0.62447173E-16
-0.14146430E-16
 0.12287368E-16
-0.89467193E-16
 0.34700809E-16
 0.52692292E-16
-0.80849017E-16
-0.29177241E-17
-0.62749716E-16
 0.17480669E-16
-0.85512291E-16
 0.60305794E-16
 0.25486331E-16
-0.38540932E-16
 0.17657612E-15
 0.15167575E-15
 0.13515737E-16
 0.53569446E-16
 0.21709072E-16
-0.60549671E-16
 0.25728652E-16
-0.91369656E-16
-0.32769233E-16
 0.45054837E-16
-0.72074758E-16
-0.28015482E-16
-0.11077365E-15
 0.53511174E-17
 0.12619164E-15
 0.48507396E-16
-0.13881661E-16
-0.48026484E-16
 0.34428971E-16
-0.52003628E-16
-0.55764140E-16
 0.35046544E-16
-0.39348069E-16
-0.32151412E-16
 0.76249416E-16
 0.36979860E-16
-0.62507202E-16
-0.58156250E-16
-0.34526654E-16
 0.50709427E-16
 0.48395836E-16
-0.41426343E-16
 0.24308774E-16
-0.58353291E-17
 0.48265486E-16
 0.40318298E-16
-0.36232259E-16
-0.37238543E-16
 0.53507002E-16
-0.47095032E-17
 0.24902914E-16
-0.80949351E-17
 0.16484988E-16
 0.89153517E-16
 0.68585515E-17
 0.76124512E-16
 0.19585652E-16
-0.65600068E-16
-0.82742466E-16
 0.43056273E-16
-0.79465269E-16
-0.58219466E-16
 0.91129350E-16
-0.12738174E-16
 0.10330083E-15
-0.57768759E-16
 0.28046690E-16
-0.29974617E-16
 0.26078556E-17
-0.23759565E-16
-0.92874964E-16
 0.51455114E-16
 0.50911883E-16
 0.51735681E-16
 0.25677619E-16
-0.48731433E-16
 0.90623790E-17
-0.44330105E-16
 0.19727066E-17
 0.43391666E-16
 0.80587949E-16
-0.28854346E-16
 0.69009747E-16
 0.86613205E-16
 0.10646349E-15
-0.35834867E-16
-0.58648032E-17
 0.59589615E-16
-0.71147432E-16
-0.29926415E-16
 0.66331415E-17
 0.10741754E-16
-0.82892897E-16
-0.15317004E-16
 0.77962802E-16
 0.76248318E-17
 0.56510028E-16
 0.57871700E-16
 0.35312115E-16
 0.33269098E-16
 0.16111440E-16
-0.38276969E-16
 0.23811540E-16
-0.15737167E-16
 0.10516174E-15
 0.37326373E-16
-0.68299711E-16
 0.40795261E-16
 0.78712777E-16
 0.19323029E-16
-0.45481486E-16
 0.15057688E-16
-0.16006765E-16
 0.53595401E-16
-0.72230299E-16
 0.72448857E-16
 0.66322437E-16
 0.43435932E-16
 0.44093791E-16
 0.26459642E-16
 0.31474765E-16
-0.41792817E-16
-0.18095840E-16
-0.20222435E-16
 0.31773192E-16
-0.17121739E-16
 0.71931689E-16
-0.51809723E-16
 0.58810199E-16
 0.77138945E-16
 0.41226086E-17
 0.31070241E-16
 0.22021765E-17
 0.93237152E-18
 0.36442977E-16
 0.25774260E-16
 0.14860796E-16
 0.16260836E-16
-0.34395030E-17
 0.71665453E-16
-0.62566590E-16
-0.24344777E-17
 0.14402872E-15
 0.62096485E-16
 0.99113109E-16
 0.13848353E-16
 0.52706982E-16
-0.27851641E-16
-0.76849670E-17
 0.13774174E-15
-0.24850107E-16
-0.16195376E-16
 0.11989619E-16
-0.51802947E-17
 0.30739011E-16
-0.51822204E-16
-0.23005746E-17
-0.70035324E-16
 0.15416111E-15
 0.23976657E-16
 0.62932033E-16
 0.11334749E-15
 0.62747081E-16
 0.40167096E-16
-0.58115791E-17
-0.40687827E-16
 0.32906707E-16
 0.17721665E-16
 0.66960390E-16
 0.91079961E-16
 0.14629794E-16
 0.46505781E-16
-0.66113674E-16
-0.64254040E-16
 0.57894609E-16
 0.12633008E-15
-0.53583807E-16
 0.35597976E-16
 0.63785214E-16
-0.80145882E-16
 0.17820481E-16
 0.19143977E-16
-0.43394768E-16
 0.55607567E-16
-0.69922927E-16
 0.12159184E-16
 0.67773422E-17
-0.66525584E-16
-0.13502420E-16
 0.73683793E-17
-0.13433188E-16
 0.49834039E-16
-0.41676840E-16
 0.88652189E-17
 0.25022551E-16
-0.58949364E-16
-0.11018628E-16
 0.22445903E-15
-0.25151141E-16
-0.32585929E-16
-0.73266332E-17
-0.27669405E-16
 0.49063017E-16
-0.14521536E-16
 0.36862804E-16
-0.42754703E-16
-0.37364767E-16
-0.56955409E-16
-0.13090981E-15
-0.73862810E-16
-0.13537542E-15
 0.10777617E-16
 0.40456041E-16
-0.25476633E-16
 0.10513452E-15
-0.36006047E-17
 0.12799240E-15
 0.10874950E-16
 0.81223525E-16
-0.40706286E-17
 0.40817671E-16
 0.54128476E-16
 0.21246922E-16
-0.92870281E-17
 0.56978001E-16
 0.26028925E-16
-0.46301680E-16
 0.12462168E-15
 0.86290582E-16
-0.98313050E-16
-0.20909485E-16
 0.20846275E-17
 0.17459467E-17
-0.53495848E-16
-0.81188108E-16
-0.20638739E-16
-0.11741280E-16
-0.74052067E-16
-0.10769823E-15
-0.57948594E-16
-0.47422834E-16
-0.66463479E-16
-0.53120930E-16
-0.12566812E-15
 0.16074072E-15
 0.57370865E-17
-0.56226682E-16
-0.10510062E-15
-0.45769955E-16
-0.11615140E-15
 0.49891829E-17
-0.22772322E-16
-0.47102126E-16
-0.35080822E-16
 0.87032821E-16
-0.66784908E-18
-0.12784099E-15
-0.19993472E-16
-0.32954664E-16
-0.68454026E-17
-0.28388984E-16
 0.67887878E-16
 0.65884856E-16
-0.78039098E-16
-0.10176021E-15
 0.29751453E-16
 0.12644607E-15
 0.36082611E-17
-0.33167110E-16
-0.15647812E-16
 0.56067928E-16
-0.48628479E-16
 0.16398240E-16
-0.21720360E-16
 0.30800183E-16
 0.47211072E-16
 0.34367888E-16
 0.11643528E-15
-0.37658049E-16
 0.14662358E-16
 0.57336242E-16
-0.81153009E-16
-0.53995217E-16
 0.60107926E-16
 0.26636915E-16
 0.23021833E-16
 0.10293171E-17
-0.39819157E-16
-0.46866715E-16
 0.73617311E-16
 0.11209888E-15
 0.65051032E-16
 0.44516743E-17
 0.49454826E-16
 0.92934073E-18
-0.73615365E-16
-0.36921882E-16
 0.10099146E-15
-0.81714360E-17
 0.40611590E-16
 0.84752634E-16
 0.31420687E-16
-0.44226462E-16
 0.18394720E-16
 0.47780811E-16
-0.83588652E-16
 0.29430160E-17
-0.56188036E-16
 0.18422273E-16
 0.16241857E-18
 0.14802033E-15
-0.10023282E-15
-0.60426919E-16
 0.40715709E-16
-0.65263280E-16
-0.24614566E-16
 0.74961145E-16
 0.75783098E-16
-0.11995889E-17
 0.73814594E-16
-0.64476925E-17
-0.34748627E-16
-0.34402809E-16
 0.58470684E-17
 0.14722597E-16
-0.15863542E-16
 0.56986884E-16
-0.13936260E-16
 0.78989677E-16
-0.15514047E-16
-0.13278300E-16
-0.37324540E-18
-0.43007648E-16
-0.22651026E-17
-0.41833252E-16
 0.74822027E-17
 0.33675606E-16
-0.56102698E-17
-0.94428593E-16
 0.18825413E-16
-0.83876164E-16
-0.61200289E-16
 0.35056246E-16
 0.19709544E-16
 0.66518165E-16
-0.19875709E-16
-0.47501890E-16
 0.40256019E-16
-0.17298283E-16
-0.51751814E-16
-0.30709709E-16
 0.37784393E-16
 0.67985214E-16
 0.11037547E-16
 0.35430842E-17
-0.46416558E-16
-0.11337007E-15
 0.10219003E-16
-0.14016807E-17
-0.52500161E-18
 0.36167063E-16
-0.29737123E-16
 0.82433141E-16
-0.24774013E-16
 0.30420157E-16
 0.22582739E-16
-0.22206080E-16
 0.24444100E-16
 0.55787072E-16
 0.32694942E-16
-0.69060396E-16
-0.31830969E-17
-0.84965054E-16
 0.86459565E-17
 0.58265061E-16
-0.12817172E-16
-0.28786858E-17
-0.32953076E-16
 0.63258672E-16
-0.35872573E-16
-0.18143869E-16
-0.20460822E-16
-0.14480564E-16
-0.22981171E-16
 0.58369881E-17
-0.70316281E-16
-0.37820974E-16
 0.15371430E-15
-0.38712695E-16
 0.96903969E-17
-0.13622566E-16
 0.45517784E-16
 0.28559992E-16
-0.69615696E-16
-0.86008361E-16
-0.45397737E-16
 0.14051680E-16
 0.37626558E-16
 0.18917573E-16
-0.98510373E-16
-0.38575491E-16
-0.15004050E-16
-0.23906961E-16
 0.20975893E-16
 0.10563895E-15
-0.94867796E-16
 0.31145422E-16
-0.66610873E-16
 0.34023424E-16
