         1
         6
        12
        16
        21
        27
        31
        35
        41
        47
        52
        58
        64
        70
        76
        82
        88
        92
        96
       101
       106
       111
       116
       121
       126
       131
       136
       141
       146
       151
       156
       161
       165
       169
       173
       177
       181
       185
       190
       196
       201
       207
       213
       219
       223
       229
       235
       241
       247
       253
       259
       265
       271
       277
       282
       288
       293
       297
       304
       310
       316
       322
       327
       332
       338
       342
       347
       352
       357
       362
       369
       375
       381
       385
       391
       397
       403
       407
       413
       417
       421
       425
       429
       435
       439
       443
       450
       454
       458
       462
       468
       474
       480
       486
       491
       497
       501
       505
       509
       513
       519
       525
       530
       534
       538
       544
       551
       557
       564
       570
       575
       580
       587
       593
       599
       605
       611
       616
       622
       628
       634
       641
       646
       652
       659
       664
       670
       676
       682
       688
       692
       696
       700
       704
       710
       716
       722
       729
       735
       741
       746
       750
       754
       760
       765
       769
       773
       780
       787
       793
       800
       804
       809
       813
       817
       821
       827
       834
       841
       847
       853
       860
       866
       872
       878
       884
       889
       893
       897
       901
       907
       914
       920
       927
       933
       939
       946
       953
       959
       964
       969
       974
       979
       983
       987
       992
       997
      1003
      1009
      1015
      1021
      1027
      1033
      1039
      1043
      1049
      1055
      1059
      1065
      1071
      1075
      1080
      1085
      1090
      1095
      1100
      1105
      1109
      1113
      1117
      1121
      1125
      1129
      1133
      1137
      1144
      1150
      1156
      1161
      1167
      1173
      1179
      1185
      1191
      1196
      1200
      1206
      1211
      1215
      1221
      1227
      1234
      1239
      1244
      1249
      1254
      1261
      1267
      1271
      1275
      1279
      1285
      1291
      1297
      1301
      1305
      1309
      1313
      1317
      1321
      1325
      1329
      1333
      1337
      1341
      1345
      1350
      1356
      1362
      1368
      1374
      1380
      1387
      1391
      1395
      1399
      1403
      1407
      1411
      1417
      1423
      1430
      1434
      1438
      1443
      1449
      1455
      1461
      1466
      1472
      1479
      1483
      1487
      1492
      1498
      1504
      1510
      1516
      1522
      1528
      1534
      1540
      1547
      1551
      1555
      1559
      1563
      1567
      1571
      1576
      1582
      1588
      1592
      1596
      1600
      1604
      1608
      1612
      1616
      1620
      1627
      1632
      1638
      1644
      1650
      1656
      1660
      1665
      1670
      1675
      1681
      1685
      1689
      1693
      1699
      1704
      1708
      1715
      1719
      1723
      1727
      1731
      1736
      1740
      1744
      1748
      1752
      1756
      1760
      1764
      1768
      1772
      1776
      1782
      1789
      1795
      1802
      1808
      1812
      1816
      1820
      1824
      1828
      1832
      1836
      1840
      1844
      1848
      1852
      1856
      1860
      1864
      1868
      1873
      1879
      1884
      1889
      1894
      1899
      1904
      1910
      1916
      1920
      1924
      1930
      1936
      1940
      1945
      1951
      1957
      1963
      1969
      1975
      1981
      1987
      1993
      1999
      2005
      2009
      2013
      2018
      2023
      2028
      2033
      2038
      2043
      2048
      2053
      2058
      2063
      2068
      2073
      2078
      2083
      2087
      2091
      2095
      2099
      2105
      2111
      2117
      2123
      2129
      2135
      2141
      2146
      2150
      2156
      2162
      2168
      2174
      2180
      2186
      2192
      2198
      2204
      2210
      2216
      2222
      2228
      2234
      2241
      2247
      2253
      2259
      2265
      2270
      2276
      2281
      2287
      2293
      2299
      2304
      2309
      2314
      2320
      2326
      2332
      2338
      2344
      2350
      2356
      2362
      2368
      2373
      2379
      2385
      2391
      2397
      2403
      2410
      2416
      2423
      2429
      2436
      2442
      2448
      2453
      2457
      2463
      2469
      2475
      2481
      2487
      2492
      2499
      2503
      2509
      2515
      2521
      2527
      2533
      2539
      2546
      2553
      2559
      2564
      2570
      2575
      2580
      2586
      2593
      2599
      2605
      2611
      2618
      2624
      2630
      2636
      2643
      2649
      2655
      2661
      2668
      2674
      2680
      2686
      2692
      2697
      2701
      2707
      2713
      2719
      2725
      2731
      2737
      2743
      2750
      2756
      2762
      2767
      2771
      2778
      2784
      2791
      2798
      2804
      2810
      2816
      2822
      2829
      2835
      2840
      2844
      2850
      2856
      2862
      2869
      2875
      2881
      2887
      2893
      2899
      2906
      2912
      2918
      2924
      2930
      2937
      2944
      2950
      2956
      2962
      2968
      2973
      2978
      2984
      2990
      2996
      3000
      3004
      3010
      3014
      3019
      3025
      3031
      3036
      3040
      3044
      3049
      3054
      3059
      3064
      3068
      3072
      3076
      3080
      3084
      3088
      3092
      3096
      3102
      3108
      3114
      3119
      3123
      3129
      3135
      3141
      3147
      3151
      3157
      3163
      3167
      3171
      3176
      3181
      3186
      3192
      3198
      3203
      3208
      3212
      3218
      3222
      3226
      3230
      3234
      3238
      3242
      3246
      3250
      3254
      3258
      3262
      3266
      3270
      3274
      3278
      3282
      3288
      3294
      3300
      3304
      3308
      3312
      3316
      3320
      3326
      3331
      3337
      3342
      3346
      3352
      3358
      3362
      3366
      3370
      3374
      3378
      3384
      3388
      3392
      3396
      3400
      3404
      3408
      3412
      3416
      3420
      3424
      3429
      3433
      3440
      3446
      3452
      3456
      3460
      3464
      3468
      3472
      3476
      3480
      3484
      3488
      3492
      3496
      3500
      3504
      3508
      3512
      3517
      3521
      3525
      3529
      3533
      3537
      3541
      3545
      3549
      3553
      3557
      3561
      3565
      3569
      3573
      3577
      3582
      3587
      3593
      3600
      3606
      3612
      3616
      3620
      3624
      3628
      3632
      3638
      3645
      3649
      3654
      3659
      3663
      3667
      3671
      3675
      3681
      3688
      3695
      3701
      3705
      3709
      3713
      3717
      3721
      3725
      3729
      3733
      3737
      3741
      3745
      3749
      3753
      3759
      3765
      3772
      3776
      3782
      3788
      3794
      3800
      3807
      3813
      3819
      3825
      3832
      3839
      3845
      3852
      3858
      3862
      3867
      3871
      3875
      3879
      3883
      3887
      3891
      3895
      3899
      3905
      3910
      3916
      3922
      3928
      3932
      3937
      3942
      3949
      3955
      3961
      3965
      3971
      3976
      3980
      3986
      3992
      3998
      4004
      4010
      4016
      4021
      4027
      4031
      4036
      4041
      4046
      4051
      4056
      4061
      4066
      4071
      4076
      4081
      4086
      4091
      4095
      4099
      4103
      4107
      4111
      4115
      4121
      4127
      4133
      4139
      4145
      4152
      4157
      4163
      4169
      4175
      4181
      4187
      4193
      4199
      4204
      4210
      4216
      4221
      4226
      4233
      4239
      4245
      4251
      4255
      4260
      4265
      4270
      4276
      4283
      4289
      4293
      4300
      4306
      4310
      4316
      4321
      4326
      4332
      4338
      4342
      4346
      4350
      4354
      4358
      4362
      4366
      4372
      4378
      4383
      4389
      4393
      4397
      4401
      4407
      4413
      4418
      4424
      4430
      4437
      4443
      4447
      4451
      4458
      4464
      4470
      4476
      4482
      4488
      4492
      4498
      4503
      4507
      4511
      4517
      4523
      4529
      4535
      4541
      4546
      4552
      4558
      4563
      4567
      4574
      4580
      4587
      4593
      4599
      4603
      4608
      4614
      4618
      4624
      4631
      4638
      4644
      4650
      4656
      4663
      4669
      4677
      4683
      4688
      4692
      4696
      4701
      4707
      4713
      4717
      4721
      4725
      4729
      4733
      4737
      4741
      4747
      4753
      4758
      4764
      4771
      4778
      4784
      4790
      4797
      4802
      4807
      4813
      4819
      4826
      4833
      4839
      4845
      4849
      4854
      4858
      4862
      4866
      4870
      4874
      4878
      4882
      4886
      4890
      4894
      4898
      4905
      4912
      4919
      4923
      4929
      4935
      4940
      4945
      4950
      4955
      4960
      4964
      4970
      4975
      4981
      4985
      4990
      4996
      5002
      5008
      5014
      5020
      5026
      5033
      5039
      5044
      5050
      5054
      5059
      5064
      5069
      5074
      5079
      5084
      5089
      5094
      5099
      5104
      5108
      5112
      5116
      5120
      5126
      5132
      5138
      5143
      5148
      5154
      5158
      5164
      5170
      5176
      5182
      5188
      5194
      5200
      5206
      5212
      5218
      5224
      5230
      5236
      5242
      5248
      5254
      5259
      5265
      5271
      5277
      5283
      5287
      5292
      5297
      5303
      5307
      5313
      5319
      5325
      5331
      5336
      5340
      5345
      5351
      5357
      5364
      5371
      5377
      5381
      5385
      5389
      5395
      5401
      5407
      5413
      5419
      5425
      5432
      5438
      5444
      5450
      5456
      5461
      5467
      5471
      5475
      5480
      5487
      5493
      5500
      5504
      5508
      5513
      5518
      5526
      5532
      5538
      5544
      5549
      5553
      5557
      5561
      5568
      5574
      5581
      5587
      5593
      5598
      5604
      5610
      5616
      5622
      5628
      5634
      5640
      5646
      5653
      5659
      5665
      5671
      5676
      5682
      5688
      5694
      5700
      5707
      5712
      5718
      5724
      5731
      5736
      5741
      5747
      5753
      5757
      5763
      5769
      5775
      5781
      5787
      5793
      5799
      5806
      5813
      5819
      5825
      5831
      5838
      5842
      5846
      5850
      5856
      5861
      5867
      5873
      5879
      5884
      5888
      5892
      5896
      5900
      5904
      5908
      5914
      5921
      5928
      5935
      5942
      5948
      5953
      5957
      5964
      5968
      5974
      5981
      5987
      5992
      5996
      6003
      6007
      6011
      6018
      6023
      6027
      6031
      6035
      6039
      6045
      6049
      6054
      6059
      6065
      6071
      6075
      6079
      6084
      6090
      6096
      6102
      6107
      6113
      6117
      6121
      6127
      6132
      6137
      6142
      6147
      6152
      6157
      6162
      6167
      6172
      6177
      6181
      6185
      6189
      6193
      6197
      6201
      6205
      6211
      6216
      6222
      6226
      6232
      6238
      6244
      6250
      6256
      6262
      6266
      6272
      6277
      6281
      6285
      6291
      6296
      6301
      6306
      6310
      6317
      6323
      6327
      6333
      6339
      6343
      6347
      6351
      6355
      6361
      6366
      6370
      6374
      6378
      6382
      6388
      6394
      6400
      6406
      6412
      6416
      6423
      6429
      6433
      6437
      6441
      6445
      6449
      6453
      6460
      6467
      6474
      6480
      6484
      6490
      6496
      6500
      6504
      6508
      6512
      6516
      6520
      6524
      6530
      6536
      6542
      6548
      6552
      6556
      6560
      6564
      6570
      6575
      6581
      6585
      6589
      6593
      6599
      6605
      6611
      6616
      6622
      6627
      6632
      6639
      6645
      6650
      6654
      6660
      6664
      6668
      6672
      6676
      6680
      6684
      6688
      6692
      6696
      6700
      6705
      6709
      6715
      6720
      6725
      6731
      6737
      6743
      6750
      6756
      6763
      6770
      6776
      6781
      6786
      6790
      6794
      6798
      6802
      6806
      6811
      6817
      6821
      6825
      6829
      6833
      6839
      6846
      6852
      6858
      6865
      6872
      6878
      6883
      6888
      6893
      6897
      6901
      6907
      6913
      6919
      6925
      6930
      6935
      6941
      6945
      6949
      6954
      6959
      6964
      6969
      6974
      6979
      6983
      6987
      6991
      6995
      6999
      7003
      7007
      7013
      7017
      7023
      7027
      7033
      7039
      7045
      7051
      7057
      7063
      7069
      7075
      7079
      7085
      7089
      7094
      7099
      7104
      7108
      7115
      7119
      7123
      7129
      7135
      7140
      7144
      7148
      7152
      7156
      7160
      7164
      7168
      7172
      7176
      7182
      7187
      7191
      7195
      7201
      7205
      7209
      7215
      7221
      7225
      7229
      7233
      7238
      7244
      7248
      7252
      7256
      7262
      7266
      7270
      7277
      7283
      7289
      7293
      7298
      7302
      7306
      7311
      7315
      7319
      7325
      7329
      7333
      7338
      7344
      7348
      7352
      7356
      7361
      7365
      7369
      7373
      7378
      7383
      7389
      7395
      7401
      7407
      7414
      7420
      7426
      7432
      7436
      7440
      7444
      7448
      7452
      7456
      7460
      7465
      7469
      7475
      7481
      7487
      7492
      7496
      7500
      7504
      7510
      7515
      7519
      7523
      7527
      7531
      7535
      7541
      7547
      7554
      7560
      7567
      7573
      7580
      7586
      7592
      7598
      7604
      7610
      7614
      7618
      7622
      7626
      7630
      7634
      7638
      7642
      7646
      7650
      7654
      7658
      7662
      7666
      7670
      7674
      7678
      7685
      7692
      7699
      7705
      7711
      7717
      7723
      7730
      7736
      7742
      7749
      7756
      7760
      7766
      7770
      7774
      7778
      7782
      7786
      7790
      7794
      7800
      7806
      7810
      7817
      7823
      7829
      7834
      7839
      7845
      7851
      7857
      7863
      7870
      7876
      7883
      7889
      7895
      7902
      7909
      7914
      7920
      7926
      7932
      7936
      7942
      7948
      7954
      7960
      7966
      7972
      7978
      7982
      7988
      7993
      7997
      8001
      8005
      8009
      8013
      8017
      8024
      8028
      8033
      8037
      8040
      8044
      8047
      8051
      8057
      8062
      8066
      8070
      8075
      8079
      8082
      8086
      8091
      8095
      8098
      8101
      8105
      8109
      8114
      8119
      8123
      8126
      8131
      8136
      8141
      8145
      8148
      8152
      8157
      8160
      8165
      8169
      8174
      8177
      8181
      8185
      8189
      8193
      8196
      8199
      8202
      8206
      8208
      8211
      8214
      8217
      8220
      8224
      8228
      8232
      8236
      8241
      8245
      8248
      8252
      8257
      8261
      8266
      8270
      8273
      8277
      8281
      8285
      8289
      8294
      8297
      8301
      8306
      8310
      8314
      8318
      8323
      8327
      8331
