         1        83
         1        13
         1      1462
       328         1
       329         1
      1463         2
        14         2
        65         2
         2      1357
         2      1400
         2      1372
         3       323
         3        76
      1435         3
         3        15
      1439         3
      1454         3
      1327         4
      1328         4
         4      1326
       125         4
         4      1302
         4        16
       326         5
         5       325
        26         5
         5        72
         5        80
         6       130
       647         6
         6        89
        40         6
       649         6
         7        94
         7        92
        27         7
      1469         7
         7      1465
       149         8
         8        86
         8       637
       648         8
         8        48
         9      1305
         9        17
         9      1307
        41         9
        78         9
      1306         9
        83        10
      1462        10
        10        68
      1466        10
        10        49
        10      1468
        66        11
        65        11
        11      1357
        28        11
        11      1358
        11      1382
      1397        12
        12      1402
        50        12
        12      1331
        12        29
        51        12
        13        83
       328        13
        13        39
        13       123
       330        13
        14      1463
        14        65
      1464        14
        42        14
        94        14
        15        76
      1454        15
        15        63
        15        40
       638        15
       125        16
        16      1302
        16        78
        16      1306
        43        16
        17      1305
        41        17
        17      1318
        64        17
        17       639
        71        18
       145        18
        18       157
        18       120
        19       640
       114        19
        96        19
        75        19
        19        64
        19       642
        20      1329
        20      1328
        70        20
        20       125
       126        20
        44        20
       331        21
        21       333
        21       155
        45        21
        21       103
        67        21
        22       645
       641        22
       130        22
        22        84
       128        22
        22        46
       333        23
       327        23
       155        23
        23        47
        23       121
        23        85
       644        24
        48        24
        24       112
        87        24
        24       114
        24       646
        25      1399
        25      1401
       138        25
       139        25
        25        74
       118        25
        26        72
       326        26
       322        26
       323        26
        76        26
        26        77
        27        92
        27      1469
      1467        27
        93        27
        49        27
        66        28
        28      1382
       107        28
       139        28
        28      1401
        29      1331
        51        29
        29      1330
        29        70
        69        29
        30        51
        30       116
       159        30
       151        30
        50        30
        31        90
        31        91
        77        31
        72        31
        31        81
        32       111
        32       110
        91        32
        90        32
        73        32
        33       145
       142        33
        33        88
       135        33
        33       136
        98        34
        34       126
        34       124
       127        34
       115        34
        35       151
        35        99
        35        74
       117        35
       118        35
        36       153
        36       150
       104        36
       103        36
        36       156
        37       149
        84        37
        37       148
        95        37
        37       119
       101        38
        38       106
        38        82
        93        38
        38        92
        39        83
       123        39
        39       105
        39       102
        40        89
       649        40
        40        63
       638        40
        78        41
        41        64
        79        41
        75        41
        94        42
        42        65
        92        42
        82        42
        42        66
        43       125
        43        78
        79        43
       124        43
       126        43
        44       126
        44        70
        98        44
        69        44
        45       331
        45        67
       332        45
        80        45
        81        45
       128        46
        46        84
        46       131
        46        95
        47       121
       327        47
        47       123
       324        47
        47       122
       637        48
        86        48
        48       644
        48        87
        68        49
      1468        49
        49        93
        49      1467
        50      1397
        50        51
       151        50
      1398        50
        51        69
       116        51
        52       160
        52       158
        52       143
       154        52
       120        52
       144        52
        53       113
        53        87
        53       132
        86        53
       148        53
       147        53
        54       118
        54       117
       137        54
       140        54
        54       138
       141        54
       122        55
        55       108
        55       100
       121        55
        55       136
       135        55
       159        56
       160        56
        56       134
       158        56
        56       115
        56       116
        57       152
        57       153
        57       129
       111        57
       131        57
       110        57
        58       146
       157        58
       152        58
       129        58
        58       147
       119        58
        59       134
       158        59
       154        59
        59       133
       146        59
       132        59
        60        97
       127        60
       133        60
       113        60
        60        96
        60       112
        61       101
        61       106
        61       109
       105        61
       102        61
       108        61
        62       139
        62       107
       106        62
        62       138
       109        62
       140        62
        76        63
        63        89
        63        91
        63        77
        64       639
        75        64
        64       642
        65      1357
        66        65
       107        66
        82        66
        67       103
        81        67
        67       104
        90        67
        83        68
        68        93
        68       101
       102        68
        69        70
        69        98
       116        69
        70      1329
        70      1330
        71       145
        71       157
       150        71
       153        71
       152        71
        72        80
        77        72
        72        81
        73       110
        91        73
        73       128
        89        73
        74      1399
       118        74
        74       151
        74      1398
        96        75
        79        75
        97        75
       323        76
        76        77
        77        91
        78      1306
        79        78
       124        79
        97        79
       325        80
        80       332
        80        81
        81        90
       106        82
        92        82
        82       107
      1462        83
        83       102
       645        84
        84       149
        84        95
        84       643
       155        85
        85       121
       156        85
        85       142
        85       135
       149        86
        86        87
       148        86
        87       112
        87       113
       145        88
       136        88
        88       141
        88       137
        88       144
        89       130
        89        91
        89       128
        91        90
        90       111
        90       104
        92        94
        93        92
       101        93
      1465        94
        94      1464
        95       119
       131        95
        95       129
        96       114
        97        96
       112        96
       127        97
        97       124
        98       126
       115        98
       116        98
        99       151
       117        99
        99       159
        99       160
       143        99
       108       100
       136       100
       100       109
       100       140
       100       141
       101       106
       102       101
       105       102
       103       155
       104       103
       103       156
       104       153
       111       104
       123       105
       105       108
       122       105
       109       106
       106       107
       107       139
       122       108
       108       109
       109       140
       110       111
       110       131
       128       110
       111       153
       112       114
       113       112
       132       113
       113       133
       114       640
       114       646
       115       127
       116       115
       134       115
       159       116
       118       117
       137       117
       143       117
       138       118
       119       148
       129       119
       119       147
       157       120
       145       120
       120       144
       120       154
       121       122
       121       135
       123       122
       330       123
       324       123
       124       126
       127       124
       125      1328
       126       125
       133       127
       134       127
       130       128
       128       131
       129       152
       131       129
       647       130
       130       641
       147       132
       132       133
       146       132
       134       133
       158       134
       142       135
       135       136
       136       141
       141       137
       144       137
       137       143
       138       139
       140       138
       139      1401
       141       140
       142       145
       156       142
       150       142
       143       160
       144       143
       145       144
       150       145
       157       146
       147       146
       146       154
       148       147
       149       148
       149       648
       643       149
       153       150
       156       150
       151       159
       151      1398
       153       152
       152       157
       154       158
       157       154
       333       155
       155       156
       160       158
       160       159
       264       161
       216       161
       161      1473
       161      1475
      1434       162
       176       162
      1435       162
       162       323
       162       262
       162       322
       163      1339
      1375       163
       163      1338
       163       329
       177       163
       207       163
       164       187
       164       231
      1428       164
       164      1429
      1426       164
      1427       164
       165       208
       178       165
      1461       165
       165      1436
       165       280
       166      1442
       166       274
       166       215
       280       166
      1436       166
       167       288
       247       167
       188       167
       167      1390
      1341       167
       167      1340
      1457       168
       168      1448
      1446       168
       212       168
       168       230
       168       229
       169       333
       211       169
       169       327
       238       169
       169       295
       170       274
      1442       170
       170       205
      1451       170
       170       179
      1450       171
      1456       171
      1449       171
       171       204
       171       303
       171       227
       172      1474
       172      1476
       216       172
       239       172
       172      1473
       240       172
       173      1375
      1392       173
       268       173
      1368       173
       173       207
       189       173
      1443       174
       174      1472
       230       174
       174      1471
       174       180
       206       174
       175      1343
      1344       175
       175      1342
       190       175
       175       234
       214       175
      1434       176
       176       262
       176       244
      1430       176
       204       176
       177       329
       207       177
       177       328
       237       177
       228       177
       178       208
       178      1461
       231       178
      1429       178
      1451       179
       179       205
       179      1437
      1438       179
       179       255
       180      1471
       206       180
       240       180
       180      1470
       180      1476
       181       291
       261       181
       181       209
       181       326
       262       181
       322       181
       182       210
       250       182
       182      1367
       182      1386
       287       182
       288       182
       332       183
       319       183
       258       183
       183       232
       183       211
       183       331
       184      1446
       184       212
      1455       184
       184       242
       184       236
       255       184
      1437       184
       264       185
       185      1388
       246       185
       185      1346
       185       213
       233       185
       186       330
       186       237
       186       324
       296       186
       243       186
       295       186
       187       231
      1426       187
       187       302
       187       245
       303       187
       188       247
       188      1341
       248       188
      1342       188
       234       188
       268       189
       189       207
       189       228
       257       189
       190      1344
       190       214
      1345       190
       321       190
       270       190
       191       270
       191       275
       320       191
       315       191
       191       321
       297       192
       298       192
       192       243
       192       296
       192       256
       286       193
       193       287
       307       193
       193       266
       193       250
       194       273
       194       318
       278       194
       272       194
       194       271
       195       228
       195       237
       243       195
       257       195
       256       195
       196       312
       317       196
       311       196
       196       289
       196       305
       197       261
       244       197
       252       197
       197       292
       197       283
       311       198
       251       198
       198       289
       198       309
       198       310
       302       199
       245       199
       199       300
       199       269
       199       304
       200       241
       242       200
       200       239
       236       200
       200       235
       201       319
       314       201
       201       258
       313       201
       201       284
       202       287
       286       202
       248       202
       202       247
       276       202
       279       203
       249       203
       203       278
       203       272
       203       253
      1449       204
       204       227
       204       244
      1430       204
       274       205
       205       255
       205       249
       205       254
       230       206
       206       240
       235       206
       229       206
       207      1375
       228       207
       208       280
       231       208
       245       208
       208       282
       208       269
       291       209
       326       209
       209       314
       209       319
       209       325
       250       210
       210      1367
       210      1368
       210       268
       267       210
       211       333
       211       238
       232       211
       331       211
      1446       212
       212       229
       212       236
       213      1346
       233       213
       213      1345
       315       213
       213       321
       214       234
       270       214
       214       248
       277       214
       215       274
       280       215
       215       281
       215       279
       282       215
       216       264
       216      1473
       239       216
       265       216
       241       216
       217       316
       217       318
       299       217
       279       217
       217       278
       281       217
       218       276
       218       277
       218       308
       309       218
       310       218
       275       218
       266       219
       219       267
       294       219
       219       257
       298       219
       219       256
       220       299
       220       281
       220       301
       282       220
       304       220
       269       220
       221       307
       221       308
       221       306
       309       221
       305       221
       289       221
       299       222
       222       316
       293       222
       301       222
       222       317
       222       311
       242       223
       223       241
       254       223
       223       265
       223       263
       253       223
       224       293
       224       301
       224       290
       283       224
       300       224
       304       224
       225       259
       290       225
       225       313
       225       314
       291       225
       292       225
       226       260
       226       306
       226       285
       312       226
       305       226
       284       226
       303       227
       227       244
       227       252
       227       302
       228       237
       257       228
       229       230
       229       235
       236       229
      1448       230
       230      1443
      1429       231
       231       245
       258       232
       232       238
       232       297
       285       232
       246       233
       233       315
       273       233
       271       233
       234      1342
       234       248
       235       239
       236       235
       235       240
       242       236
       237       328
       237       330
       243       237
       238       295
       297       238
       238       296
       239       240
       241       239
       240      1476
       242       241
       241       265
       255       242
       254       242
       296       243
       256       243
       244       262
       244       261
       244       252
       302       245
       245       269
       246       264
       271       246
       265       246
       263       246
       247       288
       248       247
       247       287
       276       248
       277       248
       279       249
       249       253
       274       249
       249       254
       287       250
       266       250
       250       267
       311       251
       251       310
       251       320
       318       251
       316       251
       252       283
       302       252
       252       300
       253       272
       254       253
       253       263
       255       254
      1437       255
       298       256
       256       257
       257       268
       267       257
       319       258
       284       258
       258       285
       290       259
       259       313
       259       312
       259       317
       293       259
       306       260
       285       260
       260       294
       260       297
       260       298
       261       291
       262       261
       261       292
       262       322
       263       265
       263       271
       272       263
       264      1475
       264      1388
       265       264
       307       266
       266       267
       294       266
       267       268
       268      1368
       269       304
       269       282
       321       270
       275       270
       270       277
       271       273
       272       271
       278       272
       318       273
       273       315
       273       320
      1442       274
       274       279
       320       275
       310       275
       275       277
       276       286
       277       276
       308       276
       278       318
       279       278
       281       279
      1436       280
       280       282
       282       281
       281       299
       283       292
       300       283
       283       290
       313       284
       312       284
       284       285
       285       297
       286       287
       307       286
       308       286
       287       288
       288      1390
       288      1386
       311       289
       289       305
       289       309
       290       293
       292       290
       291       314
       292       291
       301       293
       293       317
       294       298
       306       294
       307       294
       295       327
       296       295
       295       324
       297       296
       297       298
       299       316
       301       299
       302       300
       300       304
       304       301
       303       302
      1456       303
      1426       303
       312       305
       305       306
       306       307
       308       307
       309       308
       310       309
       320       310
       317       311
       316       311
       317       312
       313       312
       314       313
       314       319
       320       315
       315       321
       316       318
       318       320
       319       332
       325       319
       321      1345
       322       326
       323       322
      1435       323
       327       324
       324       330
       326       325
       325       332
       333       327
       328       329
       330       328
       329      1462
       329      1338
       331       333
       332       331
       648       334
       334       637
       631       334
       334       347
       334       396
       335       403
       375       335
       335      1311
      1312       335
       477       335
       635       336
       634       336
       336       430
       336       392
       356       336
       337      1314
       337       469
       376       337
       403       337
      1316       337
       338      1308
       338       459
       391       338
       366       338
      1319       338
       339       474
       622       339
       339       377
       404       339
       629       339
       340       423
       340       424
       340       640
       646       340
       365       340
       341      1310
       341      1300
       341       411
       370       341
       405       341
      1309       341
       342       348
       342       400
       423       342
       640       342
       642       342
       342       639
       343       356
       633       343
       623       343
       343       372
       630       343
       343       462
      1317       344
       459       344
       344      1321
       397       344
       344       368
       344      1303
       357       345
       399       345
       394       345
       345      1313
       346       358
       346       374
       373       346
       636       346
       396       347
       637       347
       347       390
       347       644
       347       365
       348       400
       639       348
       348       366
      1318       348
       348      1315
       349       404
       621       349
       628       349
       454       349
       349       452
       349       367
       350       477
       417       350
       368       350
       350      1320
       393       350
       350      1312
       351      1301
       351      1300
       351       394
       369       351
       411       351
       413       351
       352      1304
       352       370
      1322       352
       469       352
       352       406
       437       352
       371       353
       624       353
       353       416
       630       353
       353       462
       353       463
       396       354
       354       408
       625       354
       354       433
       626       354
       354       454
       402       355
       414       355
       355       443
       445       355
       634       356
       356       392
       633       356
       356       372
       399       357
       398       357
       443       357
       374       358
       358       395
       358       402
       359       441
       359       440
       434       359
       410       359
       422       359
       360       450
       360       446
       449       360
       360       421
       448       360
       429       361
       361       428
       373       361
       430       361
       361       374
       362       421
       449       362
       362       407
       460       362
       461       362
       363       412
       363       399
       427       363
       409       363
       363       398
       364       414
       431       364
       364       444
       364       445
       442       364
       365       646
       365       424
       390       365
       644       365
       366       391
       366      1319
       400       366
      1315       366
       404       367
       452       367
       367       453
       367       420
       397       368
       368      1303
       368      1320
       393       368
       369       394
       413       369
       399       369
       412       369
       370       405
       370      1309
      1304       370
       406       370
       624       371
       371       416
       474       371
       632       371
       371       425
       462       372
       372       392
       372       401
       372       418
       373       374
       636       373
       430       373
       627       373
       374       395
       374       428
       375       403
       477       375
       375       419
       438       375
       475       375
       376       469
       403       376
       432       376
       419       376
       376       470
       474       377
       404       377
       377       476
       420       377
       377       465
       451       378
       378       456
       378       464
       378       465
       420       378
       453       378
       436       379
       406       379
       379       412
       426       379
       379       405
       379       413
       380       467
       466       380
       471       380
       380       419
       438       380
       380       432
       423       381
       424       381
       381       439
       381       441
       422       381
       381       400
       440       382
       441       382
       382       415
       382       455
       382       458
       439       382
       418       383
       448       383
       383       446
       429       383
       383       431
       383       428
       450       384
       442       384
       435       384
       384       426
       384       427
       384       444
       468       385
       470       385
       385       437
       385       436
       385       435
       447       385
       473       386
       425       386
       416       386
       386       466
       386       461
       386       460
       387       473
       476       387
       465       387
       464       387
       387       472
       387       471
       388       472
       388       475
       456       388
       464       388
       457       388
       388       417
       434       389
       389       440
       433       389
       452       389
       389       451
       389       453
       396       390
       390       424
       408       390
       390       410
       391       459
       400       391
       439       391
       391       458
       392       430
       392       418
       392       429
       393       417
       397       393
       455       393
       457       393
       399       394
       394      1313
       394      1301
       395       402
       428       395
       431       395
       395       414
       631       396
       396       408
       625       396
       459       397
       455       397
       458       397
       398       399
       443       398
       409       398
       412       399
       423       400
       400       439
       462       401
       401       418
       401       449
       463       401
       401       448
       414       402
       403      1311
       403      1316
       419       403
       629       404
       621       404
       404       420
       405       411
       406       405
       405       413
       437       406
       436       406
       407       421
       461       407
       467       407
       407       468
       407       447
       408       433
       408       410
       408       434
       427       409
       409       443
       445       409
       444       409
       410       434
       410       422
       410       424
       411      1300
       413       411
       427       412
       412       413
       426       412
       414       445
       431       414
       440       415
       415       455
       415       457
       451       415
       415       456
       416       463
       425       416
       416       460
       417       477
       417       475
       457       417
       418       448
       418       429
       438       419
       419       432
       453       420
       420       465
       449       421
       421       450
       421       447
       422       441
       424       422
       424       423
       640       423
       474       425
       425       473
       476       425
       436       426
       435       426
       426       427
       444       427
       429       428
       428       431
       430       429
       635       430
       627       430
       431       442
       446       431
       432       470
       467       432
       432       468
       454       433
       433       452
       433       434
       434       440
       450       435
       435       436
       447       435
       437       436
       469       437
       470       437
       475       438
       471       438
       472       438
       441       439
       439       458
       440       441
       440       451
       442       444
       450       442
       446       442
       445       443
       444       445
       446       450
       448       446
       468       447
       450       447
       449       448
       460       449
       463       449
       451       456
       453       451
       454       452
       452       453
       628       454
       626       454
       458       455
       455       457
       456       464
       456       457
       458       459
       459      1308
       459      1317
       460       461
       463       460
       466       461
       461       467
       630       462
       462       463
       465       464
       464       472
       465       476
       466       467
       471       466
       473       466
       467       468
       468       470
       469      1314
       469      1322
       470       469
       473       471
       472       471
       472       475
       476       473
       622       474
       632       474
       474       476
       475       477
       477      1312
       478       649
       478       513
       489       478
      1425       478
       478       638
      1459       478
       487       479
       510       479
       479       627
       479       636
      1421       480
       480      1422
       480       512
       480       488
       534       481
       559       481
       481       634
       481       635
       481       510
       482       520
       597       482
       482       500
      1444       482
      1458       482
       483       546
       483       610
      1452       483
      1453       483
       483       608
      1440       483
       484       624
       501       484
       543       484
       484       630
       616       484
       484       623
       485       648
       643       485
       519       485
       485       631
       553       485
       485       570
      1424       486
       486       489
      1423       486
       486       511
      1433       486
       486       548
       487       510
       514       487
       534       487
       512       488
       488       535
       488       536
       489       513
      1425       489
      1424       489
       489       511
       490       626
       490       537
       570       490
       490       625
       571       490
       516       490
       491       566
       540       491
       619       491
       618       491
       491       629
       491       622
       617       492
       492       616
       492       633
       492       623
       538       492
       492       517
      1422       493
      1441       493
       493       536
       493       545
       512       493
       493       515
      1445       494
      1460       494
       494       548
       588       494
       494       542
       494       590
       580       495
       537       495
       495       628
       595       495
       495       618
       495       621
       496       518
      1431       496
       496       556
      1432       496
       546       496
       539       496
       562       497
       641       497
       497       645
       497       519
       561       497
       497       554
       573       498
       551       498
       498       514
       498       533
       541       499
       547       499
       499       572
       499       573
       500       520
      1444       500
      1445       500
       500       588
       500       569
       501       624
       543       501
       567       501
       566       501
       501       632
       502       575
       544       502
       545       502
       502       576
       565       502
       586       503
       503       583
       584       503
       503       547
       541       503
       504       607
       609       504
       557       504
       556       504
       504       577
       505       555
       505       589
       590       505
       549       505
       542       505
       506       586
       506       584
       535       506
       536       506
       506       544
       507       619
       615       507
       579       507
       594       507
       507       595
       617       508
       614       508
       508       616
       552       508
       508       543
       509       559
       509       534
       533       509
       560       509
       550       509
       510       627
       534       510
       510       635
       548       511
       511       513
       511       532
       511       549
      1422       512
       512       536
       513       649
       513       532
       513       647
       513       562
       514       534
       533       514
      1441       515
       515       545
       515       608
      1440       515
       515       565
       516       537
       571       516
       580       516
       582       516
       517       633
       538       517
       560       517
       517       634
       517       559
      1431       518
       518       556
       518       597
      1447       518
       518       578
       519       643
       519       553
       645       519
       554       519
       597       520
       520       569
       520       591
       598       520
       521       582
       581       521
       563       521
       521       571
       554       521
       521       553
       522       611
       596       522
       522       579
       592       522
       522       593
       591       522
       523       602
       568       523
       607       523
       523       620
       606       523
       523       612
       572       524
       574       524
       524       551
       524       550
       564       524
       524       558
       525       614
       525       617
       602       525
       620       525
       525       599
       600       525
       526       580
       526       582
       587       526
       581       526
       593       526
       526       594
       588       527
       590       527
       527       587
       527       589
       569       527
       527       592
       528       609
       610       528
       528       604
       608       528
       528       576
       565       528
       529       585
       583       529
       575       529
       529       603
       604       529
       576       529
       530       613
       530       596
       598       530
       530       606
       577       530
       578       530
       531       615
       611       531
       531       601
       531       605
       613       531
       612       531
       549       532
       532       562
       532       561
       532       555
       551       533
       533       534
       550       533
       534       559
       536       535
       535       584
       536       545
       536       544
       537       626
       580       537
       537       628
       617       538
       538       560
       599       538
       558       538
       539       556
       546       539
       610       539
       539       557
       540       566
       540       619
       615       540
       540       567
       601       540
       541       547
       584       541
       548       542
       542       590
       542       549
       543       616
       567       543
       552       543
       544       575
       545       544
       544       586
       545       565
       546       610
      1453       546
      1432       546
       547       572
       583       547
       547       574
      1433       548
      1460       548
       548       549
       549       555
       550       560
       551       550
       558       550
       573       551
       572       551
       614       552
       552       567
       601       552
       605       552
       553       570
       554       553
       553       571
       561       554
       563       554
       589       555
       555       561
       555       563
       557       556
       556       577
       556       578
       557       609
       610       557
       564       558
       599       558
       558       560
       559       634
       560       559
       562       561
       561       563
       562       641
       562       647
       563       581
       589       563
       574       564
       564       599
       600       564
       585       564
       565       576
       608       565
       566       622
       567       566
       566       632
       601       567
       568       602
       568       607
       609       568
       604       568
       568       603
       588       569
       569       591
       569       592
       570       631
       570       625
       571       570
       582       571
       572       573
       574       572
       583       574
       585       574
       575       576
       575       583
       586       575
       576       604
       577       607
       578       577
       577       606
       597       578
       578       598
       579       615
       579       594
       611       579
       593       579
       580       595
       582       580
       594       580
       581       582
       587       581
       589       581
       586       583
       583       585
       584       586
       603       585
       585       600
       587       593
       589       587
       592       587
      1445       588
       588       590
       590       589
       598       591
       591       596
       591       592
       592       593
       593       594
       594       595
       595       618
       595       619
       596       611
       596       613
       598       596
      1458       597
      1447       597
       597       598
       599       617
       600       599
       602       600
       603       600
       615       601
       605       601
       602       620
       603       602
       604       603
       609       604
       612       605
       605       614
       620       605
       606       612
       607       606
       606       613
       609       607
       608       610
      1440       608
       610       609
       611       615
       613       611
       612       620
       613       612
       614       617
       620       614
       615       619
       616       623
       617       616
       618       629
       619       618
       618       621
       628       621
       621       629
       629       622
       622       632
       623       633
       623       630
       624       630
       632       624
       625       626
       631       625
       626       628
       627       636
       635       627
       648       631
       633       634
       634       635
       648       637
       637       644
      1454       638
       638       649
      1459       638
       639      1318
       642       639
       640       642
       646       640
       641       645
       647       641
       645       643
       643       648
       644       646
       649       647
       650       951
       650       715
       650       956
       659       650
       959       650
      1301       651
       688       651
       651       660
      1313       651
       963       652
       958       652
       652       955
       661       652
       652       683
       652       719
       653       743
      1283       653
      1303       653
      1321       653
       653       717
       653       674
       953       654
       654       964
       654       662
       654       686
       961       654
       721       654
       737       655
       951       655
       962       655
       655       672
       655       694
       655       954
       743       656
       656       695
      1290       656
      1294       656
       656       673
      1296       656
       657       723
       657      1311
       674       657
       657       696
      1320       657
      1312       657
       658       697
       780       658
       658       721
       957       658
       950       658
       658       961
       659       715
       959       659
       659       692
       684       659
       960       659
       688       660
       660       685
       689       660
       661       683
       963       661
      1286       661
      1281       661
       661       687
       964       662
       686       662
       662       693
       955       663
       965       663
       719       663
       663       730
       663       761
       663       753
      1310       664
      1300       664
       664       688
       664       689
       775       664
       664       718
      1309       665
       725       665
       665      1310
       665       775
       749       665
       665       778
      1295       666
      1299       666
       666       783
       666       742
       713       666
       666       714
       770       667
      1322       667
       667      1304
       667       725
       771       667
       667       711
       668       770
       668      1314
       731       668
       668       750
       723       668
      1316       668
       782       669
       733       669
       716       669
       669       693
       670       782
       787       670
       726       670
       712       670
       671       712
       727       671
       738       671
       739       671
       694       672
       954       672
       672       781
       672       780
       672       957
      1290       673
       673       695
      1299       673
       673       783
       673       741
      1303       674
       674       717
       674       696
      1320       674
       675       777
       675       724
       675       718
       775       675
       778       675
       676       789
       676       769
       676       728
       760       676
       759       676
       742       677
       735       677
       677       747
       677       754
       677       752
       748       678
       755       678
       678       727
       678       756
       678       726
       679       797
       679       766
       679       799
       794       679
       798       679
       680       746
       680       751
       736       680
       745       680
       744       680
       681       732
       681       733
       681       787
       785       681
       729       681
       682       748
       777       682
       776       682
       682       755
       773       682
       683       719
       687       683
       683       690
       684       692
       960       684
       684       764
       761       684
       952       684
       689       685
       691       685
       685       739
       721       686
       686       693
       722       686
       716       686
      1281       687
       687       690
       687       713
      1292       687
      1301       688
       688       689
      1300       688
       718       689
       689       691
       690       719
       713       690
       690       730
       690       735
       690       714
       691       739
       718       691
       691       738
       724       691
       692       715
       764       692
       692       763
       692       720
       716       693
       737       694
       694       781
       694       779
       757       694
       743       695
       695       741
       695       745
       695       744
       696       723
       717       696
       696       736
       696       731
       780       697
       697       721
       697       722
       758       697
       697       734
       698       796
       698       793
       797       698
       698       792
       766       698
       791       698
       699       779
       699       799
       794       699
       757       699
       762       699
       768       699
       700       791
       700       790
       789       700
       795       700
       798       700
       700       766
       752       701
       754       701
       701       740
       701       763
       753       701
       764       701
       752       702
       702       767
       788       702
       747       702
       702       784
       786       702
       741       703
       788       703
       744       703
       703       786
       703       746
       703       759
       704       771
       750       704
       704       772
       751       704
       704       769
       760       704
       705       758
       705       796
       797       705
       779       705
       705       781
       799       705
       792       706
       793       706
       706       785
       706       756
       773       706
       706       755
       767       707
       784       707
       707       795
       768       707
       707       794
       707       798
       765       708
       774       708
       749       708
       708       776
       708       777
       708       778
       790       709
       791       709
       774       709
       709       792
       709       773
       709       776
       769       710
       789       710
       710       790
       772       710
       710       765
       710       774
       771       711
       711       725
       772       711
       711       765
       711       749
       726       712
       727       712
      1295       713
       713       714
      1292       713
       714       742
       714       735
       715       951
       715       720
       715       737
       733       716
       722       716
       732       716
       743       717
       717       736
       717       745
       775       718
       718       724
       955       719
       719       730
       763       720
       720       737
       720       757
       720       762
       961       721
       721       722
       734       722
       722       732
      1311       723
       723       731
       723      1316
       777       724
       724       738
       724       748
       725      1309
       725       749
      1304       725
       787       726
       756       726
       727       726
       738       727
       748       727
       728       789
       759       728
       728       784
       786       728
       728       795
       729       785
       729       732
       796       729
       734       729
       793       729
       730       753
       735       730
       730       754
       731       750
       736       731
       731       751
       732       733
       734       732
       733       782
       787       733
       758       734
       796       734
       742       735
       735       754
       736       751
       745       736
       951       737
       737       757
       738       739
       748       738
       752       740
       763       740
       740       762
       767       740
       740       768
       783       741
       744       741
       741       788
       783       742
       742       747
       742       788
      1283       743
      1296       743
       743       745
       745       744
       744       746
       751       746
       746       759
       746       760
       747       752
       788       747
       755       748
       777       748
       749       778
       765       749
       750       770
       750       771
       751       750
       751       760
       754       752
       752       767
       761       753
       753       764
       754       753
       755       756
       773       755
       785       756
       756       787
       757       779
       762       757
       780       758
       796       758
       781       758
       760       759
       759       786
       760       769
       965       761
       761       764
       952       761
       762       768
       763       762
       764       763
       765       774
       772       765
       766       797
       798       766
       766       791
       767       784
       767       768
       768       794
       769       789
       769       772
       770      1322
       770       771
      1314       770
       771       772
       776       773
       792       773
       774       776
       790       774
      1310       775
       778       775
       776       777
       778       777
       779       781
       779       799
       957       780
       781       780
       787       782
      1299       783
       783       788
       786       784
       784       795
       785       787
       793       785
       788       786
       789       790
       789       795
       790       791
       791       792
       792       793
       796       793
       794       799
       794       798
       795       798
       797       796
       799       797
       800       958
       806       800
       800       963
      1282       800
      1285       800
      1371       801
      1385       801
       801       836
      1391       801
       801       815
      1362       802
      1378       802
       802      1298
       802       816
      1366       802
       802       863
       817       803
       901       803
       803       964
       953       803
       804       895
       804       894
       804       826
      1284       804
      1297       804
       805      1383
       805       945
       805       827
      1337       805
      1336       805
       848       805
       806       958
      1282       806
       806       864
      1287       806
       806       818
       807       906
       807       877
      1384       807
      1366       807
       807       863
       875       808
       808       910
       808       960
       808       952
       829       808
       900       809
       809       901
       828       809
       809       953
       809       961
       950       809
       962       810
       938       810
       810       867
       810       849
       810       957
       954       810
       880       811
       956       811
       811       850
       951       811
       811       962
       811       938
       812       905
       812       906
      1335       812
      1379       812
       812       848
      1336       812
       864       813
       958       813
       813       965
       813       955
       865       813
       813       829
      1323       814
       836       814
       814       842
       814       840
      1391       815
       836       815
       815       840
       815       841
       815      1369
      1298       816
       863       816
       816       837
       816      1291
       816       845
       901       817
       846       817
       838       817
       818       864
      1287       818
      1289       818
       818       847
       839       818
       819       946
       819       868
       942       819
       878       819
      1363       820
       820       862
       820       889
      1359       820
       820       883
       820       871
       821       880
       821       956
       910       821
       821       959
       909       821
       908       821
       844       822
       843       822
       822       874
       842       822
       823       915
       869       823
       873       823
       874       823
       915       824
       916       824
       893       824
       824       870
       902       825
       927       825
       870       825
       825       925
       826       895
      1297       826
       936       826
      1293       826
       826       896
       827       945
       848       827
       827       922
       827       866
       828       900
       828       950
       892       828
       849       828
       829       952
       829       875
       829       965
       865       829
       830       885
       830       875
       876       830
       887       830
       830       886
       831       904
       831       903
       883       831
       831       884
       888       831
       926       832
       832       927
       832       879
       832       899
       919       832
       907       833
       833       931
       833       929
       833       881
       932       833
       834       902
       834       924
       914       834
       834       893
       921       834
      1364       835
       945       835
       835       949
       889       835
       835       888
       835       882
      1385       836
      1323       836
       836       840
      1291       837
       845       837
       837      1293
       837       936
       837       890
       846       838
       879       838
       925       838
      1289       839
       839       847
      1288       839
       839       872
       894       839
       840       842
       841       840
       840       843
      1369       841
       841       843
       841      1363
       841       862
       843       842
       843       844
       862       843
       844       874
       862       844
       844       873
       871       844
       863       845
       845       890
       877       845
       845       891
       846       901
       879       846
       900       846
       899       846
       847       864
       847       872
       847       865
       847       876
      1336       848
       848       905
       848       866
       957       849
       867       849
       849       950
       849       892
       880       850
       850       938
       943       850
       850       941
       850       947
       949       851
       851       944
       922       851
       923       851
       851       939
       851       948
       852       911
       852       918
       852       935
       891       852
       937       852
       890       852
       877       853
       906       853
       905       853
       853       911
       853       891
       853       912
       854       914
       854       921
       930       854
       931       854
       903       854
       854       904
       855       897
       855       898
       895       855
       887       855
       896       855
       855       886
       913       856
       892       856
       920       856
       856       900
       919       856
       856       899
       928       857
       929       857
       857       924
       857       926
       857       920
       857       919
       858       920
       858       913
       947       858
       941       858
       934       858
       928       858
       859       943
       946       859
       859       941
       917       859
       933       859
       859       934
       940       860
       860       917
       939       860
       860       933
       860       932
       948       860
       912       861
       911       861
       861       940
       918       861
       923       861
       861       939
      1363       862
       862       871
      1366       863
       863       877
       958       864
       864       865
       865       875
       876       865
       866       922
       905       866
       866       912
       866       923
       938       867
       867       892
       867       913
       947       867
       868       946
       878       868
       868       908
       898       868
       909       868
       869       915
       873       869
       904       869
       869       916
       884       869
       893       870
       902       870
       883       871
       871       873
       871       884
       894       872
       872       876
       895       872
       872       887
       873       874
       884       873
       875       910
       875       885
       876       875
       876       887
       906       877
       877       891
       878       942
       898       878
       897       878
       935       878
       927       879
       899       879
       879       925
       880       956
       908       880
       943       880
       881       929
       932       881
       881       928
       881       934
       933       881
       888       882
       949       882
       882       930
       882       944
       882       903
       889       883
       883       884
       888       883
       884       904
       886       885
       885       910
       885       909
       885       898
       887       886
       886       898
       895       887
       888       903
       889       888
      1359       889
      1364       889
       890       936
       890       891
       890       937
       891       911
       892       900
       913       892
       916       893
       914       893
       893       902
       894       895
      1284       894
      1288       894
       895       896
       936       896
       896       897
       937       896
       897       898
       897       935
       937       897
       898       909
       919       899
       899       900
       900       901
       901       953
       902       927
       924       902
       926       902
       903       904
       903       930
       904       914
       904       916
       906       905
       905       912
      1384       906
      1379       906
       907       931
       932       907
       907       930
       944       907
       948       907
       909       908
       946       908
       908       943
       909       910
       910       960
       910       959
       911       918
       911       912
       912       923
       920       913
       947       913
       921       914
       914       916
       916       915
       946       917
       917       933
       940       917
       942       917
       935       918
       918       940
       918       942
       919       926
       920       919
       928       920
       921       924
       931       921
       929       921
       945       922
       922       949
       922       923
       923       939
       929       924
       924       926
       927       925
       926       927
       929       928
       934       928
       931       929
       930       931
       944       930
       932       933
       948       932
       933       934
       934       941
       937       935
       935       942
      1293       936
       936       937
       962       938
       938       947
       939       948
       939       940
       940       942
       943       941
       941       947
       942       946
       946       943
       949       944
       944       948
      1383       945
      1364       945
       945       949
       957       950
       950       961
       956       951
       951       962
       952       960
       965       952
       953       964
       961       953
       962       954
       954       957
       958       955
       955       965
       959       956
       963       958
       960       959
      1286       963
      1285       963
       966      1034
       966       978
      1348       966
      1350       966
      1351       966
       967       990
       967      1419
      1416       967
      1418       967
       967      1112
       968      1097
       968      1308
      1319       968
       991       968
      1011       968
       969       979
       969      1029
      1028       969
      1280       969
       969      1278
       970      1075
      1030       970
      1025       970
      1269       970
       970      1277
      1272       971
       971      1025
       971      1005
      1270       971
       980       971
       972      1006
       972      1026
       972      1307
       981       972
      1306       972
      1302       972
       973      1299
       973      1290
      1042       973
      1086       973
      1007       973
       973      1295
       974      1039
      1066       974
      1318       974
      1305       974
       974      1315
       974       991
       975      1049
       975       992
       975      1112
      1416       975
      1417       975
      1420       975
      1415       976
      1419       976
       976      1041
       976      1054
      1403       976
       976      1008
      1317       977
       993       977
       977      1321
      1012       977
       977      1063
       977      1283
       978      1034
      1351       978
       978      1027
      1355       978
       978      1003
      1029       979
      1278       979
       979      1282
       979      1004
       979      1285
      1270       980
       980      1005
      1349       980
      1356       980
       980      1032
       981      1006
      1302       981
       981      1037
      1414       981
      1326       981
       982      1080
      1039       982
      1065       982
      1081       982
       983      1294
      1063       983
       983      1007
      1061       983
      1043       983
       984      1045
       984      1057
      1034       984
      1027       984
      1092       985
       985      1091
       985      1053
      1008       985
      1377       985
       986      1292
       986      1086
      1035       986
       986      1281
      1036       986
      1009       986
       987      1068
       987      1275
      1271       987
      1109       987
      1108       987
       987      1056
       988      1276
      1279       988
       988      1108
       988      1051
      1038       988
      1010       988
      1347       989
      1348       989
       989      1033
       989      1045
      1032       989
       989      1034
      1419       990
      1112       990
       990      1113
       990      1067
       990      1041
       991      1011
       991      1319
      1039       991
      1315       991
       992      1049
      1420       992
       992      1050
       992      1037
      1414       992
       993      1317
       993      1012
      1040       993
      1308       993
      1097       993
      1099       994
      1117       994
       994      1094
      1115       994
       994      1071
       995      1077
       995      1078
      1079       995
      1064       995
       995      1074
      1101       996
      1103       996
       996      1055
       996      1104
      1102       996
       997      1116
       997      1105
      1050       997
       997      1113
      1049       997
       998      1095
      1071       998
      1044       998
      1096       998
       998      1093
       999      1110
       999      1114
      1077       999
      1078       999
      1072       999
      1000      1064
      1000      1079
      1058      1000
      1057      1000
      1091      1000
      1001      1103
      1001      1101
      1113      1001
      1067      1001
      1116      1001
      1002      1088
      1089      1002
      1095      1002
      1073      1002
      1002      1082
      1003      1027
      1355      1003
      1370      1003
      1003      1092
      1003      1058
      1029      1004
      1004      1285
      1004      1035
      1031      1004
      1004      1286
      1005      1025
      1032      1005
      1005      1030
      1005      1033
      1006      1026
      1037      1006
      1006      1060
      1006      1059
      1007      1290
      1042      1007
      1007      1294
      1043      1007
      1403      1008
      1008      1054
      1377      1008
      1008      1053
      1009      1086
      1036      1009
      1087      1009
      1047      1009
      1010      1038
      1010      1279
      1075      1010
      1076      1010
      1274      1010
      1011      1097
      1039      1011
      1080      1011
      1011      1100
      1012      1063
      1040      1012
      1052      1012
      1012      1061
      1055      1013
      1104      1013
      1013      1111
      1013      1115
      1013      1117
      1085      1013
      1014      1088
      1089      1014
      1014      1047
      1070      1014
      1069      1014
      1014      1048
      1096      1015
      1015      1093
      1110      1015
      1015      1070
      1015      1056
      1109      1015
      1016      1087
      1088      1016
      1062      1016
      1082      1016
      1016      1042
      1016      1043
      1090      1017
      1079      1017
      1017      1072
      1017      1078
      1102      1017
      1017      1104
      1054      1018
      1067      1018
      1018      1103
      1018      1102
      1053      1018
      1018      1090
      1019      1031
      1019      1029
      1068      1019
      1028      1019
      1019      1048
      1069      1019
      1046      1020
      1045      1020
      1020      1076
      1057      1020
      1020      1064
      1020      1074
      1105      1021
      1060      1021
      1059      1021
      1021      1107
      1021      1065
      1021      1081
      1022      1106
      1022      1085
      1022      1107
      1101      1022
      1105      1022
      1116      1022
      1023      1099
      1106      1023
      1023      1098
      1107      1023
      1023      1080
      1081      1023
      1098      1024
      1099      1024
      1024      1084
      1024      1083
      1024      1073
      1094      1024
      1025      1269
      1025      1030
      1272      1025
      1307      1026
      1026      1059
      1026      1066
      1305      1026
      1034      1027
      1027      1057
      1027      1058
      1028      1280
      1028      1029
      1068      1028
      1273      1028
      1275      1028
      1029      1031
      1030      1075
      1033      1030
      1030      1046
      1031      1035
      1048      1031
      1031      1036
      1349      1032
      1347      1032
      1032      1033
      1033      1045
      1033      1046
      1348      1034
      1034      1045
      1035      1281
      1036      1035
      1035      1286
      1047      1036
      1048      1036
      1414      1037
      1037      1050
      1037      1060
      1038      1051
      1076      1038
      1038      1077
      1074      1038
      1066      1039
      1039      1080
      1065      1039
      1097      1040
      1040      1052
      1083      1040
      1100      1040
      1419      1041
      1041      1054
      1041      1067
      1042      1086
      1043      1042
      1087      1042
      1061      1043
      1062      1043
      1044      1071
      1044      1096
      1111      1044
      1115      1044
      1114      1044
      1045      1057
      1045      1046
      1046      1076
      1046      1075
      1047      1087
      1088      1047
      1048      1047
      1069      1048
      1112      1049
      1049      1050
      1049      1113
      1050      1105
      1050      1060
      1051      1108
      1077      1051
      1051      1110
      1051      1109
      1052      1061
      1083      1052
      1084      1052
      1052      1062
      1053      1091
      1054      1053
      1053      1090
      1054      1067
      1101      1055
      1055      1104
      1055      1085
      1056      1068
      1109      1056
      1056      1070
      1056      1069
      1058      1057
      1057      1064
      1058      1091
      1092      1058
      1060      1059
      1059      1065
      1059      1066
      1060      1105
      1061      1063
      1062      1061
      1082      1062
      1084      1062
      1063      1283
      1063      1294
      1063      1296
      1079      1064
      1064      1074
      1065      1081
      1066      1065
      1305      1066
      1113      1067
      1067      1103
      1275      1068
      1068      1069
      1070      1069
      1070      1089
      1093      1070
      1115      1071
      1071      1094
      1071      1095
      1072      1114
      1078      1072
      1104      1072
      1072      1111
      1095      1073
      1073      1082
      1094      1073
      1073      1084
      1074      1077
      1076      1074
      1277      1075
      1075      1076
      1075      1274
      1078      1077
      1077      1110
      1079      1078
      1091      1079
      1090      1079
      1081      1080
      1080      1100
      1080      1098
      1107      1081
      1082      1088
      1084      1082
      1083      1084
      1098      1083
      1100      1083
      1085      1117
      1085      1106
      1101      1085
      1086      1295
      1086      1292
      1087      1086
      1088      1087
      1089      1088
      1095      1089
      1093      1089
      1090      1102
      1091      1090
      1092      1091
      1377      1092
      1370      1092
      1096      1093
      1095      1093
      1099      1094
      1094      1095
      1110      1096
      1114      1096
      1308      1097
      1100      1097
      1099      1098
      1098      1100
      1117      1099
      1106      1099
      1103      1101
      1116      1101
      1102      1104
      1103      1102
      1104      1111
      1105      1116
      1105      1107
      1107      1106
      1106      1117
      1108      1109
      1108      1271
      1276      1108
      1110      1109
      1114      1110
      1111      1115
      1111      1114
      1416      1112
      1112      1113
      1113      1116
      1117      1115
      1118      1380
      1118      1141
      1365      1118
      1118      1156
      1361      1118
      1119      1282
      1278      1119
      1119      1287
      1132      1119
      1163      1119
      1240      1120
      1239      1120
      1120      1269
      1272      1120
      1120      1192
      1373      1121
      1334      1121
      1121      1181
      1121      1166
      1121      1142
      1394      1121
      1122      1193
      1122      1276
      1279      1122
      1260      1122
      1169      1122
      1123      1183
      1123      1204
      1123      1298
      1378      1123
      1145      1123
      1395      1123
      1374      1124
      1124      1253
      1396      1124
      1124      1143
      1167      1124
      1193      1125
      1271      1125
      1125      1275
      1170      1125
      1125      1273
      1125      1250
      1360      1126
      1374      1126
      1126      1253
      1352      1126
      1126      1189
      1126      1164
      1180      1127
      1411      1127
      1184      1127
      1412      1127
      1127      1209
      1127      1408
      1127      1410
      1128      1381
      1128      1160
      1209      1128
      1408      1128
      1128      1413
      1187      1128
      1129      1405
      1409      1129
      1406      1129
      1156      1129
      1129      1133
      1129      1157
      1130      1356
      1381      1130
      1160      1130
      1130      1270
      1130      1144
      1158      1130
      1131      1258
      1324      1131
      1131      1168
      1325      1131
      1354      1131
      1131      1145
      1132      1287
      1163      1132
      1191      1132
      1236      1132
      1132      1289
      1405      1133
      1157      1133
      1133      1180
      1133      1404
      1133      1411
      1206      1134
      1204      1134
      1161      1134
      1134      1297
      1134      1188
      1291      1134
      1134      1293
      1225      1135
      1135      1203
      1376      1135
      1393      1135
      1135      1194
      1135      1162
      1249      1136
      1250      1136
      1136      1280
      1136      1278
      1136      1163
      1212      1136
      1164      1137
      1137      1210
      1353      1137
      1137      1224
      1137      1225
      1389      1137
      1165      1138
      1277      1138
      1138      1274
      1226      1138
      1138      1268
      1138      1260
      1333      1139
      1139      1230
      1139      1185
      1332      1139
      1167      1139
      1139      1182
      1236      1140
      1237      1140
      1140      1288
      1196      1140
      1140      1284
      1188      1140
      1380      1141
      1156      1141
      1141      1202
      1141      1159
      1141      1157
      1142      1166
      1394      1142
      1142      1202
      1380      1142
      1142      1201
      1143      1253
      1167      1143
      1143      1197
      1143      1182
      1144      1270
      1158      1144
      1144      1240
      1218      1144
      1144      1272
      1145      1183
      1395      1145
      1145      1168
      1354      1145
      1197      1146
      1146      1254
      1146      1246
      1146      1229
      1198      1146
      1257      1147
      1261      1147
      1267      1147
      1147      1255
      1147      1195
      1262      1148
      1242      1148
      1148      1264
      1148      1265
      1263      1148
      1263      1149
      1149      1265
      1149      1241
      1149      1247
      1256      1149
      1245      1150
      1150      1244
      1150      1238
      1234      1150
      1233      1150
      1151      1236
      1151      1191
      1151      1237
      1211      1151
      1235      1151
      1152      1266
      1152      1268
      1267      1152
      1243      1152
      1226      1152
      1153      1239
      1153      1240
      1218      1153
      1217      1153
      1219      1153
      1154      1217
      1154      1218
      1154      1200
      1216      1154
      1207      1154
      1155      1257
      1155      1267
      1244      1155
      1228      1155
      1155      1243
      1361      1156
      1406      1156
      1156      1157
      1157      1180
      1157      1159
      1160      1158
      1158      1218
      1200      1158
      1202      1159
      1159      1180
      1159      1190
      1159      1184
      1160      1381
      1187      1160
      1200      1160
      1206      1161
      1161      1188
      1161      1196
      1205      1161
      1376      1162
      1162      1194
      1324      1162
      1162      1258
      1162      1259
      1163      1278
      1191      1163
      1212      1163
      1352      1164
      1164      1189
      1164      1210
      1353      1164
      1165      1277
      1165      1226
      1269      1165
      1192      1165
      1213      1165
      1181      1166
      1166      1201
      1166      1215
      1166      1214
      1396      1167
      1332      1167
      1167      1182
      1387      1167
      1258      1168
      1168      1183
      1168      1199
      1168      1186
      1260      1169
      1169      1193
      1266      1169
      1268      1169
      1169      1227
      1193      1170
      1170      1250
      1227      1170
      1248      1170
      1170      1249
      1201      1171
      1215      1171
      1171      1207
      1171      1208
      1171      1216
      1190      1171
      1231      1172
      1172      1220
      1214      1172
      1172      1217
      1172      1216
      1215      1172
      1173      1235
      1173      1241
      1265      1173
      1264      1173
      1222      1173
      1173      1221
      1251      1174
      1174      1252
      1174      1228
      1174      1245
      1254      1174
      1246      1174
      1175      1259
      1194      1175
      1175      1242
      1175      1262
      1223      1175
      1203      1175
      1247      1176
      1241      1176
      1248      1176
      1176      1249
      1176      1212
      1176      1211
      1255      1177
      1266      1177
      1177      1227
      1177      1248
      1256      1177
      1177      1247
      1178      1252
      1251      1178
      1178      1261
      1210      1178
      1224      1178
      1178      1223
      1220      1179
      1179      1219
      1232      1179
      1179      1234
      1229      1179
      1179      1233
      1180      1411
      1180      1184
      1334      1181
      1181      1214
      1181      1230
      1182      1185
      1182      1197
      1182      1198
      1183      1204
      1183      1186
      1183      1206
      1184      1209
      1190      1184
      1184      1208
      1230      1185
      1185      1198
      1185      1231
      1185      1232
      1199      1186
      1186      1206
      1186      1222
      1186      1205
      1209      1187
      1187      1200
      1208      1187
      1207      1187
      1188      1297
      1196      1188
      1188      1284
      1253      1189
      1189      1210
      1189      1254
      1189      1251
      1202      1190
      1190      1208
      1201      1190
      1191      1236
      1211      1191
      1212      1191
      1192      1269
      1239      1192
      1192      1213
      1238      1192
      1276      1193
      1193      1271
      1227      1193
      1203      1194
      1194      1259
      1261      1195
      1195      1255
      1195      1256
      1262      1195
      1195      1263
      1196      1237
      1205      1196
      1221      1196
      1253      1197
      1197      1254
      1197      1198
      1198      1229
      1198      1232
      1258      1199
      1199      1222
      1259      1199
      1199      1264
      1200      1218
      1207      1200
      1202      1201
      1201      1215
      1380      1202
      1225      1203
      1203      1223
      1224      1203
      1298      1204
      1206      1204
      1204      1291
      1206      1205
      1222      1205
      1205      1221
      1216      1207
      1208      1207
      1208      1209
      1209      1408
      1210      1224
      1210      1251
      1235      1211
      1241      1211
      1211      1212
      1249      1212
      1213      1226
      1238      1213
      1244      1213
      1213      1243
      1214      1215
      1214      1231
      1230      1214
      1215      1216
      1216      1217
      1217      1218
      1217      1219
      1220      1217
      1218      1240
      1219      1239
      1220      1219
      1219      1234
      1231      1220
      1232      1220
      1221      1235
      1222      1221
      1221      1237
      1264      1222
      1223      1262
      1223      1261
      1224      1223
      1225      1224
      1393      1225
      1389      1225
      1226      1268
      1243      1226
      1266      1227
      1227      1248
      1228      1244
      1228      1257
      1252      1228
      1245      1228
      1229      1246
      1232      1229
      1229      1233
      1333      1230
      1334      1230
      1230      1231
      1231      1232
      1233      1234
      1233      1245
      1246      1233
      1234      1238
      1234      1239
      1235      1237
      1241      1235
      1236      1289
      1237      1236
      1236      1288
      1238      1244
      1239      1238
      1240      1239
      1240      1272
      1265      1241
      1247      1241
      1262      1242
      1242      1264
      1259      1242
      1243      1267
      1244      1243
      1245      1244
      1246      1245
      1254      1246
      1256      1247
      1247      1248
      1248      1249
      1249      1250
      1250      1273
      1250      1280
      1251      1252
      1254      1251
      1252      1261
      1252      1257
      1374      1253
      1253      1254
      1267      1255
      1255      1266
      1255      1256
      1263      1256
      1257      1261
      1257      1267
      1324      1258
      1258      1259
      1259      1264
      1260      1279
      1274      1260
      1268      1260
      1261      1262
      1262      1263
      1263      1265
      1264      1265
      1268      1266
      1267      1266
      1269      1277
      1272      1269
      1270      1272
      1356      1270
      1271      1275
      1276      1271
      1273      1280
      1275      1273
      1274      1279
      1277      1274
      1279      1276
      1280      1278
      1278      1282
      1286      1281
      1281      1292
      1282      1285
      1282      1287
      1321      1283
      1283      1296
      1297      1284
      1284      1288
      1285      1286
      1289      1287
      1288      1289
      1294      1290
      1290      1299
      1298      1291
      1291      1293
      1292      1295
      1293      1297
      1294      1296
      1295      1299
      1378      1298
      1310      1300
      1300      1301
      1301      1313
      1326      1302
      1302      1306
      1321      1303
      1303      1320
      1322      1304
      1304      1309
      1307      1305
      1305      1318
      1306      1307
      1319      1308
      1308      1317
      1309      1310
      1312      1311
      1311      1316
      1320      1312
      1316      1314
      1314      1322
      1318      1315
      1315      1319
      1317      1321
      1361      1406
      1385      1323
      1325      1324
      1376      1324
      1325      1354
      1327      1326
      1326      1414
      1328      1327
      1329      1328
      1330      1329
      1331      1330
      1402      1331
      1332      1333
      1387      1332
      1333      1334
      1373      1334
      1335      1379
      1335      1336
      1336      1337
      1337      1383
      1339      1338
      1375      1339
      1340      1390
      1341      1340
      1342      1341
      1343      1342
      1344      1343
      1345      1344
      1346      1345
      1388      1346
      1347      1348
      1349      1347
      1350      1348
      1356      1349
      1350      1351
      1351      1355
      1360      1352
      1352      1353
      1353      1389
      1354      1395
      1370      1355
      1381      1356
      1357      1400
      1357      1358
      1382      1358
      1363      1359
      1359      1364
      1360      1374
      1365      1361
      1362      1378
      1362      1366
      1369      1363
      1383      1364
      1365      1380
      1366      1384
      1386      1367
      1367      1368
      1368      1392
      1391      1369
      1377      1370
      1371      1385
      1371      1391
      1372      1400
      1373      1394
      1396      1374
      1392      1375
      1393      1376
      1403      1377
      1395      1378
      1384      1379
      1394      1380
      1413      1381
      1382      1401
      1390      1386
      1387      1396
      1389      1393
      1415      1403
      1338      1462
      1407      1361
      1463      1372
      1475      1388
      1397      1402
      1398      1397
      1399      1398
      1401      1399
      1405      1404
      1404      1411
      1409      1405
      1406      1409
      1407      1406
      1410      1408
      1408      1413
      1412      1410
      1411      1412
      1414      1420
      1415      1419
      1416      1418
      1417      1416
      1417      1420
      1418      1419
      1421      1422
      1422      1441
      1423      1424
      1423      1433
      1424      1425
      1425      1459
      1427      1426
      1456      1426
      1427      1428
      1428      1429
      1429      1461
      1430      1434
      1449      1430
      1432      1431
      1431      1447
      1453      1432
      1460      1433
      1434      1435
      1439      1435
      1461      1436
      1436      1442
      1438      1437
      1437      1455
      1451      1438
      1439      1454
      1452      1440
      1441      1440
      1442      1451
      1443      1472
      1448      1443
      1458      1444
      1444      1445
      1445      1460
      1446      1457
      1455      1446
      1447      1458
      1457      1448
      1450      1449
      1450      1456
      1452      1453
      1459      1454
      1462      1466
      1464      1463
      1465      1464
      1469      1465
      1466      1468
      1467      1469
      1468      1467
      1471      1470
      1476      1470
      1472      1471
      1473      1475
      1474      1473
      1476      1474
