         2
         3
         4
         5
        37
       258
       266
       427
       428
         1
         3
         4
         5
        36
       427
      4136
      4137
         1
         2
         4
         5
      2070
      4125
      4137
         1
         2
         3
         5
       259
      1049
      2070
      2071
      2072
         1
         2
         3
         4
        23
       258
       259
       260
       261
       262
         7
         8
         9
        10
        11
        28
       126
       141
       371
       372
       373
         6
         8
         9
        10
        11
       126
       127
       128
       129
       130
         6
         7
         9
        10
        11
       127
       253
      4130
      4131
         6
         7
         8
        10
        11
      4129
      4130
         6
         7
         8
         9
        11
      4129
      4165
         6
         7
         8
         9
        10
       371
      4164
      4165
        13
        14
        15
        16
      2103
      2457
      4074
      4076
        12
        14
        15
        16
        58
       377
      2106
      4053
      4074
        12
        13
        15
        16
        50
        51
        52
        53
        12
        13
        14
        16
        50
        57
       226
       375
       377
        12
        13
        14
        15
       610
      1042
      1043
        18
        19
        20
        21
        91
       254
       340
       577
       582
       583
        17
        19
        20
        21
       131
       254
       255
       256
       257
        17
        18
        20
        21
       582
      2141
      2434
      4043
      4044
        17
        18
        19
        21
       131
       132
       133
       134
       135
        17
        18
        19
        20
       132
      2133
      2433
      4043
      4059
        23
        24
        25
        26
       137
       260
       348
       349
       350
        22
        24
        25
        26
         5
       258
       259
       260
       261
       262
        22
        23
        25
        26
       261
      1048
      1075
      2071
      2073
        22
        23
        24
        26
       136
      1078
      1394
      2068
      2073
        22
        23
        24
        25
       136
       137
       138
       139
       140
        28
        29
        30
        31
        32
       372
      4163
      4164
        27
        29
        30
        31
        32
         6
       126
       141
       371
       372
       373
        27
        28
        30
        31
        32
      2483
      4045
      4163
      4166
        27
        28
        29
        31
        32
       141
       142
       143
       144
        27
        28
        29
        30
        32
       263
      2486
      4045
      4046
        27
        28
        29
        30
        31
        89
       142
       263
       264
       265
        34
        35
        36
        37
        38
       145
       146
       147
       148
       149
        33
        35
        36
        37
        38
       145
       266
       267
       268
       269
        33
        34
        36
        37
        38
       146
      4134
      4135
        33
        34
        35
        37
        38
         2
       427
      4136
      4137
        33
        34
        35
        36
        38
         1
       258
       266
       427
       428
        33
        34
        35
        36
        37
      4135
      4136
        40
        41
        42
        43
        44
       128
       250
       251
       252
       253
        39
        41
        42
        43
        44
       188
       250
       421
       481
       482
        39
        40
        42
        43
        44
       149
       524
      4133
      4134
        39
        40
        41
        43
        44
       148
       189
       364
       481
       524
       525
        39
        40
        41
        42
        44
      4132
      4133
        39
        40
        41
        42
        43
       251
      4131
      4132
        46
        47
        48
        49
       430
      1656
      2075
      2093
        45
        47
        48
        49
        70
       389
       430
       431
       432
        45
        46
        48
        49
       121
       247
       248
       249
        45
        46
        47
        49
       247
       279
       389
       390
       391
        45
        46
        47
        48
       606
      1045
      1046
        14
        51
        52
        53
        15
        57
       226
       375
       377
        14
        50
        52
        53
       732
      1040
      1043
        14
        50
        51
        53
        98
       225
       354
       357
        14
        50
        51
        52
       225
       226
       227
       228
       229
        55
        56
        57
        58
        59
       134
       330
       484
       485
       486
        54
        56
        57
        58
        59
       330
       331
       332
       333
       334
        54
        55
        57
        58
        59
       229
       331
       375
       376
        54
        55
        56
        58
        59
        15
        50
       226
       375
       377
        54
        55
        56
        57
        59
        13
       377
      2106
      4053
      4074
        54
        55
        56
        57
        58
       484
      2108
      2219
      4053
      4054
        61
        62
        63
        64
        65
       201
       289
       335
       490
       509
       512
        60
        62
        63
        64
        65
       200
       398
       512
       513
       514
        60
        61
        63
        64
        65
       335
       336
       337
       338
       339
        60
        61
        62
        64
        65
       513
      2489
      2983
      4057
      4063
        60
        61
        62
        63
        65
       434
      2488
      2633
      2827
      4057
      4058
        60
        61
        62
        63
        64
        84
       336
       434
       435
       436
        67
        68
        69
        70
        71
       230
      1580
      1745
      2074
      2078
        66
        68
        69
        70
        71
       431
      1657
      1747
      2074
      2075
        66
        67
        69
        70
        71
       230
       231
       232
       233
       234
        66
        67
        68
        70
        71
       231
       276
       433
       438
       439
       440
        66
        67
        68
        69
        71
        46
       389
       430
       431
       432
        66
        67
        68
        69
        70
       278
       391
       432
       433
        73
        74
        75
        76
        77
       351
      1584
      1610
      2065
      2066
      2067
        72
        74
        75
        76
        77
       528
      1583
      1788
      2066
      2079
        72
        73
        75
        76
        77
        79
       236
       351
       352
       353
        72
        73
        74
        76
        77
       238
       352
       368
       369
       370
        72
        73
        74
        75
        77
       233
       468
       526
       528
       529
        72
        73
        74
        75
        76
       310
       368
       468
       469
       470
        79
        80
        81
        82
        83
       353
      1071
      2063
      2067
      2082
        78
        80
        81
        82
        83
        74
       236
       351
       352
       353
        78
        79
        81
        82
        83
       235
       328
       423
       442
       569
       570
        78
        79
        80
        82
        83
       235
       236
       237
       238
        78
        79
        80
        81
        83
       571
      1073
      1134
      2069
      2082
        78
        79
        80
        81
        82
       138
       441
       569
       571
       572
        85
        86
        87
        88
        89
        65
       336
       434
       435
       436
        84
        86
        87
        88
        89
       435
      2519
      2630
      4052
      4058
        84
        85
        87
        88
        89
       197
       337
       362
       436
       437
        84
        85
        86
        88
        89
       265
      2484
      2517
      4046
      4052
        84
        85
        86
        87
        89
       144
       198
       264
       362
       363
        84
        85
        86
        87
        88
        32
       142
       263
       264
       265
        91
        92
        93
        94
        95
       340
       341
       342
       343
       344
        90
        92
        93
        94
        95
        17
       254
       340
       577
       582
       583
        90
        91
        93
        94
        95
       397
      2113
      2234
      4051
      4064
        90
        91
        92
        94
        95
       583
      2145
      2236
      4044
      4051
        90
        91
        92
        93
        95
       203
       341
       394
       395
       396
        90
        91
        92
        93
        94
       204
       394
       397
       398
       399
        97
        98
        99
       100
       103
       239
       496
       498
        96
        98
        99
       100
       239
       240
       241
       242
        96
        97
        99
       100
        52
       225
       354
       357
        96
        97
        98
       100
       227
       240
       354
       355
       356
        96
        97
        98
        99
       866
      1037
      1041
       102
       103
       104
       105
       108
       345
       346
       347
       101
       103
       104
       105
       180
       345
       400
       401
       402
       101
       102
       104
       105
        96
       239
       496
       498
       101
       102
       103
       105
       242
       400
       463
       496
       497
       101
       102
       103
       104
      1019
      1030
      1031
       107
       108
       109
       110
       113
       243
       557
       558
       106
       108
       109
       110
       245
       403
       543
       555
       557
       106
       107
       109
       110
       101
       345
       346
       347
       106
       107
       108
       110
       184
       347
       402
       403
       404
       106
       107
       108
       109
       884
      1036
      1039
       112
       113
       114
       115
       116
       358
       378
       379
       111
       113
       114
       115
       244
       358
       359
       360
       361
       111
       112
       114
       115
       106
       243
       557
       558
       111
       112
       113
       115
       243
       244
       245
       246
       111
       112
       113
       114
       954
      1034
      1035
       117
       118
       119
       120
       111
       358
       378
       379
       116
       118
       119
       120
       169
       361
       379
       447
       448
       116
       117
       119
       120
       124
       454
       505
       507
       116
       117
       118
       120
       168
       211
       447
       456
       505
       506
       116
       117
       118
       119
       881
      1038
      1044
       122
       123
       124
       125
        47
       247
       248
       249
       121
       123
       124
       125
       249
       280
       390
       392
       393
       121
       122
       124
       125
       214
       392
       454
       455
       456
       121
       122
       123
       125
       118
       454
       505
       507
       121
       122
       123
       124
       995
      1032
      1033
         7
       127
       128
       129
       130
         6
        28
       141
       371
       372
       373
         7
       126
       128
       129
       130
         8
       253
      4130
      4131
         7
       126
       127
       129
       130
        39
       250
       251
       252
       253
         7
       126
       127
       128
       130
       195
       252
       374
       420
       421
       422
         7
       126
       127
       128
       129
       143
       199
       363
       373
       374
        20
       132
       133
       134
       135
        18
       254
       255
       256
       257
        20
       131
       133
       134
       135
        21
      2133
      2433
      4043
      4059
        20
       131
       132
       134
       135
       255
       332
       385
       485
       487
        20
       131
       132
       133
       135
        54
       330
       484
       485
       486
        20
       131
       132
       133
       134
       486
      2134
      2221
      4054
      4059
        26
       137
       138
       139
       140
        25
      1078
      1394
      2068
      2073
        26
       136
       138
       139
       140
        22
       260
       348
       349
       350
        26
       136
       137
       139
       140
        83
       441
       569
       571
       572
        26
       136
       137
       138
       140
       572
      1136
      1396
      2068
      2069
        26
       136
       137
       138
       139
       327
       348
       441
       442
       443
        30
       142
       143
       144
         6
        28
       126
       371
       372
       373
        30
       141
       143
       144
        32
        89
       263
       264
       265
        30
       141
       142
       144
       130
       199
       363
       373
       374
        30
       141
       142
       143
        88
       198
       264
       362
       363
        33
       146
       147
       148
       149
        34
       266
       267
       268
       269
        33
       145
       147
       148
       149
        35
      4134
      4135
        33
       145
       146
       148
       149
       267
       364
       365
       366
       367
        33
       145
       146
       147
       149
        42
       189
       364
       481
       524
       525
        33
       145
       146
       147
       148
        41
       524
      4133
      4134
       151
       152
       153
       154
       176
       406
       462
       531
       534
       150
       152
       153
       154
       175
       387
       488
       499
       531
       532
       150
       151
       153
       154
       320
       499
       500
       501
       150
       151
       152
       154
       190
       319
       405
       500
       544
       547
       150
       151
       152
       153
       405
       406
       407
       408
       409
       156
       157
       158
       159
       275
       473
       474
       475
       476
       155
       157
       158
       159
       293
       473
       503
       549
       550
       155
       156
       158
       159
       223
       504
       523
       549
       553
       554
       155
       156
       157
       159
       162
       515
       553
       561
       564
       155
       156
       157
       158
       317
       474
       515
       516
       517
       161
       162
       163
       164
       224
       461
       495
       554
       563
       564
       160
       162
       163
       164
       301
       325
       449
       459
       563
       566
       160
       161
       163
       164
       158
       515
       553
       561
       564
       160
       161
       162
       164
       304
       449
       450
       451
       160
       161
       162
       163
       315
       450
       516
       561
       562
       166
       167
       168
       169
       360
       448
       465
       466
       467
       165
       167
       168
       169
       294
       412
       465
       508
       559
       560
       165
       166
       168
       169
       210
       413
       492
       506
       508
       165
       166
       167
       169
       119
       211
       447
       456
       505
       506
       165
       166
       167
       168
       117
       361
       379
       447
       448
       171
       172
       173
       174
       306
       410
       417
       530
       580
       581
       170
       172
       173
       174
       307
       440
       493
       527
       530
       170
       171
       173
       174
       410
       411
       412
       413
       414
       170
       171
       172
       174
       212
       411
       457
       491
       492
       170
       171
       172
       173
       277
       439
       458
       491
       493
       176
       177
       178
       179
       151
       387
       488
       499
       531
       532
       175
       177
       178
       179
       150
       406
       462
       531
       534
       175
       176
       178
       179
       333
       388
       445
       487
       488
       175
       176
       177
       179
       228
       334
       355
       376
       445
       446
       175
       176
       177
       178
       241
       356
       446
       462
       463
       464
       181
       182
       183
       184
       102
       345
       400
       401
       402
       180
       182
       183
       184
       401
       408
       464
       497
       533
       534
       180
       181
       183
       184
       287
       407
       533
       541
       548
       180
       181
       182
       184
       283
       404
       541
       542
       543
       180
       181
       182
       183
       109
       347
       402
       403
       404
       186
       187
       188
       189
       217
       220
       483
       502
       522
       523
       185
       187
       188
       189
       216
       422
       452
       482
       483
       185
       186
       188
       189
       221
       366
       494
       522
       525
       185
       186
       187
       189
        40
       250
       421
       481
       482
       185
       186
       187
       188
        42
       148
       364
       481
       524
       525
       191
       192
       193
       194
       153
       319
       405
       500
       544
       547
       190
       192
       193
       194
       318
       477
       544
       545
       546
       190
       191
       193
       194
       299
       477
       478
       479
       480
       190
       191
       192
       194
       286
       409
       520
       547
       548
       190
       191
       192
       193
       285
       297
       478
       520
       521
       196
       197
       198
       199
       129
       252
       374
       420
       421
       422
       195
       197
       198
       199
       215
       338
       420
       437
       452
       453
       195
       196
       198
       199
        86
       337
       362
       436
       437
       195
       196
       197
       199
        88
       144
       264
       362
       363
       195
       196
       197
       198
       130
       143
       363
       373
       374
       201
       202
       203
       204
        61
       398
       512
       513
       514
       200
       202
       203
       204
        60
       289
       335
       490
       509
       512
       200
       201
       203
       204
       288
       395
       509
       510
       511
       200
       201
       202
       204
        94
       341
       394
       395
       396
       200
       201
       202
       203
        95
       394
       397
       398
       399
       206
       207
       208
       209
       298
       415
       479
       567
       568
       205
       207
       208
       209
       313
       480
       546
       565
       567
       579
       205
       206
       208
       209
       302
       314
       451
       535
       562
       565
       205
       206
       207
       209
       303
       416
       535
       536
       537
       205
       206
       207
       208
       415
       416
       417
       418
       419
       211
       212
       213
       214
       167
       413
       492
       506
       508
       210
       212
       213
       214
       119
       168
       447
       456
       505
       506
       210
       211
       213
       214
       173
       411
       457
       491
       492
       210
       211
       212
       214
       281
       393
       455
       457
       458
       210
       211
       212
       213
       123
       392
       454
       455
       456
       216
       217
       218
       219
       196
       338
       420
       437
       452
       453
       215
       217
       218
       219
       186
       422
       452
       482
       483
       215
       216
       218
       219
       185
       220
       483
       502
       522
       523
       215
       216
       217
       219
       290
       339
       453
       489
       490
       215
       216
       217
       218
       291
       489
       502
       503
       504
       221
       222
       223
       224
       185
       217
       483
       502
       522
       523
       220
       222
       223
       224
       187
       366
       494
       522
       525
       220
       221
       223
       224
       367
       381
       460
       494
       495
       220
       221
       222
       224
       157
       504
       523
       549
       553
       554
       220
       221
       222
       223
       160
       461
       495
       554
       563
       564
        53
       226
       227
       228
       229
        52
        98
       354
       357
        53
       225
       227
       228
       229
        15
        50
        57
       375
       377
        53
       225
       226
       228
       229
        99
       240
       354
       355
       356
        53
       225
       226
       227
       229
       178
       334
       355
       376
       445
       446
        53
       225
       226
       227
       228
        56
       331
       375
       376
        68
       231
       232
       233
       234
        66
      1580
      1745
      2074
      2078
        68
       230
       232
       233
       234
        69
       276
       433
       438
       439
       440
        68
       230
       231
       233
       234
       311
       438
       469
       526
       527
        68
       230
       231
       232
       234
        76
       468
       526
       528
       529
        68
       230
       231
       232
       233
       529
      1578
      1791
      1908
      2078
      2079
        81
       236
       237
       238
        80
       328
       423
       442
       569
       570
        81
       235
       237
       238
        74
        79
       351
       352
       353
        81
       235
       236
       238
       369
       423
       424
       425
       426
        81
       235
       236
       237
        75
       352
       368
       369
       370
        97
       240
       241
       242
        96
       103
       496
       498
        97
       239
       241
       242
        99
       227
       354
       355
       356
        97
       239
       240
       242
       179
       356
       446
       462
       463
       464
        97
       239
       240
       241
       104
       400
       463
       496
       497
       114
       244
       245
       246
       106
       113
       557
       558
       114
       243
       245
       246
       112
       358
       359
       360
       361
       114
       243
       244
       246
       107
       403
       543
       555
       557
       114
       243
       244
       245
       282
       359
       466
       542
       555
       556
        47
       121
       248
       249
        48
       279
       389
       390
       391
        47
       121
       247
       249
       639
      1033
      1045
        47
       121
       247
       248
       122
       280
       390
       392
       393
        39
       128
       251
       252
       253
        40
       188
       421
       481
       482
        39
       128
       250
       252
       253
        44
      4131
      4132
        39
       128
       250
       251
       253
       129
       195
       374
       420
       421
       422
        39
       128
       250
       251
       252
         8
       127
      4130
      4131
        18
       131
       255
       256
       257
        17
        91
       340
       577
       582
       583
        18
       131
       254
       256
       257
       133
       332
       385
       485
       487
        18
       131
       254
       255
       257
       342
       384
       539
       576
       577
        18
       131
       254
       255
       256
       384
       385
       386
       387
       388
         5
        23
       259
       260
       261
       262
         1
        37
       266
       427
       428
         5
        23
       258
       260
       261
       262
         4
      1049
      2070
      2071
      2072
         5
        23
       258
       259
       261
       262
        22
       137
       348
       349
       350
         5
        23
       258
       259
       260
       262
        24
      1048
      1075
      2071
      2073
         5
        23
       258
       259
       260
       261
       268
       349
       380
       428
       429
        32
        89
       142
       264
       265
        31
      2486
      4045
      4046
        32
        89
       142
       263
       265
        88
       144
       198
       362
       363
        32
        89
       142
       263
       264
        87
      2484
      2517
      4046
      4052
        34
       145
       267
       268
       269
         1
        37
       258
       427
       428
        34
       145
       266
       268
       269
       147
       364
       365
       366
       367
        34
       145
       266
       267
       269
       262
       349
       380
       428
       429
        34
       145
       266
       267
       268
       365
       380
       381
       382
       383
       271
       272
       273
       274
       275
       322
       518
       538
       575
       578
       270
       272
       273
       274
       275
       343
       540
       551
       575
       576
       270
       271
       273
       274
       275
       316
       476
       517
       518
       519
       270
       271
       272
       274
       275
       344
       396
       511
       551
       552
       270
       271
       272
       273
       275
       292
       475
       510
       550
       552
       270
       271
       272
       273
       274
       155
       473
       474
       475
       476
       277
       278
       279
       280
       281
        69
       231
       433
       438
       439
       440
       276
       278
       279
       280
       281
       174
       439
       458
       491
       493
       276
       277
       279
       280
       281
        71
       391
       432
       433
       276
       277
       278
       280
       281
        48
       247
       389
       390
       391
       276
       277
       278
       279
       281
       122
       249
       390
       392
       393
       276
       277
       278
       279
       280
       213
       393
       455
       457
       458
       283
       284
       285
       286
       287
       246
       359
       466
       542
       555
       556
       282
       284
       285
       286
       287
       183
       404
       541
       542
       543
       282
       283
       285
       286
       287
       295
       467
       521
       556
       559
       282
       283
       284
       286
       287
       194
       297
       478
       520
       521
       282
       283
       284
       285
       287
       193
       409
       520
       547
       548
       282
       283
       284
       285
       286
       182
       407
       533
       541
       548
       289
       290
       291
       292
       293
       202
       395
       509
       510
       511
       288
       290
       291
       292
       293
        60
       201
       335
       490
       509
       512
       288
       289
       291
       292
       293
       218
       339
       453
       489
       490
       288
       289
       290
       292
       293
       219
       489
       502
       503
       504
       288
       289
       290
       291
       293
       274
       475
       510
       550
       552
       288
       289
       290
       291
       292
       156
       473
       503
       549
       550
       295
       296
       297
       298
       299
       166
       412
       465
       508
       559
       560
       294
       296
       297
       298
       299
       284
       467
       521
       556
       559
       294
       295
       297
       298
       299
       414
       418
       560
       568
       581
       294
       295
       296
       298
       299
       194
       285
       478
       520
       521
       294
       295
       296
       297
       299
       205
       415
       479
       567
       568
       294
       295
       296
       297
       298
       192
       477
       478
       479
       480
       301
       302
       303
       304
       305
       324
       426
       566
       570
       573
       300
       302
       303
       304
       305
       161
       325
       449
       459
       563
       566
       300
       301
       303
       304
       305
       207
       314
       451
       535
       562
       565
       300
       301
       302
       304
       305
       208
       416
       535
       536
       537
       300
       301
       302
       303
       305
       163
       449
       450
       451
       300
       301
       302
       303
       304
       425
       472
       536
       573
       574
       307
       308
       309
       310
       311
       170
       410
       417
       530
       580
       581
       306
       308
       309
       310
       311
       171
       440
       493
       527
       530
       306
       307
       309
       310
       311
       419
       471
       537
       574
       580
       306
       307
       308
       310
       311
       370
       424
       470
       471
       472
       306
       307
       308
       309
       311
        77
       368
       468
       469
       470
       306
       307
       308
       309
       310
       232
       438
       469
       526
       527
       313
       314
       315
       316
       317
       323
       519
       545
       578
       579
       312
       314
       315
       316
       317
       206
       480
       546
       565
       567
       579
       312
       313
       315
       316
       317
       207
       302
       451
       535
       562
       565
       312
       313
       314
       316
       317
       164
       450
       516
       561
       562
       312
       313
       314
       315
       317
       272
       476
       517
       518
       519
       312
       313
       314
       315
       316
       159
       474
       515
       516
       517
       319
       320
       321
       322
       323
       191
       477
       544
       545
       546
       318
       320
       321
       322
       323
       153
       190
       405
       500
       544
       547
       318
       319
       321
       322
       323
       152
       499
       500
       501
       318
       319
       320
       322
       323
       386
       501
       532
       538
       539
       540
       318
       319
       320
       321
       323
       270
       518
       538
       575
       578
       318
       319
       320
       321
       322
       312
       519
       545
       578
       579
       325
       326
       327
       328
       329
       300
       426
       566
       570
       573
       324
       326
       327
       328
       329
       161
       301
       449
       459
       563
       566
       324
       325
       327
       328
       329
       382
       444
       459
       460
       461
       324
       325
       326
       328
       329
       140
       348
       441
       442
       443
       324
       325
       326
       327
       329
        80
       235
       423
       442
       569
       570
       324
       325
       326
       327
       328
       350
       383
       429
       443
       444
        55
       331
       332
       333
       334
        54
       134
       484
       485
       486
        55
       330
       332
       333
       334
        56
       229
       375
       376
        55
       330
       331
       333
       334
       133
       255
       385
       485
       487
        55
       330
       331
       332
       334
       177
       388
       445
       487
       488
        55
       330
       331
       332
       333
       178
       228
       355
       376
       445
       446
        62
       336
       337
       338
       339
        60
       201
       289
       490
       509
       512
        62
       335
       337
       338
       339
        65
        84
       434
       435
       436
        62
       335
       336
       338
       339
        86
       197
       362
       436
       437
        62
       335
       336
       337
       339
       196
       215
       420
       437
       452
       453
        62
       335
       336
       337
       338
       218
       290
       453
       489
       490
        90
       341
       342
       343
       344
        17
        91
       254
       577
       582
       583
        90
       340
       342
       343
       344
        94
       203
       394
       395
       396
        90
       340
       341
       343
       344
       256
       384
       539
       576
       577
        90
       340
       341
       342
       344
       271
       540
       551
       575
       576
        90
       340
       341
       342
       343
       273
       396
       511
       551
       552
       101
       108
       346
       347
       102
       180
       400
       401
       402
       101
       108
       345
       347
       690
      1031
      1039
       101
       108
       345
       346
       109
       184
       402
       403
       404
        22
       137
       260
       349
       350
       140
       327
       441
       442
       443
        22
       137
       260
       348
       350
       262
       268
       380
       428
       429
        22
       137
       260
       348
       349
       329
       383
       429
       443
       444
        74
        79
       236
       352
       353
        72
      1584
      1610
      2065
      2066
      2067
        74
        79
       236
       351
       353
        75
       238
       368
       369
       370
        74
        79
       236
       351
       352
        78
      1071
      2063
      2067
      2082
        99
       227
       240
       355
       356
        52
        98
       225
       357
        99
       227
       240
       354
       356
       178
       228
       334
       376
       445
       446
        99
       227
       240
       354
       355
       179
       241
       446
       462
       463
       464
        52
        98
       225
       354
       698
      1040
      1041
       112
       244
       359
       360
       361
       111
       116
       378
       379
       112
       244
       358
       360
       361
       246
       282
       466
       542
       555
       556
       112
       244
       358
       359
       361
       165
       448
       465
       466
       467
       112
       244
       358
       359
       360
       117
       169
       379
       447
       448
        88
       144
       198
       264
       363
        86
       197
       337
       436
       437
        88
       144
       198
       264
       362
       130
       143
       199
       373
       374
       147
       267
       365
       366
       367
        42
       148
       189
       481
       524
       525
       147
       267
       364
       366
       367
       269
       380
       381
       382
       383
       147
       267
       364
       365
       367
       187
       221
       494
       522
       525
       147
       267
       364
       365
       366
       222
       381
       460
       494
       495
        75
       238
       352
       369
       370
        77
       310
       468
       469
       470
        75
       238
       352
       368
       370
       237
       423
       424
       425
       426
        75
       238
       352
       368
       369
       309
       424
       470
       471
       472
         6
        28
       126
       141
       372
       373
        11
      4164
      4165
         6
        28
       126
       141
       371
       373
        27
      4163
      4164
         6
        28
       126
       141
       371
       372
       130
       143
       199
       363
       374
       130
       143
       199
       363
       373
       129
       195
       252
       420
       421
       422
        56
       229
       331
       376
        15
        50
        57
       226
       377
        56
       229
       331
       375
       178
       228
       334
       355
       445
       446
        15
        50
        57
       226
       375
        13
        58
      2106
      4053
      4074
       111
       116
       358
       379
       682
      1035
      1038
       111
       116
       358
       378
       117
       169
       361
       447
       448
       269
       365
       381
       382
       383
       262
       268
       349
       428
       429
       269
       365
       380
       382
       383
       222
       367
       460
       494
       495
       269
       365
       380
       381
       383
       326
       444
       459
       460
       461
       269
       365
       380
       381
       382
       329
       350
       429
       443
       444
       257
       385
       386
       387
       388
       256
       342
       539
       576
       577
       257
       384
       386
       387
       388
       133
       255
       332
       485
       487
       257
       384
       385
       387
       388
       321
       501
       532
       538
       539
       540
       257
       384
       385
       386
       388
       151
       175
       488
       499
       531
       532
       257
       384
       385
       386
       387
       177
       333
       445
       487
       488
        48
       247
       279
       390
       391
        46
        70
       430
       431
       432
        48
       247
       279
       389
       391
       122
       249
       280
       392
       393
        48
       247
       279
       389
       390
        71
       278
       432
       433
       122
       249
       280
       390
       393
       123
       214
       454
       455
       456
       122
       249
       280
       390
       392
       213
       281
       455
       457
       458
        94
       203
       341
       395
       396
        95
       204
       397
       398
       399
        94
       203
       341
       394
       396
       202
       288
       509
       510
       511
        94
       203
       341
       394
       395
       273
       344
       511
       551
       552
        95
       204
       394
       398
       399
        92
      2113
      2234
      4051
      4064
        95
       204
       394
       397
       399
        61
       200
       512
       513
       514
        95
       204
       394
       397
       398
       514
      2115
      2982
      4063
      4064
       102
       180
       345
       401
       402
       104
       242
       463
       496
       497
       102
       180
       345
       400
       402
       181
       408
       464
       497
       533
       534
       102
       180
       345
       400
       401
       109
       184
       347
       403
       404
       109
       184
       347
       402
       404
       107
       245
       543
       555
       557
       109
       184
       347
       402
       403
       183
       283
       541
       542
       543
       154
       406
       407
       408
       409
       153
       190
       319
       500
       544
       547
       154
       405
       407
       408
       409
       150
       176
       462
       531
       534
       154
       405
       406
       408
       409
       182
       287
       533
       541
       548
       154
       405
       406
       407
       409
       181
       401
       464
       497
       533
       534
       154
       405
       406
       407
       408
       193
       286
       520
       547
       548
       172
       411
       412
       413
       414
       170
       306
       417
       530
       580
       581
       172
       410
       412
       413
       414
       173
       212
       457
       491
       492
       172
       410
       411
       413
       414
       166
       294
       465
       508
       559
       560
       172
       410
       411
       412
       414
       167
       210
       492
       506
       508
       172
       410
       411
       412
       413
       296
       418
       560
       568
       581
       209
       416
       417
       418
       419
       205
       298
       479
       567
       568
       209
       415
       417
       418
       419
       208
       303
       535
       536
       537
       209
       415
       416
       418
       419
       170
       306
       410
       530
       580
       581
       209
       415
       416
       417
       419
       296
       414
       560
       568
       581
       209
       415
       416
       417
       418
       308
       471
       537
       574
       580
       129
       195
       252
       374
       421
       422
       196
       215
       338
       437
       452
       453
       129
       195
       252
       374
       420
       422
        40
       188
       250
       481
       482
       129
       195
       252
       374
       420
       421
       186
       216
       452
       482
       483
       237
       369
       424
       425
       426
        80
       235
       328
       442
       569
       570
       237
       369
       423
       425
       426
       309
       370
       470
       471
       472
       237
       369
       423
       424
       426
       305
       472
       536
       573
       574
       237
       369
       423
       424
       425
       300
       324
       566
       570
       573
         1
        37
       258
       266
       428
         2
        36
      4136
      4137
         1
        37
       258
       266
       427
       262
       268
       349
       380
       429
       262
       268
       349
       380
       428
       329
       350
       383
       443
       444
        46
        70
       389
       431
       432
        45
      1656
      2075
      2093
        46
        70
       389
       430
       432
        67
      1657
      1747
      2074
      2075
        46
        70
       389
       430
       431
        71
       278
       391
       433
        71
       278
       391
       432
        69
       231
       276
       438
       439
       440
        65
        84
       336
       435
       436
        64
      2488
      2633
      2827
      4057
      4058
        65
        84
       336
       434
       436
        85
      2519
      2630
      4052
      4058
        65
        84
       336
       434
       435
        86
       197
       337
       362
       437
        86
       197
       337
       362
       436
       196
       215
       338
       420
       452
       453
        69
       231
       276
       433
       439
       440
       232
       311
       469
       526
       527
        69
       231
       276
       433
       438
       440
       174
       277
       458
       491
       493
        69
       231
       276
       433
       438
       439
       171
       307
       493
       527
       530
       140
       327
       348
       442
       443
        83
       138
       569
       571
       572
       140
       327
       348
       441
       443
        80
       235
       328
       423
       569
       570
       140
       327
       348
       441
       442
       329
       350
       383
       429
       444
       329
       350
       383
       429
       443
       326
       382
       459
       460
       461
       178
       228
       334
       355
       376
       446
       177
       333
       388
       487
       488
       178
       228
       334
       355
       376
       445
       179
       241
       356
       462
       463
       464
       117
       169
       361
       379
       448
       119
       168
       211
       456
       505
       506
       117
       169
       361
       379
       447
       165
       360
       465
       466
       467
       163
       304
       450
       451
       161
       301
       325
       459
       563
       566
       163
       304
       449
       451
       164
       315
       516
       561
       562
       163
       304
       449
       450
       207
       302
       314
       535
       562
       565
       196
       215
       338
       420
       437
       453
       186
       216
       422
       482
       483
       196
       215
       338
       420
       437
       452
       218
       290
       339
       489
       490
       123
       214
       392
       455
       456
       118
       124
       505
       507
       123
       214
       392
       454
       456
       213
       281
       393
       457
       458
       123
       214
       392
       454
       455
       119
       168
       211
       447
       505
       506
       213
       281
       393
       455
       458
       173
       212
       411
       491
       492
       213
       281
       393
       455
       457
       174
       277
       439
       491
       493
       326
       382
       444
       460
       461
       161
       301
       325
       449
       563
       566
       326
       382
       444
       459
       461
       222
       367
       381
       494
       495
       326
       382
       444
       459
       460
       160
       224
       495
       554
       563
       564
       179
       241
       356
       446
       463
       464
       150
       176
       406
       531
       534
       179
       241
       356
       446
       462
       464
       104
       242
       400
       496
       497
       179
       241
       356
       446
       462
       463
       181
       401
       408
       497
       533
       534
       165
       360
       448
       466
       467
       166
       294
       412
       508
       559
       560
       165
       360
       448
       465
       467
       246
       282
       359
       542
       555
       556
       165
       360
       448
       465
       466
       284
       295
       521
       556
       559
        77
       310
       368
       469
       470
        76
       233
       526
       528
       529
        77
       310
       368
       468
       470
       232
       311
       438
       526
       527
        77
       310
       368
       468
       469
       309
       370
       424
       471
       472
       309
       370
       424
       470
       472
       308
       419
       537
       574
       580
       309
       370
       424
       470
       471
       305
       425
       536
       573
       574
       155
       275
       474
       475
       476
       156
       293
       503
       549
       550
       155
       275
       473
       475
       476
       159
       317
       515
       516
       517
       155
       275
       473
       474
       476
       274
       292
       510
       550
       552
       155
       275
       473
       474
       475
       272
       316
       517
       518
       519
       192
       299
       478
       479
       480
       191
       318
       544
       545
       546
       192
       299
       477
       479
       480
       194
       285
       297
       520
       521
       192
       299
       477
       478
       480
       205
       298
       415
       567
       568
       192
       299
       477
       478
       479
       206
       313
       546
       565
       567
       579
        40
       188
       250
       421
       482
        42
       148
       189
       364
       524
       525
        40
       188
       250
       421
       481
       186
       216
       422
       452
       483
       186
       216
       422
       452
       482
       185
       217
       220
       502
       522
       523
        54
       134
       330
       485
       486
        59
      2108
      2219
      4053
      4054
        54
       134
       330
       484
       486
       133
       255
       332
       385
       487
        54
       134
       330
       484
       485
       135
      2134
      2221
      4054
      4059
       133
       255
       332
       385
       485
       177
       333
       388
       445
       488
       177
       333
       388
       445
       487
       151
       175
       387
       499
       531
       532
       218
       290
       339
       453
       490
       219
       291
       502
       503
       504
       218
       290
       339
       453
       489
        60
       201
       289
       335
       509
       512
       173
       212
       411
       457
       492
       174
       277
       439
       458
       493
       173
       212
       411
       457
       491
       167
       210
       413
       506
       508
       174
       277
       439
       458
       491
       171
       307
       440
       527
       530
       222
       367
       381
       460
       495
       187
       221
       366
       522
       525
       222
       367
       381
       460
       494
       160
       224
       461
       554
       563
       564
       104
       242
       400
       463
       497
        96
       103
       239
       498
       104
       242
       400
       463
       496
       181
       401
       408
       464
       533
       534
        96
       103
       239
       496
       694
      1030
      1037
       152
       320
       500
       501
       151
       175
       387
       488
       531
       532
       152
       320
       499
       501
       153
       190
       319
       405
       544
       547
       152
       320
       499
       500
       321
       386
       532
       538
       539
       540
       219
       291
       489
       503
       504
       185
       217
       220
       483
       522
       523
       219
       291
       489
       502
       504
       156
       293
       473
       549
       550
       219
       291
       489
       502
       503
       157
       223
       523
       549
       553
       554
       119
       168
       211
       447
       456
       506
       118
       124
       454
       507
       119
       168
       211
       447
       456
       505
       167
       210
       413
       492
       508
       118
       124
       454
       505
       678
      1032
      1044
       167
       210
       413
       492
       506
       166
       294
       412
       465
       559
       560
       202
       288
       395
       510
       511
        60
       201
       289
       335
       490
       512
       202
       288
       395
       509
       511
       274
       292
       475
       550
       552
       202
       288
       395
       509
       510
       273
       344
       396
       551
       552
        61
       200
       398
       513
       514
        60
       201
       289
       335
       490
       509
        61
       200
       398
       512
       514
        63
      2489
      2983
      4057
      4063
        61
       200
       398
       512
       513
       399
      2115
      2982
      4063
      4064
       159
       317
       474
       516
       517
       158
       162
       553
       561
       564
       159
       317
       474
       515
       517
       164
       315
       450
       561
       562
       159
       317
       474
       515
       516
       272
       316
       476
       518
       519
       272
       316
       476
       517
       519
       270
       322
       538
       575
       578
       272
       316
       476
       517
       518
       312
       323
       545
       578
       579
       194
       285
       297
       478
       521
       193
       286
       409
       547
       548
       194
       285
       297
       478
       520
       284
       295
       467
       556
       559
       185
       217
       220
       483
       502
       523
       187
       221
       366
       494
       525
       185
       217
       220
       483
       502
       522
       157
       223
       504
       549
       553
       554
        42
       148
       189
       364
       481
       525
        41
       149
      4133
      4134
        42
       148
       189
       364
       481
       524
       187
       221
       366
       494
       522
       232
       311
       438
       469
       527
        76
       233
       468
       528
       529
       232
       311
       438
       469
       526
       171
       307
       440
       493
       530
        76
       233
       468
       526
       529
        73
      1583
      1788
      2066
      2079
        76
       233
       468
       526
       528
       234
      1578
      1791
      1908
      2078
      2079
       171
       307
       440
       493
       527
       170
       306
       410
       417
       580
       581
       151
       175
       387
       488
       499
       532
       150
       176
       406
       462
       534
       151
       175
       387
       488
       499
       531
       321
       386
       501
       538
       539
       540
       181
       401
       408
       464
       497
       534
       182
       287
       407
       541
       548
       181
       401
       408
       464
       497
       533
       150
       176
       406
       462
       531
       208
       303
       416
       536
       537
       207
       302
       314
       451
       562
       565
       208
       303
       416
       535
       537
       305
       425
       472
       573
       574
       208
       303
       416
       535
       536
       308
       419
       471
       574
       580
       321
       386
       501
       532
       539
       540
       270
       322
       518
       575
       578
       321
       386
       501
       532
       538
       540
       256
       342
       384
       576
       577
       321
       386
       501
       532
       538
       539
       271
       343
       551
       575
       576
       183
       283
       404
       542
       543
       182
       287
       407
       533
       548
       183
       283
       404
       541
       543
       246
       282
       359
       466
       555
       556
       183
       283
       404
       541
       542
       107
       245
       403
       555
       557
       191
       318
       477
       545
       546
       153
       190
       319
       405
       500
       547
       191
       318
       477
       544
       546
       312
       323
       519
       578
       579
       191
       318
       477
       544
       545
       206
       313
       480
       565
       567
       579
       193
       286
       409
       520
       548
       153
       190
       319
       405
       500
       544
       193
       286
       409
       520
       547
       182
       287
       407
       533
       541
       156
       293
       473
       503
       550
       157
       223
       504
       523
       553
       554
       156
       293
       473
       503
       549
       274
       292
       475
       510
       552
       273
       344
       396
       511
       552
       271
       343
       540
       575
       576
       273
       344
       396
       511
       551
       274
       292
       475
       510
       550
       157
       223
       504
       523
       549
       554
       158
       162
       515
       561
       564
       157
       223
       504
       523
       549
       553
       160
       224
       461
       495
       563
       564
       246
       282
       359
       466
       542
       556
       107
       245
       403
       543
       557
       246
       282
       359
       466
       542
       555
       284
       295
       467
       521
       559
       106
       113
       243
       558
       107
       245
       403
       543
       555
       106
       113
       243
       557
       686
      1034
      1036
       166
       294
       412
       465
       508
       560
       284
       295
       467
       521
       556
       166
       294
       412
       465
       508
       559
       296
       414
       418
       568
       581
       164
       315
       450
       516
       562
       158
       162
       515
       553
       564
       164
       315
       450
       516
       561
       207
       302
       314
       451
       535
       565
       160
       224
       461
       495
       554
       564
       161
       301
       325
       449
       459
       566
       160
       224
       461
       495
       554
       563
       158
       162
       515
       553
       561
       207
       302
       314
       451
       535
       562
       206
       313
       480
       546
       567
       579
       161
       301
       325
       449
       459
       563
       300
       324
       426
       570
       573
       205
       298
       415
       479
       568
       206
       313
       480
       546
       565
       579
       205
       298
       415
       479
       567
       296
       414
       418
       560
       581
        80
       235
       328
       423
       442
       570
        83
       138
       441
       571
       572
        80
       235
       328
       423
       442
       569
       300
       324
       426
       566
       573
        83
       138
       441
       569
       572
        82
      1073
      1134
      2069
      2082
        83
       138
       441
       569
       571
       139
      1136
      1396
      2068
      2069
       300
       324
       426
       566
       570
       305
       425
       472
       536
       574
       305
       425
       472
       536
       573
       308
       419
       471
       537
       580
       271
       343
       540
       551
       576
       270
       322
       518
       538
       578
       271
       343
       540
       551
       575
       256
       342
       384
       539
       577
       256
       342
       384
       539
       576
        17
        91
       254
       340
       582
       583
       270
       322
       518
       538
       575
       312
       323
       519
       545
       579
       312
       323
       519
       545
       578
       206
       313
       480
       546
       565
       567
       308
       419
       471
       537
       574
       170
       306
       410
       417
       530
       581
       170
       306
       410
       417
       530
       580
       296
       414
       418
       560
       568
        17
        91
       254
       340
       577
       583
        19
      2141
      2434
      4043
      4044
        17
        91
       254
       340
       577
       582
        93
      2145
      2236
      4044
      4051
       585
       586
       587
       588
       619
       721
       769
       770
       771
       584
       586
       587
       588
       623
       721
       722
       723
       724
       584
       585
       587
       588
       623
       624
       625
       626
       627
       584
       585
       586
       588
       769
      3493
      3496
      3947
      4061
      4062
       584
       585
       586
       587
       624
      3494
      3523
      3832
      4061
      4069
       590
       591
       592
       593
       858
      1573
      1668
      1842
      2076
      2084
       589
       591
       592
       593
       635
       725
       856
       858
       859
       589
       590
       592
       593
       629
      1595
      1667
      2076
      2077
       589
       590
       591
       593
       628
       725
       726
       727
       728
       589
       590
       591
       592
       628
       629
       630
       631
       632
       595
       596
       597
       598
       633
      2085
      3574
      3898
      4048
      4055
       594
       596
       597
       598
       736
      3609
      3900
      4055
      4056
       594
       595
       597
       598
       633
       634
       635
       636
       637
       594
       595
       596
       598
       719
       736
       737
       738
       739
       594
       595
       596
       597
       634
       717
       737
       740
       741
       600
       601
       602
       603
       631
       660
       868
       901
      1028
      1029
       599
       601
       602
       603
       659
       768
       852
       868
       869
       870
       599
       600
       602
       603
       616
       766
       851
       852
       853
       599
       600
       601
       603
       851
      1594
      1647
      1893
      2083
      2090
       599
       600
       601
       602
       630
      1028
      1593
      2077
      2090
       605
       606
       607
       666
       729
       730
       604
       606
       607
       638
       639
       640
       604
       605
       607
        49
      1045
      1046
       604
       605
       606
      1712
      2094
      2095
       609
       610
       611
       641
       642
       643
       608
       610
       611
      2374
      4073
      4075
       608
       609
       611
        16
      1042
      1043
       608
       609
       610
       697
       731
       732
       613
       614
       615
       616
       617
       709
      1627
      1987
      2080
      2081
       612
       614
       615
       616
       617
       853
      1649
      1988
      2080
      2083
       612
       613
       615
       616
       617
       708
       733
       734
       735
       612
       613
       614
       616
       617
       708
       709
       710
       711
       612
       613
       614
       615
       617
       601
       766
       851
       852
       853
       612
       613
       614
       615
       616
       733
       766
       767
       768
       619
       620
       621
       622
       723
       770
       854
       855
       618
       620
       621
       622
       584
       721
       769
       770
       771
       618
       619
       621
       622
      3621
      4037
      4067
      4068
       618
       619
       620
       622
       771
      3498
      3619
      4062
      4068
       618
       619
       620
       621
       712
       713
       714
       586
       624
       625
       626
       627
       585
       721
       722
       723
       724
       586
       623
       625
       626
       627
       588
      3494
      3523
      3832
      4061
      4069
       586
       623
       624
       626
       627
       722
       760
       876
       877
       878
       586
       623
       624
       625
       627
       655
       876
       908
      1002
      1003
       586
       623
       624
       625
       626
       911
      1003
      3524
      4060
      4069
       593
       629
       630
       631
       632
       592
       725
       726
       727
       728
       593
       628
       630
       631
       632
       591
      1595
      1667
      2076
      2077
       593
       628
       629
       631
       632
       603
      1028
      1593
      2077
      2090
       593
       628
       629
       630
       632
       599
       660
       868
       901
      1028
      1029
       593
       628
       629
       630
       631
       644
       726
       871
       901
       902
       903
       596
       634
       635
       636
       637
       594
      2085
      3574
      3898
      4048
      4055
       596
       633
       635
       636
       637
       598
       717
       737
       740
       741
       596
       633
       634
       636
       637
       590
       725
       856
       858
       859
       596
       633
       634
       635
       637
       727
       740
       773
       856
       857
       596
       633
       634
       635
       636
       859
      1572
      2084
      2085
      2086
       605
       639
       640
       729
       762
       763
       605
       638
       640
       248
      1033
      1045
       605
       638
       639
       679
       994
       995
       608
       642
       643
      2188
      4049
      4073
       608
       641
       643
       731
       764
       765
       608
       641
       642
       702
       912
       914
       645
       646
       647
       648
       632
       726
       871
       901
       902
       903
       644
       646
       647
       648
       728
       774
       857
       871
       872
       644
       645
       647
       648
       745
       902
       976
       985
       986
       644
       645
       646
       648
       775
       872
       873
       874
       875
       644
       645
       646
       647
       750
       873
       975
       976
       977
       650
       651
       652
       653
       748
       875
       936
       973
       975
       649
       651
       652
       653
       716
       772
       874
       923
       936
       937
       649
       650
       652
       653
       755
       924
       937
       998
      1001
       649
       650
       651
       653
       754
       974
       998
       999
       649
       650
       651
       652
       747
       933
       973
       974
       655
       656
       657
       658
       718
       738
       908
       909
       910
       911
       654
       656
       657
       658
       626
       876
       908
      1002
      1003
       654
       655
       657
       658
       720
       909
       922
       923
       924
       654
       655
       656
       658
       758
       878
       971
      1000
      1002
       654
       655
       656
       657
       753
       922
       970
      1000
      1001
       660
       661
       662
       663
       600
       768
       852
       868
       869
       870
       659
       661
       662
       663
       599
       631
       868
       901
      1028
      1029
       659
       660
       662
       663
       743
       903
       986
      1014
      1029
       659
       660
       661
       663
       742
       919
      1014
      1015
       659
       660
       661
       662
       811
       869
       919
       920
       665
       666
       667
       670
       862
       863
       664
       666
       667
       763
       847
       848
       664
       665
       667
       604
       729
       730
       664
       665
       666
      1716
      2096
      2097
       669
       670
       671
       674
       916
       917
       668
       670
       671
       776
       777
       778
       668
       669
       671
       664
       862
       863
       668
       669
       670
      1720
      2087
      2088
       673
       674
       675
       711
       949
       950
       672
       674
       675
       779
       780
       781
       672
       673
       675
       668
       916
       917
       672
       673
       674
      1724
      2089
      2091
       677
       678
       679
       782
       783
       784
       676
       678
       679
       683
       880
       881
       676
       677
       679
       507
      1032
      1044
       676
       677
       678
       640
       994
       995
       681
       682
       683
       785
       786
       787
       680
       682
       683
       687
       953
       954
       680
       681
       683
       378
      1035
      1038
       680
       681
       682
       677
       880
       881
       685
       686
       687
       788
       789
       790
       684
       686
       687
       691
       883
       884
       684
       685
       687
       558
      1034
      1036
       684
       685
       686
       681
       953
       954
       689
       690
       691
       791
       792
       793
       688
       690
       691
       695
      1018
      1019
       688
       689
       691
       346
      1031
      1039
       688
       689
       690
       685
       883
       884
       693
       694
       695
       794
       795
       796
       692
       694
       695
       699
       865
       866
       692
       693
       695
       498
      1030
      1037
       692
       693
       694
       689
      1018
      1019
       697
       698
       699
       765
       849
       850
       696
       698
       699
       611
       731
       732
       696
       697
       699
       357
      1040
      1041
       696
       697
       698
       693
       865
       866
       701
       702
       703
       706
       958
       959
       700
       702
       703
      2192
      4050
      4070
       700
       701
       703
       643
       912
       914
       700
       701
       702
       797
       798
       799
       705
       706
       707
       714
       929
       931
       704
       706
       707
      2196
      4065
      4071
       704
       705
       707
       700
       958
       959
       704
       705
       706
       800
       801
       802
       615
       709
       710
       711
       614
       733
       734
       735
       615
       708
       710
       711
       612
      1627
      1987
      2080
      2081
       615
       708
       709
       711
      1629
      1815
      2081
      2092
       615
       708
       709
       710
       672
       949
       950
       622
       713
       714
      2119
      4066
      4067
       622
       712
       714
       854
       860
       861
       622
       712
       713
       704
       929
       931
       716
       717
       718
       719
       720
       741
       772
       773
       774
       775
       715
       717
       718
       719
       720
       650
       772
       874
       923
       936
       937
       715
       716
       718
       719
       720
       598
       634
       737
       740
       741
       715
       716
       717
       719
       720
       654
       738
       908
       909
       910
       911
       715
       716
       717
       718
       720
       597
       736
       737
       738
       739
       715
       716
       717
       718
       719
       656
       909
       922
       923
       924
       585
       623
       722
       723
       724
       584
       619
       769
       770
       771
       585
       623
       721
       723
       724
       625
       760
       876
       877
       878
       585
       623
       721
       722
       724
       618
       770
       854
       855
       585
       623
       721
       722
       723
       759
       855
       877
       879
       592
       628
       726
       727
       728
       590
       635
       856
       858
       859
       592
       628
       725
       727
       728
       632
       644
       871
       901
       902
       903
       592
       628
       725
       726
       728
       636
       740
       773
       856
       857
       592
       628
       725
       726
       727
       645
       774
       857
       871
       872
       604
       666
       730
       638
       762
       763
       604
       666
       729
      1976
      2095
      2096
       611
       697
       732
       642
       764
       765
       611
       697
       731
        51
      1040
      1043
       614
       708
       734
       735
       617
       766
       767
       768
       614
       708
       733
       735
       779
       949
       951
       614
       708
       733
       734
       767
       870
       920
       921
       597
       719
       737
       738
       739
       595
      3609
      3900
      4055
      4056
       597
       719
       736
       738
       739
       598
       634
       717
       740
       741
       597
       719
       736
       737
       739
       654
       718
       908
       909
       910
       911
       597
       719
       736
       737
       738
       910
      3525
      3607
      4056
      4060
       598
       634
       717
       737
       741
       636
       727
       773
       856
       857
       598
       634
       717
       737
       740
       715
       772
       773
       774
       775
       743
       744
       745
       746
       662
       919
      1014
      1015
       742
       744
       745
       746
       661
       903
       986
      1014
      1029
       742
       743
       745
       746
       749
       977
       983
       985
       742
       743
       744
       746
       646
       902
       976
       985
       986
       742
       743
       744
       745
       892
       893
       894
       748
       749
       750
       751
       653
       933
       973
       974
       747
       749
       750
       751
       649
       875
       936
       973
       975
       747
       748
       750
       751
       744
       977
       983
       985
       747
       748
       749
       751
       648
       873
       975
       976
       977
       747
       748
       749
       750
       895
       896
       897
       753
       754
       755
       756
       757
       968
       970
       971
       752
       754
       755
       756
       658
       922
       970
      1000
      1001
       752
       753
       755
       756
       652
       974
       998
       999
       752
       753
       754
       756
       651
       924
       937
       998
      1001
       752
       753
       754
       755
       898
       899
       900
       758
       759
       760
       761
       752
       968
       970
       971
       757
       759
       760
       761
       657
       878
       971
      1000
      1002
       757
       758
       760
       761
       724
       855
       877
       879
       757
       758
       759
       761
       625
       722
       876
       877
       878
       757
       758
       759
       760
       904
       906
       907
       638
       729
       763
       783
       993
       994
       638
       729
       762
       665
       847
       848
       642
       731
       765
       798
       912
       913
       642
       731
       764
       696
       849
       850
       617
       733
       767
       768
       601
       616
       851
       852
       853
       617
       733
       766
       768
       735
       870
       920
       921
       617
       733
       766
       767
       600
       659
       852
       868
       869
       870
       584
       619
       721
       770
       771
       587
      3493
      3496
      3947
      4061
      4062
       584
       619
       721
       769
       771
       618
       723
       854
       855
       584
       619
       721
       769
       770
       621
      3498
      3619
      4062
      4068
       715
       741
       773
       774
       775
       650
       716
       874
       923
       936
       937
       715
       741
       772
       774
       775
       636
       727
       740
       856
       857
       715
       741
       772
       773
       775
       645
       728
       857
       871
       872
       715
       741
       772
       773
       774
       647
       872
       873
       874
       875
       669
       777
       778
       780
       916
       918
       669
       776
       778
       847
       862
       864
       669
       776
       777
       939
       962
       967
       673
       780
       781
       734
       949
       951
       673
       779
       781
       776
       916
       918
       673
       779
       780
       952
       965
       966
       676
       783
       784
       786
       880
       882
       676
       782
       784
       762
       993
       994
       676
       782
       783
       805
       991
       992
       680
       786
       787
       789
       953
       955
       680
       785
       787
       782
       880
       882
       680
       785
       786
       817
      1004
      1005
       684
       789
       790
       792
       883
       885
       684
       788
       790
       785
       953
       955
       684
       788
       789
       825
      1006
      1007
       688
       792
       793
       795
      1017
      1018
       688
       791
       793
       788
       883
       885
       688
       791
       792
       833
      1016
      1020
       692
       795
       796
       849
       865
       867
       692
       794
       796
       791
      1017
      1018
       692
       794
       795
       841
       925
       926
       703
       798
       799
       801
       959
       960
       703
       797
       799
       764
       912
       913
       703
       797
       798
       886
       887
       888
       707
       801
       802
       860
       929
       930
       707
       800
       802
       797
       959
       960
       707
       800
       801
       889
       890
       891
       804
       805
       806
       809
       938
       939
       803
       805
       806
       818
      1010
      1011
       803
       804
       806
       784
       991
       992
       803
       804
       805
       864
       962
       963
       808
       809
       810
       813
       964
       965
       807
       809
       810
       822
      1008
      1009
       807
       808
       810
       803
       938
       939
       807
       808
       809
       918
       966
       967
       812
       813
       814
       663
       869
       919
       920
       811
       813
       814
       893
      1015
      1027
       811
       812
       814
       807
       964
       965
       811
       812
       813
       921
       951
       952
       816
       817
       818
       821
       940
       941
       815
       817
       818
       826
       987
       988
       815
       816
       818
       787
      1004
      1005
       815
       816
       817
       804
      1010
      1011
       820
       821
       822
       894
      1012
      1013
       819
       821
       822
       830
       989
       990
       819
       820
       822
       815
       940
       941
       819
       820
       821
       808
      1008
      1009
       824
       825
       826
       829
       942
       943
       823
       825
       826
       834
      1024
      1025
       823
       824
       826
       790
      1006
      1007
       823
       824
       825
       816
       987
       988
       828
       829
       830
       897
      1021
      1026
       827
       829
       830
       838
      1022
      1023
       827
       828
       830
       823
       942
       943
       827
       828
       829
       820
       989
       990
       832
       833
       834
       837
       944
       945
       831
       833
       834
       842
       978
       979
       831
       832
       834
       793
      1016
      1020
       831
       832
       833
       824
      1024
      1025
       836
       837
       838
       980
       996
       997
       835
       837
       838
       846
       981
       982
       835
       836
       838
       831
       944
       945
       835
       836
       837
       828
      1022
      1023
       840
       841
       842
       845
       956
       957
       839
       841
       842
       888
       927
       928
       839
       840
       842
       796
       925
       926
       839
       840
       841
       832
       978
       979
       844
       845
       846
       948
       969
       972
       843
       845
       846
       891
       946
       947
       843
       844
       846
       839
       956
       957
       843
       844
       845
       836
       981
       982
       665
       763
       848
       777
       862
       864
       665
       763
       847
       963
       992
       993
       696
       765
       850
       794
       865
       867
       696
       765
       849
       887
       913
       915
       601
       616
       766
       852
       853
       602
      1594
      1647
      1893
      2083
      2090
       601
       616
       766
       851
       853
       600
       659
       768
       868
       869
       870
       601
       616
       766
       851
       852
       613
      1649
      1988
      2080
      2083
       618
       723
       770
       855
       713
       860
       861
       618
       723
       770
       854
       724
       759
       877
       879
       636
       727
       740
       773
       857
       590
       635
       725
       858
       859
       636
       727
       740
       773
       856
       645
       728
       774
       871
       872
       590
       635
       725
       856
       859
       589
      1573
      1668
      1842
      2076
      2084
       590
       635
       725
       856
       858
       637
      1572
      2084
      2085
      2086
       713
       854
       861
       800
       929
       930
       713
       854
       860
       879
       904
       905
       664
       670
       863
       777
       847
       864
       664
       670
       862
      2032
      2088
      2097
       777
       847
       862
       806
       962
       963
       693
       699
       866
       794
       849
       867
       693
       699
       865
       100
      1037
      1041
       794
       849
       865
       915
       925
       928
       600
       659
       768
       852
       869
       870
       599
       631
       660
       901
      1028
      1029
       600
       659
       768
       852
       868
       870
       663
       811
       919
       920
       600
       659
       768
       852
       868
       869
       735
       767
       920
       921
       645
       728
       774
       857
       872
       632
       644
       726
       901
       902
       903
       645
       728
       774
       857
       871
       647
       775
       873
       874
       875
       647
       775
       872
       874
       875
       648
       750
       975
       976
       977
       647
       775
       872
       873
       875
       650
       716
       772
       923
       936
       937
       647
       775
       872
       873
       874
       649
       748
       936
       973
       975
       625
       722
       760
       877
       878
       626
       655
       908
      1002
      1003
       625
       722
       760
       876
       878
       724
       759
       855
       879
       625
       722
       760
       876
       877
       657
       758
       971
      1000
      1002
       724
       759
       855
       877
       861
       904
       905
       677
       683
       881
       782
       786
       882
       677
       683
       880
       120
      1038
      1044
       782
       786
       880
       991
      1005
      1011
       685
       691
       884
       788
       792
       885
       685
       691
       883
       110
      1036
      1039
       788
       792
       883
      1006
      1020
      1025
       799
       887
       888
       890
       960
       961
       799
       886
       888
       850
       913
       915
       799
       886
       887
       840
       927
       928
       802
       890
       891
       905
       930
       932
       802
       889
       891
       886
       960
       961
       802
       889
       890
       844
       946
       947
       746
       893
       894
       896
       983
       984
       746
       892
       894
       812
      1015
      1027
       746
       892
       893
       819
      1012
      1013
       751
       896
       897
       933
       934
       935
       751
       895
       897
       892
       983
       984
       751
       895
       896
       827
      1021
      1026
       756
       899
       900
       906
       968
       969
       756
       898
       900
       935
       997
       999
       756
       898
       899
       972
       980
       981
       632
       644
       726
       871
       902
       903
       599
       631
       660
       868
      1028
      1029
       632
       644
       726
       871
       901
       903
       646
       745
       976
       985
       986
       632
       644
       726
       871
       901
       902
       661
       743
       986
      1014
      1029
       861
       879
       905
       761
       906
       907
       861
       879
       904
       889
       930
       932
       761
       904
       907
       898
       968
       969
       761
       904
       906
       932
       946
       948
       654
       718
       738
       909
       910
       911
       626
       655
       876
      1002
      1003
       654
       718
       738
       908
       910
       911
       656
       720
       922
       923
       924
       654
       718
       738
       908
       909
       911
       739
      3525
      3607
      4056
      4060
       654
       718
       738
       908
       909
       910
       627
      1003
      3524
      4060
      4069
       764
       798
       913
       643
       702
       914
       764
       798
       912
       850
       887
       915
       643
       702
       912
      2439
      4049
      4050
       850
       887
       913
       867
       925
       928
       668
       674
       917
       776
       780
       918
       668
       674
       916
      1980
      2087
      2089
       776
       780
       916
       810
       966
       967
       663
       811
       869
       920
       662
       742
      1014
      1015
       663
       811
       869
       919
       735
       767
       870
       921
       735
       767
       870
       920
       814
       951
       952
       656
       720
       909
       923
       924
       658
       753
       970
      1000
      1001
       656
       720
       909
       922
       924
       650
       716
       772
       874
       936
       937
       656
       720
       909
       922
       923
       651
       755
       937
       998
      1001
       796
       841
       926
       867
       915
       928
       796
       841
       925
       979
      1016
      1017
       840
       888
       928
       947
       956
       961
       840
       888
       927
       867
       915
       925
       800
       860
       930
       704
       714
       931
       800
       860
       929
       889
       905
       932
       704
       714
       929
      2241
      4065
      4066
       889
       905
       930
       907
       946
       948
