         2
         3
         4
         5
        50
       162
       163
       164
       165
       166
         1
         3
         4
         5
       162
      1041
      1238
      1896
      1897
         1
         2
         4
         5
        54
        84
       163
       259
       261
         1
         2
         3
         5
        53
      1040
      1327
      1896
      1910
         1
         2
         3
         4
        53
        54
        55
        56
        57
         7
         8
         9
        10
        59
      2450
      2506
      2677
      4021
      4041
         6
         8
         9
        10
        37
       411
      2505
      2820
      4021
      4022
         6
         7
         9
        10
        36
       128
       174
       400
       411
         6
         7
         8
        10
        58
       128
       129
       130
         6
         7
         8
         9
        58
        59
        60
        61
        12
        13
        14
        15
        16
        48
      1971
      2019
      4023
      4024
        11
        13
        14
        15
        16
        48
        49
        50
        51
        52
        11
        12
        14
        15
        16
        49
        83
       123
       164
       258
       259
        11
        12
        13
        15
        16
      1972
      2521
      2973
      4023
      4027
        11
        12
        13
        14
        16
       124
      2522
      2834
      4027
      4028
        11
        12
        13
        14
        15
       123
       124
       125
       126
       127
        18
        19
        20
        21
        42
       131
       146
       187
       374
       375
        17
        19
        20
        21
        43
       374
       977
      1012
      1908
      1909
        17
        18
        20
        21
        63
       976
      1130
      1908
      1923
        17
        18
        19
        21
        62
        63
        64
        65
        17
        18
        19
        20
        62
       131
       132
       133
        23
        24
        25
       465
       937
       939
        22
        24
        25
        66
        67
        68
        22
        23
        25
        95
       178
       179
        22
        23
        24
      1371
      1902
      1916
        27
        28
        29
       470
       933
       934
        26
        28
        29
      3843
      4060
      4061
        26
        27
        29
        69
        70
        71
        26
        27
        28
       167
       168
       169
        31
        32
        33
        34
        35
       137
       170
       171
       172
       173
        30
        32
        33
        34
        35
       137
       138
       139
       140
       141
        30
        31
        33
        34
        35
       170
       200
       264
       269
       272
        30
        31
        32
        34
        35
       138
      2477
      2936
      4035
      4036
        30
        31
        32
        33
        35
       126
       263
       269
       270
       271
        30
        31
        32
        33
        34
       270
      2514
      2937
      4035
      4045
        37
        38
        39
        40
        41
         8
       128
       174
       400
       411
        36
        38
        39
        40
        41
         7
       411
      2505
      2820
      4021
      4022
        36
        37
        39
        40
        41
       332
      2599
      2821
      4022
      4062
        36
        37
        38
        40
        41
       140
       142
       279
       332
       333
       334
        36
        37
        38
        39
        41
       143
       174
       175
       176
       177
        36
        37
        38
        39
        40
       142
       143
       144
       145
        43
        44
        45
        46
        47
        17
       131
       146
       187
       374
       375
        42
        44
        45
        46
        47
        18
       374
       977
      1012
      1908
      1909
        42
        43
        45
        46
        47
       146
       147
       148
       149
        42
        43
        44
        46
        47
        55
       294
      1013
      1325
      1909
      1910
        42
        43
        44
        45
        47
        56
       260
       291
       294
       295
        42
        43
        44
        45
        46
       147
       157
       291
       292
       293
        12
        49
        50
        51
        52
        11
      1971
      2019
      4023
      4024
        12
        48
        50
        51
        52
        13
        83
       123
       164
       258
       259
        12
        48
        49
        51
        52
         1
       162
       163
       164
       165
       166
        12
        48
        49
        50
        52
       961
      1901
      2021
      4024
      4025
        12
        48
        49
        50
        51
       165
       960
      1196
      1900
      1901
         5
        54
        55
        56
        57
         4
      1040
      1327
      1896
      1910
         5
        53
        55
        56
        57
         3
        84
       163
       259
       261
         5
        53
        54
        56
        57
        45
       294
      1013
      1325
      1909
      1910
         5
        53
        54
        55
        57
        46
       260
       291
       294
       295
         5
        53
        54
        55
        56
        85
       196
       260
       261
       262
        10
        59
        60
        61
         9
       128
       129
       130
        10
        58
        60
        61
         6
      2450
      2506
      2677
      4021
      4041
        10
        58
        59
        61
      2451
      4018
      4041
      4042
        10
        58
        59
        60
       117
       185
       186
        20
        63
        64
        65
        21
       131
       132
       133
        20
        62
        64
        65
        19
       976
      1130
      1908
      1923
        20
        62
        63
        65
      1133
      1368
      1917
      1923
        20
        62
        63
        64
        89
       307
       308
        23
        67
        68
       637
       937
       938
        23
        66
        68
       178
       267
       268
        23
        66
        67
       102
       321
       323
        28
        70
        71
      3616
      4059
      4060
        28
        69
        71
       168
       265
       266
        28
        69
        70
       134
       135
       136
        73
        74
        75
        76
       160
       173
       280
       297
       319
       320
        72
        74
        75
        76
       161
       193
       319
       370
       371
        72
        73
        75
        76
       151
       282
       320
       335
       336
        72
        73
        74
        76
       150
       183
       336
       367
       368
        72
        73
        74
        75
       181
       195
       353
       367
       371
        78
        79
        80
        81
       149
       158
       191
       292
       369
       370
        77
        79
        80
        81
       148
       190
       369
       375
       376
        77
        78
        80
        81
       191
       192
       193
       194
       195
        77
        78
        79
        81
       189
       304
       376
       377
        77
        78
        79
        80
       192
       304
       305
       306
        83
        84
        85
        86
       125
       197
       258
       263
       264
        82
        84
        85
        86
        13
        49
       123
       164
       258
       259
        82
        83
        85
        86
         3
        54
       163
       259
       261
        82
        83
        84
        86
        57
       196
       260
       261
       262
        82
        83
        84
        85
       196
       197
       198
       199
       200
        88
        89
        90
        93
       347
       348
        87
        89
        90
       201
       202
       203
        87
        88
        90
        65
       307
       308
        87
        88
        89
      1401
      1918
      1919
        92
        93
        94
        97
       288
       289
        91
        93
        94
       204
       205
       206
        91
        92
        94
        87
       347
       348
        91
        92
        93
      1378
      1920
      1921
        96
        97
        98
        24
       178
       179
        95
        97
        98
       268
       275
       276
        95
        96
        98
        91
       288
       289
        95
        96
        97
      1416
      1903
      1922
       100
       101
       102
       878
       944
       946
        99
       101
       102
       106
       395
       409
        99
       100
       102
       207
       208
       209
        99
       100
       101
        68
       321
       323
       104
       105
       106
       767
       940
       941
       103
       105
       106
       110
       340
       342
       103
       104
       106
       210
       211
       212
       103
       104
       105
       100
       395
       409
       108
       109
       110
       902
       935
       945
       107
       109
       110
       114
       391
       392
       107
       108
       110
       213
       214
       215
       107
       108
       109
       104
       340
       342
       112
       113
       114
       828
       936
       942
       111
       113
       114
       169
       285
       287
       111
       112
       114
       216
       217
       218
       111
       112
       113
       108
       391
       392
       116
       117
       118
       121
       298
       300
       115
       117
       118
      3840
      4054
      4055
       115
       116
       118
        61
       185
       186
       115
       116
       117
       277
       283
       284
       120
       121
       122
       136
       349
       351
       119
       121
       122
      3948
      4056
      4057
       119
       120
       122
       115
       298
       300
       119
       120
       121
       219
       220
       221
        16
       124
       125
       126
       127
        13
        49
        83
       164
       258
       259
        16
       123
       125
       126
       127
        15
      2522
      2834
      4027
      4028
        16
       123
       124
       126
       127
        82
       197
       258
       263
       264
        16
       123
       124
       125
       127
        34
       263
       269
       270
       271
        16
       123
       124
       125
       126
       271
      2511
      2833
      4028
      4045
         9
        58
       129
       130
         8
        36
       174
       400
       411
         9
        58
       128
       130
       186
       277
       278
         9
        58
       128
       129
       177
       361
       399
       400
        21
        62
       132
       133
        17
        42
       146
       187
       374
       375
        21
        62
       131
       133
       202
       307
       309
        21
        62
       131
       132
       187
       188
       189
       190
        71
       135
       136
      3966
      4058
      4059
        71
       134
       136
       265
       273
       274
        71
       134
       135
       119
       349
       351
        31
       138
       139
       140
       141
        30
       170
       171
       172
       173
        31
       137
       139
       140
       141
        33
      2477
      2936
      4035
      4036
        31
       137
       138
       140
       141
       171
       279
       280
       281
       282
        31
       137
       138
       139
       141
        39
       142
       279
       332
       333
       334
        31
       137
       138
       139
       140
       333
      2478
      2597
      4036
      4062
        41
       143
       144
       145
        39
       140
       279
       332
       333
       334
        41
       142
       144
       145
        40
       174
       175
       176
       177
        41
       142
       143
       145
       152
       281
       301
       334
       335
        41
       142
       143
       144
       155
       175
       301
       302
       303
        44
       147
       148
       149
        17
        42
       131
       187
       374
       375
        44
       146
       148
       149
        47
       157
       291
       292
       293
        44
       146
       147
       149
        78
       190
       369
       375
       376
        44
       146
       147
       148
        77
       158
       191
       292
       369
       370
       151
       152
       153
       154
       155
        75
       183
       336
       367
       368
       150
       152
       153
       154
       155
        74
       282
       320
       335
       336
       150
       151
       153
       154
       155
       144
       281
       301
       334
       335
       150
       151
       152
       154
       155
       182
       368
       372
       373
       150
       151
       152
       153
       155
       302
       372
       397
       398
       150
       151
       152
       153
       154
       145
       175
       301
       302
       303
       157
       158
       159
       160
       161
       198
       262
       293
       295
       296
       156
       158
       159
       160
       161
        47
       147
       291
       292
       293
       156
       157
       159
       160
       161
        77
       149
       191
       292
       369
       370
       156
       157
       158
       160
       161
       172
       199
       272
       296
       297
       156
       157
       158
       159
       161
        72
       173
       280
       297
       319
       320
       156
       157
       158
       159
       160
        73
       193
       319
       370
       371
         1
        50
       163
       164
       165
       166
         2
      1041
      1238
      1896
      1897
         1
        50
       162
       164
       165
       166
         3
        54
        84
       259
       261
         1
        50
       162
       163
       165
       166
        13
        49
        83
       123
       258
       259
         1
        50
       162
       163
       164
       166
        52
       960
      1196
      1900
      1901
         1
        50
       162
       163
       164
       165
      1023
      1198
      1236
      1897
      1900
        29
       168
       169
       644
       934
       943
        29
       167
       169
        70
       265
       266
        29
       167
       168
       112
       285
       287
        30
       137
       171
       172
       173
        32
       200
       264
       269
       272
        30
       137
       170
       172
       173
       139
       279
       280
       281
       282
        30
       137
       170
       171
       173
       159
       199
       272
       296
       297
        30
       137
       170
       171
       172
        72
       160
       280
       297
       319
       320
        40
       143
       175
       176
       177
         8
        36
       128
       400
       411
        40
       143
       174
       176
       177
       145
       155
       301
       302
       303
        40
       143
       174
       175
       177
       248
       303
       398
       399
        40
       143
       174
       175
       176
       130
       361
       399
       400
        24
        95
       179
        67
       267
       268
        24
        95
       178
      1117
      1902
      1903
       181
       182
       183
       184
       194
       305
       353
       354
       180
       182
       183
       184
        76
       195
       353
       367
       371
       180
       181
       183
       184
       153
       368
       372
       373
       180
       181
       182
       184
        75
       150
       336
       367
       368
       180
       181
       182
       183
       385
       402
       407
        61
       117
       186
      3498
      4042
      4054
        61
       117
       185
       129
       277
       278
       133
       188
       189
       190
        17
        42
       131
       146
       374
       375
       133
       187
       189
       190
       309
       337
       338
       133
       187
       188
       190
        80
       304
       376
       377
       133
       187
       188
       189
        78
       148
       369
       375
       376
        79
       192
       193
       194
       195
        77
       149
       158
       292
       369
       370
        79
       191
       193
       194
       195
        81
       304
       305
       306
        79
       191
       192
       194
       195
        73
       161
       319
       370
       371
        79
       191
       192
       193
       195
       180
       305
       353
       354
        79
       191
       192
       193
       194
        76
       181
       353
       367
       371
        86
       197
       198
       199
       200
        57
        85
       260
       261
       262
        86
       196
       198
       199
       200
        82
       125
       258
       263
       264
        86
       196
       197
       199
       200
       156
       262
       293
       295
       296
        86
       196
       197
       198
       200
       159
       172
       272
       296
       297
        86
       196
       197
       198
       199
        32
       170
       264
       269
       272
        88
       202
       203
       205
       346
       347
        88
       201
       203
       132
       307
       309
        88
       201
       202
       225
       338
       339
        92
       205
       206
       275
       288
       290
        92
       204
       206
       201
       346
       347
        92
       204
       205
       229
       328
       329
       101
       208
       209
       211
       395
       396
       101
       207
       209
       267
       321
       322
       101
       207
       208
       310
       311
       312
       105
       211
       212
       214
       340
       341
       105
       210
       212
       207
       395
       396
       105
       210
       211
       313
       314
       315
       109
       214
       215
       217
       392
       393
       109
       213
       215
       210
       340
       341
       109
       213
       214
       316
       317
       318
       113
       217
       218
       266
       285
       286
       113
       216
       218
       213
       392
       393
       113
       216
       217
       254
       325
       326
       122
       220
       221
       273
       349
       350
       122
       219
       221
       283
       298
       299
       122
       219
       220
       352
       363
       364
       223
       224
       225
       228
       344
       345
       222
       224
       225
       233
       383
       384
       222
       223
       225
       337
       377
       378
       222
       223
       224
       203
       338
       339
       227
       228
       229
       312
       330
       331
       226
       228
       229
       237
       387
       388
       226
       227
       229
       222
       344
       345
       226
       227
       228
       206
       328
       329
       231
       232
       233
       236
       355
       356
       230
       232
       233
       241
       406
       407
       230
       231
       233
       354
       385
       386
       230
       231
       232
       223
       383
       384
       235
       236
       237
       315
       403
       408
       234
       236
       237
       245
       404
       405
       234
       235
       237
       230
       355
       356
       234
       235
       236
       227
       387
       388
       239
       240
       241
       244
       357
       358
       238
       240
       241
       360
       379
       380
       238
       239
       241
       373
       401
       402
       238
       239
       240
       231
       406
       407
       243
       244
       245
       318
       389
       390
       242
       244
       245
       366
       381
       382
       242
       243
       245
       238
       357
       358
       242
       243
       244
       235
       404
       405
       247
       248
       249
       252
       359
       360
       246
       248
       249
       278
       361
       362
       246
       247
       249
       176
       303
       398
       399
       246
       247
       248
       380
       397
       401
       251
       252
       253
       256
       364
       366
       250
       252
       253
       299
       363
       365
       250
       251
       253
       246
       359
       360
       250
       251
       252
       357
       379
       382
       255
       256
       257
       218
       325
       326
       254
       256
       257
       327
       350
       352
       254
       255
       257
       250
       364
       366
       254
       255
       256
       381
       389
       394
        13
        49
        83
       123
       164
       259
        82
       125
       197
       263
       264
        13
        49
        83
       123
       164
       258
         3
        54
        84
       163
       261
        57
        85
       196
       261
       262
        46
        56
       291
       294
       295
        57
        85
       196
       260
       262
         3
        54
        84
       163
       259
        57
        85
       196
       260
       261
       156
       198
       293
       295
       296
        82
       125
       197
       258
       264
        34
       126
       269
       270
       271
        82
       125
       197
       258
       263
        32
       170
       200
       269
       272
        70
       168
       266
       135
       273
       274
        70
       168
       265
       216
       285
       286
        67
       178
       268
       208
       321
       322
        67
       178
       267
        96
       275
       276
        34
       126
       263
       270
       271
        32
       170
       200
       264
       272
        34
       126
       263
       269
       271
        35
      2514
      2937
      4035
      4045
        34
       126
       263
       269
       270
       127
      2511
      2833
      4028
      4045
        32
       170
       200
       264
       269
       159
       172
       199
       296
       297
       135
       265
       274
       219
       349
       350
       135
       265
       273
       286
       325
       327
        96
       268
       276
       204
       288
       290
        96
       268
       275
       311
       322
       324
       129
       186
       278
       118
       283
       284
       129
       186
       277
       247
       361
       362
       139
       171
       280
       281
       282
        39
       140
       142
       332
       333
       334
       139
       171
       279
       281
       282
        72
       160
       173
       297
       319
       320
       139
       171
       279
       280
       282
       144
       152
       301
       334
       335
       139
       171
       279
       280
       281
        74
       151
       320
       335
       336
       118
       277
       284
       220
       298
       299
       118
       277
       283
       359
       362
       365
       216
       266
       286
       112
       169
       287
       216
       266
       285
       274
       325
       327
       112
       169
       285
       540
       942
       943
        91
        97
       289
       204
       275
       290
        91
        97
       288
      1113
      1921
      1922
       204
       275
       288
       324
       328
       331
        47
       147
       157
       292
       293
        46
        56
       260
       294
       295
        47
       147
       157
       291
       293
        77
       149
       158
       191
       369
       370
        47
       147
       157
       291
       292
       156
       198
       262
       295
       296
        46
        56
       260
       291
       295
        45
        55
      1013
      1325
      1909
      1910
        46
        56
       260
       291
       294
       156
       198
       262
       293
       296
       156
       198
       262
       293
       295
       159
       172
       199
       272
       297
       159
       172
       199
       272
       296
        72
       160
       173
       280
       319
       320
       220
       283
       299
       115
       121
       300
       220
       283
       298
       251
       363
       365
       115
       121
       298
      3608
      4055
      4056
       145
       155
       175
       302
       303
       144
       152
       281
       334
       335
       145
       155
       175
       301
       303
       154
       372
       397
       398
       145
       155
       175
       301
       302
       176
       248
       398
       399
        81
       192
       305
       306
        80
       189
       376
       377
        81
       192
       304
       306
       180
       194
       353
       354
        81
       192
       304
       305
       378
       384
       386
        65
        89
       308
       132
       202
       309
        65
        89
       307
      1105
      1917
      1918
       132
       202
       307
       188
       337
       338
       209
       311
       312
       314
       396
       410
       209
       310
       312
       276
       322
       324
       209
       310
       311
       226
       330
       331
       212
       314
       315
       317
       341
       343
       212
       313
       315
       310
       396
       410
       212
       313
       314
       234
       403
       408
       215
       317
       318
       326
       393
       394
       215
       316
       318
       313
       341
       343
       215
       316
       317
       242
       389
       390
        72
       160
       173
       280
       297
       320
        73
       161
       193
       370
       371
        72
       160
       173
       280
       297
       319
        74
       151
       282
       335
       336
       208
       267
       322
        68
       102
       323
       208
       267
       321
       276
       311
       324
        68
       102
       321
       520
       938
       944
       276
       311
       322
       290
       328
       331
       218
       254
       326
       274
       286
       327
       218
       254
       325
       316
       393
       394
       274
       286
       325
       255
       350
       352
       206
       229
       329
       290
       324
       331
       206
       229
       328
       339
       345
       346
       226
       312
       331
       387
       408
       410
       226
       312
       330
       290
       324
       328
        39
       140
       142
       279
       333
       334
        38
      2599
      2821
      4022
      4062
        39
       140
       142
       279
       332
       334
       141
      2478
      2597
      4036
      4062
        39
       140
       142
       279
       332
       333
       144
       152
       281
       301
       335
       144
       152
       281
       301
       334
        74
       151
       282
       320
       336
        74
       151
       282
       320
       335
        75
       150
       183
       367
       368
       188
       309
       338
       224
       377
       378
       188
       309
       337
       203
       225
       339
       203
       225
       338
       329
       345
       346
       210
       214
       341
       104
       110
       342
       210
       214
       340
       313
       317
       343
       104
       110
       340
       530
       940
       945
       313
       317
       341
       390
       403
       404
       222
       228
       345
       356
       383
       388
       222
       228
       344
       329
       339
       346
       329
       339
       345
       201
       205
       347
       201
       205
       346
        87
        93
       348
        87
        93
       347
      1109
      1919
      1920
       219
       273
       350
       119
       136
       351
       219
       273
       349
       255
       327
       352
       119
       136
       349
      3612
      4057
      4058
       255
       327
       350
       221
       363
       364
       180
       194
       305
       354
        76
       181
       195
       367
       371
       180
       194
       305
       353
       232
       385
       386
       230
       236
       356
       358
       405
       406
       230
       236
       355
       344
       383
       388
       238
       244
       358
       253
       379
       382
       238
       244
       357
       355
       405
       406
       246
       252
       360
       284
       362
       365
       246
       252
       359
       239
       379
       380
       247
       278
       362
       130
       177
       399
       400
       247
       278
       361
       284
       359
       365
       221
       352
       364
       251
       299
       365
       221
       352
       363
       250
       256
       366
       251
       299
       363
       284
       359
       362
       250
       256
       364
       243
       381
       382
        75
       150
       183
       336
       368
        76
       181
       195
       353
       371
        75
       150
       183
       336
       367
       153
       182
       372
       373
        77
       149
       158
       191
       292
       370
        78
       148
       190
       375
       376
        77
       149
       158
       191
       292
       369
        73
       161
       193
       319
       371
        76
       181
       195
       353
       367
        73
       161
       193
       319
       370
       153
       182
       368
       373
       154
       302
       397
       398
       153
       182
       368
       372
       240
       401
       402
        17
        42
       131
       146
       187
       375
        18
        43
       977
      1012
      1908
      1909
        17
        42
       131
       146
       187
       374
        78
       148
       190
       369
       376
        80
       189
       304
       377
        78
       148
       190
       369
       375
        80
       189
       304
       376
       224
       337
       378
       224
       337
       377
       306
       384
       386
       239
       360
       380
       253
       357
       382
       239
       360
       379
       249
       397
       401
       243
       366
       382
       257
       389
       394
       243
       366
       381
       253
       357
       379
       223
       233
       384
       344
       356
       388
       223
       233
       383
       306
       378
       386
       232
       354
       386
       184
       402
       407
       232
       354
       385
       306
       378
       384
       227
       237
       388
       330
       408
       410
       227
       237
       387
       344
       356
       383
       242
       318
       390
       257
       381
       394
       242
       318
       389
       343
       403
       404
       108
       114
       392
       535
       935
       936
       108
       114
       391
       213
       217
       393
       213
       217
       392
       316
       326
       394
       316
       326
       393
       257
       381
       389
       207
       211
       396
       100
       106
       409
       207
       211
       395
       310
       314
       410
       154
       302
       372
       398
       249
       380
       401
       154
       302
       372
       397
       176
       248
       303
       399
       176
       248
       303
       398
       130
       177
       361
       400
       130
       177
       361
       399
         8
        36
       128
       174
       411
       249
       380
       397
       240
       373
       402
       240
       373
       401
       184
       385
       407
       343
       390
       404
       234
       315
       408
       343
       390
       403
       235
       245
       405
       235
       245
       404
       355
       358
       406
       355
       358
       405
       231
       241
       407
       231
       241
       406
       184
       385
       402
       234
       315
       403
       330
       387
       410
       100
       106
       395
       525
       941
       946
       310
       314
       396
       330
       387
       408
         8
        36
       128
       174
       400
         7
        37
      2505
      2820
      4021
      4022
       413
       414
       415
       416
      4121
      4122
       412
       414
       415
       416
       499
       909
      4103
      4121
       412
       413
       415
       416
       426
       471
       472
       473
       474
       412
       413
       414
       416
       427
       471
      4096
      4122
       412
       413
       414
       415
       472
       500
       623
       905
       909
       418
       419
       420
       421
       428
       615
      4088
      4116
       417
       419
       420
       421
       429
       476
       615
       616
       617
       417
       418
       420
       421
      4106
      4116
       417
       418
       419
       421
       494
       872
      4105
      4106
       417
       418
       419
       420
       495
       578
       616
       783
       872
       873
       423
       424
       425
       426
       427
      1019
      1911
      4095
      4097
       422
       424
       425
       426
       427
       487
       852
       984
      1015
      1898
      1911
       422
       423
       425
       426
       427
      4095
      4096
       422
       423
       424
       426
       427
       473
       488
       622
       850
       852
       422
       423
       424
       425
       427
       414
       471
       472
       473
       474
       422
       423
       424
       425
       426
       415
       471
      4096
      4122
       429
       430
       431
       432
       433
       417
       615
      4088
      4116
       428
       430
       431
       432
       433
       418
       476
       615
       616
       617
       428
       429
       431
       432
       433
      3491
      4033
      4087
      4089
       428
       429
       430
       432
       433
       475
      3492
      3824
      4033
      4034
       428
       429
       430
       431
       433
      4087
      4088
       428
       429
       430
       431
       432
       475
       476
       477
       478
       479
       435
       436
       437
       553
       808
       839
       928
       931
       932
       434
       436
       437
       541
       668
       818
       839
       840
       841
       434
       435
       437
       542
       931
       970
      1319
      1906
      1914
       434
       435
       436
       541
       542
       543
       544
       545
       439
       440
       441
       442
       443
       449
       547
       739
       847
       849
       438
       440
       441
       442
       443
       450
       849
      3779
      3964
      4039
      4050
       438
       439
       441
       442
       443
      3451
      3963
      4039
      4040
       438
       439
       440
       442
       443
       790
      3453
      3569
      4040
      4047
       438
       439
       440
       441
       443
       469
       546
       747
       788
       790
       791
       438
       439
       440
       441
       442
       546
       547
       548
       549
       445
       446
       447
       448
       478
       618
       619
       620
       621
       444
       446
       447
       448
       477
       618
      3447
      3823
      4029
      4034
       444
       445
       447
       448
       894
      3446
      3521
      3640
      4029
      4030
       444
       445
       446
       448
       619
       735
       736
       737
       738
       444
       445
       446
       447
       504
       735
       893
       894
       895
       450
       451
       452
       453
       454
       438
       547
       739
       847
       849
       449
       451
       452
       453
       454
       439
       849
      3779
      3964
      4039
      4050
       449
       450
       452
       453
       454
      3541
      3778
      3911
      4043
      4050
       449
       450
       451
       453
       454
       627
      3545
      3651
      4020
      4043
       449
       450
       451
       452
       454
       628
       739
       740
       741
       742
       449
       450
       451
       452
       453
       484
       627
       628
       629
       630
       456
       457
       458
       459
       460
       550
       967
      1059
      1913
      1915
       455
       457
       458
       459
       460
       966
      1043
      1227
      1362
      1905
      1915
       455
       456
       458
       459
       460
       550
       551
       552
       553
       554
       455
       456
       457
       459
       460
       798
      1047
      1219
      1904
      1905
       455
       456
       457
       458
       460
       551
       646
       647
       648
       649
       455
       456
       457
       458
       459
       635
       646
       797
       798
       799
       462
       463
       464
       465
       516
       636
       637
       638
       461
       463
       464
       465
       636
       743
       744
       745
       746
       461
       462
       464
       465
       823
      1049
      1907
      1912
       461
       462
       463
       465
       544
       743
       823
       824
       825
       461
       462
       463
       464
        22
       937
       939
       467
       468
       469
       470
       538
       643
       644
       645
       466
       468
       469
       470
       555
       643
       747
       748
       749
       466
       467
       469
       470
       791
      3571
      4046
      4047
       466
       467
       468
       470
       442
       546
       747
       788
       790
       791
       466
       467
       468
       469
        26
       933
       934
       414
       426
       472
       473
       474
       415
       427
      4096
      4122
       414
       426
       471
       473
       474
       416
       500
       623
       905
       909
       414
       426
       471
       472
       474
       425
       488
       622
       850
       852
       414
       426
       471
       472
       473
       622
       623
       624
       625
       626
       433
       476
       477
       478
       479
       431
      3492
      3824
      4033
      4034
       433
       475
       477
       478
       479
       418
       429
       615
       616
       617
       433
       475
       476
       478
       479
       445
       618
      3447
      3823
      4029
      4034
       433
       475
       476
       477
       479
       444
       618
       619
       620
       621
       433
       475
       476
       477
       478
       579
       617
       620
       783
       784
       481
       482
       483
       484
       485
       593
       629
       740
       792
       793
       480
       482
       483
       484
       485
       591
       597
       792
       838
       920
       929
       480
       481
       483
       484
       485
       511
       836
       920
       921
       922
       480
       481
       482
       484
       485
       921
      3461
      3905
      4019
      4044
       480
       481
       482
       483
       485
       454
       627
       628
       629
       630
       480
       481
       482
       483
       484
       630
      3465
      3649
      4019
      4020
       487
       488
       489
       490
       491
       632
       985
      1146
      1898
      1899
       486
       488
       489
       490
       491
       423
       852
       984
      1015
      1898
      1911
       486
       487
       489
       490
       491
       425
       473
       622
       850
       852
       486
       487
       488
       490
       491
       624
       752
       757
       850
       851
       486
       487
       488
       489
       491
       582
       631
       757
       758
       759
       486
       487
       488
       489
       490
       631
       632
       633
       634
       635
       493
       494
       495
       496
       497
       503
       717
       760
       761
       762
       492
       494
       495
       496
       497
       654
       718
       760
       834
       835
       492
       493
       495
       496
       497
       420
       872
      4105
      4106
       492
       493
       494
       496
       497
       421
       578
       616
       783
       872
       873
       492
       493
       494
       495
       497
       577
       655
       834
       870
       873
       492
       493
       494
       495
       496
       761
      4104
      4105
       499
       500
       501
       502
       503
       762
      4103
      4104
       498
       500
       501
       502
       503
       413
       909
      4103
      4121
       498
       499
       501
       502
       503
       416
       472
       623
       905
       909
       498
       499
       500
       502
       503
       716
       717
       718
       719
       720
       498
       499
       500
       501
       503
       626
       716
       753
       905
       906
       498
       499
       500
       501
       502
       492
       717
       760
       761
       762
       505
       506
       507
       508
       509
       448
       735
       893
       894
       895
       504
       506
       507
       508
       509
       895
      3520
      3885
      4030
      4031
       504
       505
       507
       508
       509
       763
      3523
      3886
      4031
      4032
       504
       505
       506
       508
       509
       515
       722
       763
       764
       765
       504
       505
       506
       507
       509
       661
       725
       764
       889
       892
       504
       505
       506
       507
       508
       659
       737
       830
       892
       893
       511
       512
       513
       514
       515
       922
      3645
      3906
      4044
      4048
       510
       512
       513
       514
       515
       482
       836
       920
       921
       922
       510
       511
       513
       514
       515
       721
       722
       723
       724
       725
       510
       511
       512
       514
       515
       596
       721
       836
       837
       838
       510
       511
       512
       513
       515
       765
      3525
      3643
      4032
      4048
       510
       511
       512
       513
       514
       507
       722
       763
       764
       765
       517
       518
       519
       520
       461
       636
       637
       638
       516
       518
       519
       520
       589
       638
       744
       794
       795
       516
       517
       519
       520
       521
       800
       878
       879
       516
       517
       518
       520
       586
       794
       800
       801
       802
       516
       517
       518
       519
       323
       938
       944
       522
       523
       524
       525
       518
       800
       878
       879
       521
       523
       524
       525
       563
       802
       812
       879
       880
       521
       522
       524
       525
       528
       726
       766
       767
       521
       522
       523
       525
       564
       728
       766
       812
       813
       521
       522
       523
       524
       409
       941
       946
       527
       528
       529
       530
       533
       639
       901
       902
       526
       528
       529
       530
       642
       727
       854
       900
       901
       526
       527
       529
       530
       523
       726
       766
       767
       526
       527
       528
       530
       726
       727
       728
       729
       730
       526
       527
       528
       529
       342
       940
       945
       532
       533
       534
       535
       536
       806
       826
       828
       531
       533
       534
       535
       573
       640
       732
       807
       826
       827
       531
       532
       534
       535
       526
       639
       901
       902
       531
       532
       533
       535
       639
       640
       641
       642
       531
       532
       533
       534
       391
       935
       936
       537
       538
       539
       540
       531
       806
       826
       828
       536
       538
       539
       540
       574
       750
       805
       806
       807
       536
       537
       539
       540
       466
       643
       644
       645
       536
       537
       538
       540
       556
       645
       748
       750
       751
       536
       537
       538
       539
       287
       942
       943
       437
       542
       543
       544
       545
       435
       668
       818
       839
       840
       841
       437
       541
       543
       544
       545
       436
       931
       970
      1319
      1906
      1914
       437
       541
       542
       544
       545
       824
      1050
      1321
      1906
      1907
       437
       541
       542
       543
       545
       464
       743
       823
       824
       825
       437
       541
       542
       543
       544
       669
       745
       825
       840
       842
       443
       547
       548
       549
       442
       469
       747
       788
       790
       791
       443
       546
       548
       549
       438
       449
       739
       847
       849
       443
       546
       547
       549
       680
       741
       787
       833
       847
       848
       443
       546
       547
       548
       559
       749
       787
       788
       789
       457
       551
       552
       553
       554
       455
       967
      1059
      1913
      1915
       457
       550
       552
       553
       554
       459
       646
       647
       648
       649
       457
       550
       551
       553
       554
       932
       969
      1060
      1164
      1913
      1914
       457
       550
       551
       552
       554
       434
       808
       839
       928
       931
       932
       457
       550
       551
       552
       553
       647
       675
       808
       809
       810
       556
       557
       558
       559
       467
       643
       747
       748
       749
       555
       557
       558
       559
       539
       645
       748
       750
       751
       555
       556
       558
       559
       572
       751
       803
       804
       805
       555
       556
       557
       559
       681
       789
       803
       845
       848
       555
       556
       557
       558
       549
       749
       787
       788
       789
       561
       562
       563
       564
       585
       801
       817
       869
       876
       880
       560
       562
       563
       564
       568
       780
       814
       856
       876
       877
       560
       561
       563
       564
       729
       782
       813
       855
       856
       560
       561
       562
       564
       522
       802
       812
       879
       880
       560
       561
       562
       563
       524
       728
       766
       812
       813
       566
       567
       568
       569
       692
       702
       768
       915
       923
       924
       565
       567
       568
       569
       696
       781
       877
       914
       915
       565
       566
       568
       569
       768
       769
       770
       771
       772
       565
       566
       567
       569
       561
       780
       814
       856
       876
       877
       565
       566
       567
       568
       769
       814
       815
       816
       817
       571
       572
       573
       574
       731
       732
       733
       734
       570
       572
       573
       574
       683
       731
       804
       844
       845
       846
       570
       571
       573
       574
       557
       751
       803
       804
       805
       570
       571
       572
       574
       532
       640
       732
       807
       826
       827
       570
       571
       572
       573
       537
       750
       805
       806
       807
       576
       577
       578
       579
       621
       736
       784
       785
       786
       575
       577
       578
       579
       652
       785
       831
       870
       871
       575
       576
       578
       579
       496
       655
       834
       870
       873
       575
       576
       577
       579
       421
       495
       616
       783
       872
       873
       575
       576
       577
       578
       479
       617
       620
       783
       784
       581
       582
       583
       584
       708
       754
       758
       851
       864
       866
       580
       582
       583
       584
       678
       709
       811
       864
       865
       580
       581
       583
       584
       490
       631
       757
       758
       759
       580
       581
       582
       584
       648
       677
       796
       809
       811
       580
       581
       582
       583
       633
       649
       759
       796
       797
       586
       587
       588
       589
       560
       801
       817
       869
       876
       880
       585
       587
       588
       589
       519
       794
       800
       801
       802
       585
       586
       588
       589
       672
       816
       843
       867
       869
       585
       586
       587
       589
       673
       746
       795
       842
       843
       585
       586
       587
       588
       517
       638
       744
       794
       795
       591
       592
       593
       594
       598
       690
       910
       929
       930
       590
       592
       593
       594
       481
       597
       792
       838
       920
       929
       590
       591
       593
       594
       684
       689
       832
       910
       911
       590
       591
       592
       594
       480
       629
       740
       792
       793
       590
       591
       592
       593
       685
       742
       793
       832
       833
       596
       597
       598
       599
       665
       723
       837
       890
       916
       917
       595
       597
       598
       599
       513
       721
       836
       837
       838
       595
       596
       598
       599
       481
       591
       792
       838
       920
       929
       595
       596
       597
       599
       590
       690
       910
       929
       930
       595
       596
       597
       598
       666
       691
       888
       916
       930
       601
       602
       603
       604
       650
       657
       829
       871
       881
       884
       600
       602
       603
       604
       656
       773
       881
       882
       883
       600
       601
       603
       604
       651
       714
       857
       884
       885
       600
       601
       602
       604
       712
       774
       857
       858
       859
       600
       601
       602
       603
       773
       774
       775
       776
       777
       606
       607
       608
       609
       699
       704
       874
       896
       897
       898
       605
       607
       608
       609
       679
       705
       865
       874
       875
       605
       606
       608
       609
       698
       771
       896
       924
       925
       605
       606
       607
       609
       772
       821
       868
       925
       926
       605
       606
       607
       608
       676
       822
       875
       926
       927
       611
       612
       613
       614
       733
       846
       863
       899
       912
       913
       610
       612
       613
       614
       641
       734
       827
       853
       899
       900
       610
       611
       613
       614
       695
       778
       862
       913
       914
       610
       611
       612
       614
       730
       779
       853
       854
       855
       610
       611
       612
       613
       778
       779
       780
       781
       782
       418
       429
       476
       616
       617
       417
       428
      4088
      4116
       418
       429
       476
       615
       617
       421
       495
       578
       783
       872
       873
       418
       429
       476
       615
       616
       479
       579
       620
       783
       784
       444
       478
       619
       620
       621
       445
       477
      3447
      3823
      4029
      4034
       444
       478
       618
       620
       621
       447
       735
       736
       737
       738
       444
       478
       618
       619
       621
       479
       579
       617
       783
       784
       444
       478
       618
       619
       620
       575
       736
       784
       785
       786
       474
       623
       624
       625
       626
       425
       473
       488
       850
       852
       474
       622
       624
       625
       626
       416
       472
       500
       905
       909
       474
       622
       623
       625
       626
       489
       752
       757
       850
       851
       474
       622
       623
       624
       626
       752
       753
       754
       755
       756
       474
       622
       623
       624
       625
       502
       716
       753
       905
       906
       454
       484
       628
       629
       630
       452
      3545
      3651
      4020
      4043
       454
       484
       627
       629
       630
       453
       739
       740
       741
       742
       454
       484
       627
       628
       630
       480
       593
       740
       792
       793
       454
       484
       627
       628
       629
       485
      3465
      3649
      4019
      4020
       491
       632
       633
       634
       635
       490
       582
       757
       758
       759
       491
       631
       633
       634
       635
       486
       985
      1146
      1898
      1899
       491
       631
       632
       634
       635
       584
       649
       759
       796
       797
       491
       631
       632
       633
       635
       799
      1149
      1221
      1899
      1904
       491
       631
       632
       633
       634
       460
       646
       797
       798
       799
       461
       516
       637
       638
       462
       743
       744
       745
       746
       461
       516
       636
       638
        66
       937
       938
       461
       516
       636
       637
       517
       589
       744
       794
       795
       534
       640
       641
       642
       526
       533
       901
       902
       534
       639
       641
       642
       532
       573
       732
       807
       826
       827
       534
       639
       640
       642
       611
       734
       827
       853
       899
       900
       534
       639
       640
       641
       527
       727
       854
       900
       901
       466
       538
       644
       645
       467
       555
       747
       748
       749
       466
       538
       643
       645
       167
       934
       943
       466
       538
       643
       644
       539
       556
       748
       750
       751
       459
       551
       647
       648
       649
       460
       635
       797
       798
       799
       459
       551
       646
       648
       649
       554
       675
       808
       809
       810
       459
       551
       646
       647
       649
       583
       677
       796
       809
       811
       459
       551
       646
       647
       648
       584
       633
       759
       796
       797
       651
       652
       653
       654
       655
       600
       657
       829
       871
       881
       884
       650
       652
       653
       654
       655
       602
       714
       857
       884
       885
       650
       651
       653
       654
       655
       576
       785
       831
       870
       871
       650
       651
       652
       654
       655
       715
       719
       835
       885
       886
       650
       651
       652
       653
       655
       493
       718
       760
       834
       835
       650
       651
       652
       653
       654
       496
       577
       834
       870
       873
       657
       658
       659
       660
       661
       601
       773
       881
       882
       883
       656
       658
       659
       660
       661
       600
       650
       829
       871
       881
       884
       656
       657
       659
       660
       661
       738
       786
       829
       830
       831
       656
       657
       658
       660
       661
       509
       737
       830
       892
       893
       656
       657
       658
       659
       661
       724
       882
       889
       890
       891
       656
       657
       658
       659
       660
       508
       725
       764
       889
       892
       663
       664
       665
       666
       667
       688
       697
       861
       887
       888
       662
       664
       665
       666
       667
       693
       701
       887
       918
       923
       662
       663
       665
       666
       667
       703
       776
       903
       918
       919
       662
       663
       664
       666
       667
       595
       723
       837
       890
       916
       917
       662
       663
       664
       665
       667
       599
       691
       888
       916
       930
       662
       663
       664
       665
       666
       777
       883
       891
       917
       919
       669
       670
       671
       672
       673
       435
       541
       818
       839
       840
       841
       668
       670
       671
       672
       673
       545
       745
       825
       840
       842
       668
       669
       671
       672
       673
       818
       819
       820
       821
       822
       668
       669
       670
       672
       673
       770
       815
       819
       867
       868
       668
       669
       670
       671
       673
       587
       816
       843
       867
       869
       668
       669
       670
       671
       672
       588
       746
       795
       842
       843
       675
       676
       677
       678
       679
       810
       820
       841
       927
       928
       674
       676
       677
       678
       679
       554
       647
       808
       809
       810
       674
       675
       677
       678
       679
       609
       822
       875
       926
       927
       674
       675
       676
       678
       679
       583
       648
       796
       809
       811
       674
       675
       676
       677
       679
       581
       709
       811
       864
       865
       674
       675
       676
       677
       678
       606
       705
       865
       874
       875
       681
       682
       683
       684
       685
       548
       741
       787
       833
       847
       848
       680
       682
       683
       684
       685
       558
       789
       803
       845
       848
       680
       681
       683
       684
       685
       687
       844
       860
       911
       912
       680
       681
       682
       684
       685
       571
       731
       804
       844
       845
       846
       680
       681
       682
       683
       685
       592
       689
       832
       910
       911
       680
       681
       682
       683
       684
       594
       742
       793
       832
       833
       687
       688
       689
       690
       691
       694
       860
       861
       862
       863
       686
       688
       689
       690
       691
       682
       844
       860
       911
       912
       686
       687
       689
       690
       691
       662
       697
       861
       887
       888
       686
       687
       688
       690
       691
       592
       684
       832
       910
       911
       686
       687
       688
       689
       691
       590
       598
       910
       929
       930
       686
       687
       688
       689
       690
       599
       666
       888
       916
       930
       693
       694
       695
       696
       697
       565
       702
       768
       915
       923
       924
       692
       694
       695
       696
       697
       663
       701
       887
       918
       923
       692
       693
       695
       696
       697
       686
       860
       861
       862
       863
       692
       693
       694
       696
       697
       612
       778
       862
       913
       914
       692
       693
       694
       695
       697
       566
       781
       877
       914
       915
       692
       693
       694
       695
       696
       662
       688
       861
       887
       888
       699
       700
       701
       702
       703
       607
       771
       896
       924
       925
       698
       700
       701
       702
       703
       605
       704
       874
       896
       897
       898
       698
       699
       701
       702
       703
       775
       859
       897
       903
       904
       698
       699
       700
       702
       703
       663
       693
       887
       918
       923
       698
       699
       700
       701
       703
       565
       692
       768
       915
       923
       924
       698
       699
       700
       701
       702
       664
       776
       903
       918
       919
       705
       706
       707
       708
       709
       605
       699
       874
       896
       897
       898
       704
       706
       707
       708
       709
       606
       679
       865
       874
       875
       704
       705
       707
       708
       709
       710
       755
       866
       907
       908
       704
       705
       706
       708
       709
       711
       858
       898
       904
       908
       704
       705
       706
       707
       709
       580
       754
       758
       851
       864
       866
       704
       705
       706
       707
       708
       581
       678
       811
       864
       865
       711
       712
       713
       714
       715
       706
       755
       866
       907
       908
       710
       712
       713
       714
       715
       707
       858
       898
       904
       908
       710
       711
       713
       714
       715
       603
       774
       857
       858
       859
       710
       711
       712
       714
       715
       720
       756
       886
       906
       907
       710
       711
       712
       713
       715
       602
       651
       857
       884
       885
       710
       711
       712
       713
       714
       653
       719
       835
       885
       886
       501
       717
       718
       719
       720
       502
       626
       753
       905
       906
       501
       716
       718
       719
       720
       492
       503
       760
       761
       762
       501
       716
       717
       719
       720
       493
       654
       760
       834
       835
       501
       716
       717
       718
       720
       653
       715
       835
       885
       886
       501
       716
       717
       718
       719
       713
       756
       886
       906
       907
       512
       722
       723
       724
       725
       513
       596
       836
       837
       838
       512
       721
       723
       724
       725
       507
       515
       763
       764
       765
       512
       721
       722
       724
       725
       595
       665
       837
       890
       916
       917
       512
       721
       722
       723
       725
       660
       882
       889
       890
       891
       512
       721
       722
       723
       724
       508
       661
       764
       889
       892
       529
       727
       728
       729
       730
       523
       528
       766
       767
       529
       726
       728
       729
       730
       527
       642
       854
       900
       901
       529
       726
       727
       729
       730
       524
       564
       766
       812
       813
       529
       726
       727
       728
       730
       562
       782
       813
       855
       856
       529
       726
       727
       728
       729
       613
       779
       853
       854
       855
       570
       732
       733
       734
       571
       683
       804
       844
       845
       846
       570
       731
       733
       734
       532
       573
       640
       807
       826
       827
       570
       731
       732
       734
       610
       846
       863
       899
       912
       913
       570
       731
       732
       733
       611
       641
       827
       853
       899
       900
       447
       619
       736
       737
       738
       448
       504
       893
       894
       895
       447
       619
       735
       737
       738
       575
       621
       784
       785
       786
       447
       619
       735
       736
       738
       509
       659
       830
       892
       893
       447
       619
       735
       736
       737
       658
       786
       829
       830
       831
       453
       628
       740
       741
       742
       438
       449
       547
       847
       849
       453
       628
       739
       741
       742
       480
       593
       629
       792
       793
       453
       628
       739
       740
       742
       548
       680
       787
       833
       847
       848
       453
       628
       739
       740
       741
       594
       685
       793
       832
       833
       462
       636
       744
       745
       746
       464
       544
       823
       824
       825
       462
       636
       743
       745
       746
       517
       589
       638
       794
       795
       462
       636
       743
       744
       746
       545
       669
       825
       840
       842
       462
       636
       743
       744
       745
       588
       673
       795
       842
       843
       467
       555
       643
       748
       749
       442
       469
       546
       788
       790
       791
       467
       555
       643
       747
       749
       539
       556
       645
       750
       751
       467
       555
       643
       747
       748
       549
       559
       787
       788
       789
       539
       556
       645
       748
       751
       537
       574
       805
       806
       807
       539
       556
       645
       748
       750
       557
       572
       803
       804
       805
       625
       753
       754
       755
       756
       489
       624
       757
       850
       851
       625
       752
       754
       755
       756
       502
       626
       716
       905
       906
       625
       752
       753
       755
       756
       580
       708
       758
       851
       864
       866
       625
       752
       753
       754
       756
       706
       710
       866
       907
       908
       625
       752
       753
       754
       755
       713
       720
       886
       906
       907
       490
       582
       631
       758
       759
       489
       624
       752
       850
       851
       490
       582
       631
       757
       759
       580
       708
       754
       851
       864
       866
       490
       582
       631
       757
       758
       584
       633
       649
       796
       797
       492
       503
       717
       761
       762
       493
       654
       718
       834
       835
       492
       503
       717
       760
       762
       497
      4104
      4105
       492
       503
       717
       760
       761
       498
      4103
      4104
       507
       515
       722
       764
       765
       506
      3523
      3886
      4031
      4032
       507
       515
       722
       763
       765
       508
       661
       725
       889
       892
       507
       515
       722
       763
       764
       514
      3525
      3643
      4032
      4048
       523
       528
       726
       767
       524
       564
       728
       812
       813
       523
       528
       726
       766
       103
       940
       941
       567
       769
       770
       771
       772
       565
       692
       702
       915
       923
       924
       567
       768
       770
       771
       772
       569
       814
       815
       816
       817
       567
       768
       769
       771
       772
       671
       815
       819
       867
       868
       567
       768
       769
       770
       772
       607
       698
       896
       924
       925
       567
       768
       769
       770
       771
       608
       821
       868
       925
       926
       604
       774
       775
       776
       777
       601
       656
       881
       882
       883
       604
       773
       775
       776
       777
       603
       712
       857
       858
       859
       604
       773
       774
       776
       777
       700
       859
       897
       903
       904
       604
       773
       774
       775
       777
       664
       703
       903
       918
       919
       604
       773
       774
       775
       776
       667
       883
       891
       917
       919
       614
       779
       780
       781
       782
       612
       695
       862
       913
       914
       614
       778
       780
       781
       782
       613
       730
       853
       854
       855
       614
       778
       779
       781
       782
       561
       568
       814
       856
       876
       877
       614
       778
       779
       780
       782
       566
       696
       877
       914
       915
       614
       778
       779
       780
       781
       562
       729
       813
       855
       856
       479
       579
       617
       620
       784
       421
       495
       578
       616
       872
       873
       479
       579
       617
       620
       783
       575
       621
       736
       785
       786
       575
       621
       736
       784
       786
       576
       652
       831
       870
       871
       575
       621
       736
       784
       785
       658
       738
       829
       830
       831
       549
       559
       749
       788
       789
       548
       680
       741
       833
       847
       848
       549
       559
       749
       787
       789
       442
       469
       546
       747
       790
       791
       549
       559
       749
       787
       788
       558
       681
       803
       845
       848
       442
       469
       546
       747
       788
       791
       441
      3453
      3569
      4040
      4047
       442
       469
       546
       747
       788
       790
       468
      3571
      4046
      4047
       480
       593
       629
       740
       793
       481
       591
       597
       838
       920
       929
       480
       593
       629
       740
       792
       594
       685
       742
       832
       833
       517
       589
       638
       744
       795
       519
       586
       800
       801
       802
       517
       589
       638
       744
       794
       588
       673
       746
       842
       843
       584
       633
       649
       759
       797
       583
       648
       677
       809
       811
       584
       633
       649
       759
       796
       460
       635
       646
       798
       799
       460
       635
       646
       797
       799
       458
      1047
      1219
      1904
      1905
       460
       635
       646
       797
       798
       634
      1149
      1221
      1899
      1904
       519
       586
       794
       801
       802
       518
       521
       878
       879
       519
       586
       794
       800
       802
       560
       585
       817
       869
       876
       880
       519
       586
       794
       800
       801
       522
       563
       812
       879
       880
       557
       572
       751
       804
       805
       558
       681
       789
       845
       848
       557
       572
       751
       803
       805
       571
       683
       731
       844
       845
       846
       557
       572
       751
       803
       804
       537
       574
       750
       806
       807
       537
       574
       750
       805
       807
       531
       536
       826
       828
       537
       574
       750
       805
       806
       532
       573
       640
       732
       826
       827
       554
       647
       675
       809
       810
       434
       553
       839
       928
       931
       932
       554
       647
       675
       808
       810
       583
       648
       677
       796
       811
       554
       647
       675
       808
       809
       674
       820
       841
       927
       928
       583
       648
       677
       796
       809
       581
       678
       709
       864
       865
       524
       564
       728
       766
       813
       522
       563
       802
       879
       880
       524
       564
       728
       766
       812
       562
       729
       782
       855
       856
       569
       769
       815
       816
       817
       561
       568
       780
       856
       876
       877
       569
       769
       814
       816
       817
       671
       770
       819
       867
       868
       569
       769
       814
       815
       817
       587
       672
       843
       867
       869
       569
       769
       814
       815
       816
       560
       585
       801
       869
       876
       880
       670
       819
       820
       821
       822
       435
       541
       668
       839
       840
       841
       670
       818
       820
       821
       822
       671
       770
       815
       867
       868
       670
       818
       819
       821
       822
       674
       810
       841
       927
       928
       670
       818
       819
       820
       822
       608
       772
       868
       925
       926
       670
       818
       819
       820
       821
       609
       676
       875
       926
       927
       464
       544
       743
       824
       825
       463
      1049
      1907
      1912
       464
       544
       743
       823
       825
       543
      1050
      1321
      1906
      1907
       464
       544
       743
       823
       824
       545
       669
       745
       840
       842
       532
       573
       640
       732
       807
       827
       531
       536
       806
       828
       532
       573
       640
       732
       807
       826
       611
       641
       734
       853
       899
       900
       531
       536
       806
       826
       111
       936
       942
       658
       738
       786
       830
       831
       600
       650
       657
       871
       881
       884
       658
       738
       786
       829
       831
       509
       659
       737
       892
       893
       658
       738
       786
       829
       830
       576
       652
       785
       870
       871
       594
       685
       742
       793
       833
       592
       684
       689
       910
       911
       594
       685
       742
       793
       832
       548
       680
       741
       787
       847
       848
       493
       654
       718
       760
       835
       496
       577
       655
       870
       873
       493
       654
       718
       760
       834
       653
       715
       719
       885
       886
       513
       596
       721
       837
       838
       482
       511
       920
       921
       922
       513
       596
       721
       836
       838
       595
       665
       723
       890
       916
       917
       513
       596
       721
       836
       837
       481
       591
       597
       792
       920
       929
       435
       541
       668
       818
       840
       841
       434
       553
       808
       928
       931
       932
       435
       541
       668
       818
       839
       841
       545
       669
       745
       825
       842
       435
       541
       668
       818
       839
       840
       674
       810
       820
       927
       928
       545
       669
       745
       825
       840
       588
       673
       746
       795
       843
       588
       673
       746
       795
       842
       587
       672
       816
       867
       869
       571
       683
       731
       804
       845
       846
       682
       687
       860
       911
       912
       571
       683
       731
       804
       844
       846
       558
       681
       789
       803
       848
       571
       683
       731
       804
       844
       845
       610
       733
       863
       899
       912
       913
       548
       680
       741
       787
       833
       848
       438
       449
       547
       739
       849
       548
       680
       741
       787
       833
       847
       558
       681
       789
       803
       845
       438
       449
       547
       739
       847
       439
       450
      3779
      3964
      4039
      4050
       489
       624
       752
       757
       851
       425
       473
       488
       622
       852
       489
       624
       752
       757
       850
       580
       708
       754
       758
       864
       866
       425
       473
       488
       622
       850
       423
       487
       984
      1015
      1898
      1911
       613
       730
       779
       854
       855
       611
       641
       734
       827
       899
       900
       613
       730
       779
       853
       855
       527
       642
       727
       900
       901
       613
       730
       779
       853
       854
       562
       729
       782
       813
       856
       562
       729
       782
       813
       855
       561
       568
       780
       814
       876
       877
       603
       712
       774
       858
       859
       602
       651
       714
       884
       885
       603
       712
       774
       857
       859
       707
       711
       898
       904
       908
       603
       712
       774
       857
       858
       700
       775
       897
       903
       904
       686
       694
       861
       862
       863
       682
       687
       844
       911
       912
       686
       694
       860
       862
       863
       662
       688
       697
       887
       888
       686
       694
       860
       861
       863
       612
       695
       778
       913
       914
       686
       694
       860
       861
       862
       610
       733
       846
       899
       912
       913
       581
       678
       709
       811
       865
       580
       708
       754
       758
       851
       866
       581
       678
       709
       811
       864
       606
       679
       705
       874
       875
       580
       708
       754
       758
       851
       864
       706
       710
       755
       907
       908
       671
       770
       815
       819
       868
       587
       672
       816
       843
       869
       671
       770
       815
       819
       867
       608
       772
       821
       925
       926
       587
       672
       816
       843
       867
       560
       585
       801
       817
       876
       880
       576
       652
       785
       831
       871
       496
       577
       655
       834
       873
       576
       652
       785
       831
       870
       600
       650
       657
       829
       881
       884
       421
       495
       578
       616
       783
       873
       420
       494
      4105
      4106
       421
       495
       578
       616
       783
       872
       496
       577
       655
       834
       870
       606
       679
       705
       865
       875
       605
       699
       704
       896
       897
       898
       606
       679
       705
       865
       874
       609
       676
       822
       926
       927
       561
       568
       780
       814
       856
       877
       560
       585
       801
       817
       869
       880
       561
       568
       780
       814
       856
       876
       566
       696
       781
       914
       915
       518
       521
       800
       879
        99
       944
       946
       518
       521
       800
       878
       522
       563
       802
       812
       880
       560
       585
       801
       817
       869
       876
       522
       563
       802
       812
       879
       601
       656
       773
       882
       883
       600
       650
       657
       829
       871
       884
       601
       656
       773
       881
       883
       660
       724
       889
       890
       891
       601
       656
       773
       881
       882
       667
       777
       891
       917
       919
       602
       651
       714
       857
       885
       600
       650
       657
       829
       871
       881
       602
       651
       714
       857
       884
       653
       715
       719
       835
       886
       653
       715
       719
       835
       885
       713
       720
       756
       906
       907
       662
       688
       697
       861
       888
       663
       693
       701
       918
       923
       662
       688
       697
       861
       887
       599
       666
       691
       916
       930
       660
       724
       882
       890
       891
       508
       661
       725
       764
       892
       660
       724
       882
       889
       891
       595
       665
       723
       837
       916
       917
       660
       724
       882
       889
       890
       667
       777
       883
       917
       919
       508
       661
       725
       764
       889
       509
       659
       737
       830
       893
       509
       659
       737
       830
       892
       448
       504
       735
       894
       895
       448
       504
       735
       893
       895
       446
      3446
      3521
      3640
      4029
      4030
       448
       504
       735
       893
       894
       505
      3520
      3885
      4030
      4031
       605
       699
       704
       874
       897
       898
       607
       698
       771
       924
       925
       605
       699
       704
       874
       896
       898
       700
       775
       859
       903
       904
       605
       699
       704
       874
       896
       897
       707
       711
       858
       904
       908
       611
       641
       734
       827
       853
       900
       610
       733
       846
       863
       912
       913
       611
       641
       734
       827
       853
       899
       527
       642
       727
       854
       901
       526
       533
       639
       902
       527
       642
       727
       854
       900
       526
       533
       639
       901
       107
       935
       945
       700
       775
       859
       897
       904
       664
       703
       776
       918
       919
       700
       775
       859
       897
       903
       707
       711
       858
       898
       908
       502
       626
       716
       753
       906
       416
       472
       500
       623
       909
       502
       626
       716
       753
       905
       713
       720
       756
       886
       907
       713
       720
       756
       886
       906
       706
       710
       755
       866
       908
       706
       710
       755
       866
       907
       707
       711
       858
       898
       904
       416
       472
       500
       623
       905
       413
       499
      4103
      4121
       592
       684
       689
       832
       911
       590
       598
       690
       929
       930
       592
       684
       689
       832
       910
       682
       687
       844
       860
       912
       682
       687
       844
       860
       911
       610
       733
       846
       863
       899
       913
       612
       695
       778
       862
       914
       610
       733
       846
       863
       899
       912
       612
       695
       778
       862
       913
       566
       696
       781
       877
       915
       566
       696
       781
       877
       914
       565
       692
       702
       768
       923
       924
       595
       665
       723
       837
       890
       917
       599
       666
       691
       888
       930
       595
       665
       723
       837
       890
       916
       667
       777
       883
       891
       919
       664
       703
       776
       903
       919
       663
       693
       701
       887
       923
       664
       703
       776
       903
       918
       667
       777
       883
       891
       917
       482
       511
       836
       921
       922
       481
       591
       597
       792
       838
       929
       482
       511
       836
       920
       922
       483
      3461
      3905
      4019
      4044
       482
       511
       836
       920
       921
       510
      3645
      3906
      4044
      4048
       663
       693
       701
       887
       918
       565
       692
       702
       768
       915
       924
       565
       692
       702
       768
       915
       923
       607
       698
       771
       896
       925
       607
       698
       771
       896
       924
       608
       772
       821
       868
       926
       608
       772
       821
       868
       925
       609
       676
       822
       875
       927
       609
       676
       822
       875
       926
       674
       810
       820
       841
       928
       674
       810
       820
       841
       927
       434
       553
       808
       839
       931
       932
       590
       598
       690
       910
       930
       481
       591
       597
       792
       838
       920
       590
       598
       690
       910
       929
       599
       666
       691
       888
       916
       434
       553
       808
       839
       928
       932
       436
       542
       970
      1319
      1906
      1914
       434
       553
       808
       839
       928
       931
       552
       969
      1060
      1164
      1913
      1914
        26
       470
       934
      3660
      4046
      4061
        26
       470
       933
       167
       644
       943
       391
       535
       936
       107
       902
       945
       391
       535
       935
       111
       828
       942
        66
       637
       938
        22
       465
       939
        66
       637
       937
       323
       520
       944
        22
       465
       937
      1157
      1912
      1916
       103
       767
       941
       342
       530
       945
       103
       767
       940
       409
       525
       946
       287
       540
       943
       111
       828
       936
       287
       540
       942
       167
       644
       934
       323
       520
       938
        99
       878
       946
       107
       902
       935
       342
       530
       940
       409
       525
       941
        99
       878
       944
       948
       949
       950
       951
      1054
      1160
      1161
      1162
      1163
       947
       949
       950
       951
       995
      1160
      1392
