         1
         6
        10
        15
        20
        25
        31
        37
        41
        47
        51
        57
        63
        69
        74
        80
        86
        90
        95
       100
       105
       110
       115
       120
       125
       130
       135
       140
       145
       150
       154
       158
       162
       166
       170
       174
       178
       182
       186
       190
       196
       202
       208
       214
       220
       226
       232
       238
       244
       248
       254
       260
       265
       270
       276
       280
       285
       290
       295
       300
       306
       311
       315
       319
       323
       327
       331
       335
       339
       343
       347
       351
       357
       361
       367
       373
       377
       381
       385
       391
       395
       401
       407
       413
       419
       425
       432
       436
       440
       444
       448
       452
       459
       465
       471
       476
       480
       484
       488
       495
       499
       503
       507
       511
       517
       523
       527
       531
       535
       539
       544
       550
       557
       561
       565
       569
       574
       580
       585
       590
       596
       600
       605
       611
       617
       623
       628
       633
       637
       641
       648
       654
       661
       667
       674
       680
       686
       692
       696
       700
       704
       708
       713
       719
       726
       731
       735
       739
       743
       747
       753
       759
       765
       772
       778
       785
       791
       797
       804
       810
       816
       822
       828
       835
       840
       844
       850
       854
       859
       865
       869
       873
       877
       881
       885
       889
       893
       898
       902
       906
       910
       914
       918
       922
       926
       933
       939
       945
       951
       958
       964
       970
       976
       981
       986
       991
       997
      1001
      1005
      1009
      1015
      1019
      1024
      1030
      1036
      1042
      1047
      1053
      1057
      1062
      1067
      1072
      1077
      1082
      1086
      1090
      1094
      1098
      1102
      1106
      1110
      1116
      1120
      1127
      1133
      1139
      1144
      1148
      1154
      1160
      1166
      1172
      1178
      1184
      1190
      1196
      1200
      1206
      1211
      1217
      1221
      1225
      1229
      1235
      1240
      1245
      1250
      1255
      1260
      1267
      1274
      1278
      1284
      1288
      1292
      1296
      1300
      1304
      1308
      1312
      1316
      1320
      1326
      1332
      1338
      1342
      1346
      1350
      1354
      1358
      1364
      1370
      1374
      1378
      1384
      1390
      1394
      1398
      1402
      1406
      1412
      1418
      1422
      1426
      1432
      1438
      1444
      1448
      1452
      1457
      1461
      1465
      1469
      1475
      1481
      1487
      1494
      1500
      1506
      1510
      1514
      1521
      1527
      1533
      1537
      1541
      1545
      1549
      1555
      1561
      1567
      1572
      1577
      1581
      1585
      1589
      1593
      1597
      1601
      1607
      1614
      1620
      1626
      1631
      1637
      1643
      1650
      1656
      1662
      1669
      1675
      1679
      1684
      1688
      1692
      1697
      1702
      1707
      1712
      1718
      1724
      1728
      1733
      1737
      1741
      1745
      1749
      1755
      1762
      1768
      1774
      1781
      1787
      1793
      1797
      1801
      1805
      1809
      1813
      1817
      1821
      1825
      1829
      1833
      1837
      1841
      1845
      1849
      1853
      1857
      1861
      1865
      1870
      1876
      1881
      1886
      1891
      1897
      1904
      1910
      1916
      1922
      1928
      1933
      1938
      1943
      1949
      1954
      1959
      1963
      1967
      1971
      1975
      1979
      1983
      1987
      1991
      1997
      2002
      2008
      2014
      2019
      2024
      2029
      2035
      2041
      2046
      2052
      2057
      2062
      2067
      2072
      2078
      2085
      2091
      2098
      2104
      2108
      2112
      2116
      2120
      2124
      2128
      2132
      2136
      2140
      2144
      2148
      2152
      2156
      2160
      2164
      2168
      2172
      2177
      2183
      2188
      2195
      2199
      2203
      2209
      2215
      2221
      2226
      2232
      2237
      2241
      2245
      2249
      2253
      2257
      2261
      2265
      2269
      2273
      2277
      2281
      2286
      2290
      2296
      2301
      2307
      2313
      2319
      2326
      2332
      2337
      2341
      2345
      2349
      2353
      2357
      2361
      2366
      2370
      2375
      2379
      2385
      2391
      2395
      2399
      2405
      2410
      2416
      2423
      2427
      2431
      2435
      2439
      2443
      2447
      2451
      2455
      2459
      2463
      2467
      2471
      2475
      2479
      2483
      2487
      2491
      2495
      2499
      2503
      2507
      2511
      2515
      2519
      2523
      2527
      2531
      2535
      2539
      2543
      2547
      2551
      2557
      2562
      2567
      2573
      2578
      2584
      2590
      2595
      2601
      2607
      2613
      2619
      2625
      2629
      2635
      2641
      2647
      2653
      2659
      2665
      2671
      2677
      2683
      2689
      2694
      2699
      2705
      2710
      2715
      2720
      2725
      2730
      2735
      2740
      2745
      2750
      2755
      2760
      2765
      2771
      2777
      2783
      2789
      2795
      2800
      2807
      2813
      2819
      2825
      2831
      2837
      2843
      2849
      2855
      2861
      2867
      2873
      2879
      2885
      2890
      2896
      2902
      2908
      2914
      2921
      2927
      2933
      2939
      2945
      2951
      2957
      2963
      2969
      2975
      2981
      2987
      2993
      2999
      3005
      3011
      3017
      3024
      3030
      3036
      3042
      3049
      3055
      3061
      3068
      3074
      3080
      3086
      3093
      3100
      3107
      3113
      3119
      3125
      3131
      3137
      3143
      3149
      3155
      3162
      3168
      3174
      3180
      3186
      3193
      3199
      3205
      3211
      3217
      3223
      3229
      3236
      3242
      3248
      3254
      3260
      3266
      3272
      3279
      3285
      3291
      3297
      3303
      3309
      3315
      3322
      3328
      3334
      3341
      3347
      3354
      3360
      3366
      3372
      3378
      3385
      3391
      3398
      3404
      3410
      3417
      3423
      3429
      3435
      3441
      3447
      3453
      3460
      3466
      3472
      3479
      3485
      3491
      3497
      3503
      3509
      3515
      3520
      3526
      3532
      3538
      3545
      3551
      3557
      3563
      3570
      3576
      3583
      3589
      3593
      3600
      3606
      3611
      3615
      3619
      3623
      3627
      3631
      3635
      3639
      3645
      3649
      3655
      3661
      3666
      3671
      3676
      3682
      3688
      3692
      3696
      3702
      3708
      3714
      3720
      3726
      3731
      3735
      3739
      3744
      3749
      3754
      3759
      3764
      3769
      3775
      3779
      3783
      3787
      3793
      3799
      3805
      3809
      3813
      3819
      3825
      3831
      3837
      3843
      3847
      3851
      3857
      3862
      3867
      3873
      3879
      3884
      3889
      3895
      3901
      3907
      3912
      3917
      3923
      3929
      3933
      3939
      3945
      3951
      3957
      3963
      3970
      3976
      3982
      3987
      3993
      3997
      4004
      4010
      4016
      4021
      4027
      4034
      4041
      4048
      4055
      4061
      4067
      4071
      4076
      4082
      4088
      4094
      4099
      4105
      4111
      4116
      4120
      4124
      4128
      4133
      4137
      4141
      4145
      4149
      4153
      4159
      4166
      4173
      4180
      4186
      4192
      4198
      4203
      4208
      4214
      4218
      4222
      4228
      4234
      4239
      4244
      4248
      4252
      4257
      4261
      4265
      4269
      4273
      4277
      4281
      4287
      4293
      4298
      4304
      4309
      4313
      4317
      4321
      4325
      4331
      4337
      4342
      4347
      4351
      4356
      4360
      4364
      4368
      4372
      4379
      4383
      4387
      4391
      4395
      4399
      4403
      4407
      4411
      4415
      4419
      4425
      4431
      4435
      4439
      4443
      4447
      4451
      4455
      4459
      4463
      4467
      4473
      4478
      4484
      4489
      4493
      4497
      4501
      4505
      4509
      4513
      4517
      4523
      4529
      4535
      4540
      4544
      4548
      4553
      4557
      4561
      4565
      4569
      4573
      4577
      4581
      4585
      4589
      4593
      4597
      4601
      4606
      4610
      4614
      4618
      4622
      4626
      4630
      4634
      4641
      4647
      4653
      4657
      4661
      4665
      4669
      4673
      4677
      4681
      4685
      4689
      4693
      4697
      4701
      4707
      4712
      4717
      4722
      4727
      4733
      4739
      4745
      4751
      4757
      4763
      4769
      4775
      4780
      4785
      4791
      4797
      4803
      4808
      4813
      4818
      4823
      4827
      4831
      4835
      4839
      4843
      4847
      4851
      4855
      4861
      4867
      4873
      4879
      4885
      4891
      4896
      4901
      4905
      4911
      4917
      4923
      4929
      4935
      4941
      4946
      4952
      4958
      4964
      4970
      4976
      4980
      4985
      4990
      4995
      5001
      5008
      5015
      5019
      5025
      5029
      5033
      5037
      5041
      5045
      5049
      5053
      5057
      5061
      5065
      5069
      5076
      5082
      5088
      5094
      5100
      5105
      5111
      5117
      5123
      5129
      5135
      5142
      5148
      5154
      5159
      5165
      5171
      5176
      5181
      5185
      5189
      5193
      5197
      5201
      5205
      5209
      5213
      5217
      5221
      5225
      5229
      5235
      5241
      5248
      5252
      5256
      5260
      5264
      5268
      5274
      5279
      5283
      5289
      5293
      5298
      5303
      5308
      5314
      5318
      5322
      5326
      5331
      5337
      5341
      5345
      5349
      5353
      5357
      5361
      5366
      5372
      5379
      5383
      5387
      5391
      5395
      5399
      5403
      5407
      5411
      5415
      5419
      5423
      5427
      5431
      5435
      5439
      5443
      5447
      5451
      5455
      5459
      5463
      5467
      5471
      5478
      5482
      5488
      5494
      5498
      5504
      5511
      5517
      5521
      5525
      5529
      5533
      5539
      5543
      5550
      5555
      5561
      5566
      5570
      5575
      5580
      5585
      5591
      5595
      5600
      5605
      5610
      5615
      5620
      5626
      5632
      5638
      5644
      5650
      5654
      5660
      5664
      5668
      5674
      5680
      5686
      5692
      5698
      5704
      5710
      5716
      5722
      5728
      5734
      5740
      5747
      5753
      5760
      5766
      5773
      5779
      5784
      5789
      5794
      5799
      5804
      5809
      5814
      5819
      5824
      5829
      5834
      5840
      5846
      5851
      5856
      5862
      5868
      5874
      5880
      5886
      5892
      5898
      5904
      5910
      5916
      5922
      5928
      5934
      5940
      5946
      5952
      5958
      5964
      5970
      5976
      5982
      5988
      5993
      5998
      6004
      6010
      6015
      6021
      6028
      6034
      6040
      6046
      6052
      6058
      6063
      6070
      6076
      6083
      6088
      6095
      6102
      6109
      6115
      6122
      6127
      6133
      6139
      6145
      6152
      6158
      6164
      6170
      6177
      6184
      6190
      6197
      6204
      6210
      6216
      6222
      6228
      6235
      6241
      6248
      6255
      6262
      6268
      6274
      6280
      6286
      6292
      6298
      6304
      6310
      6316
      6322
      6329
      6335
      6341
      6347
      6353
      6359
      6365
      6371
      6377
      6383
      6389
      6395
      6401
      6407
      6413
      6419
      6425
      6432
      6439
      6445
      6451
      6457
      6463
      6469
      6475
      6481
      6487
      6494
      6500
      6506
      6512
      6518
      6524
      6531
      6537
      6543
      6549
      6555
      6561
      6567
      6574
      6580
      6586
      6593
      6599
      6605
      6611
      6617
      6624
      6631
      6637
      6643
      6649
      6655
      6661
      6667
      6673
      6679
      6685
      6691
      6698
      6704
      6710
      6716
      6722
      6729
      6735
      6742
      6748
      6754
      6758
      6763
      6769
      6773
      6777
      6783
      6789
      6794
      6801
      6806
      6810
      6814
      6819
      6824
      6829
      6833
      6837
      6841
      6845
      6849
      6853
      6857
      6861
      6865
      6869
      6873
      6877
      6882
      6888
      6894
      6900
      6906
      6912
      6916
      6920
      6924
      6929
      6935
      6939
      6943
      6949
      6955
      6961
      6965
      6969
      6973
      6977
      6981
      6985
      6989
      6993
      6997
      7001
      7005
      7009
      7013
      7017
      7021
      7025
      7029
      7033
      7037
      7041
      7045
      7049
      7053
      7057
      7061
      7065
      7069
      7073
      7078
      7083
      7088
      7093
      7098
      7105
      7109
      7113
      7117
      7121
      7127
      7132
      7137
      7143
      7147
      7151
      7155
      7159
      7163
      7167
      7171
      7175
      7179
      7183
      7190
      7196
      7200
      7206
      7211
      7215
      7219
      7223
      7227
      7231
      7235
      7239
      7243
      7249
      7255
      7260
      7264
      7268
      7272
      7276
      7280
      7285
      7289
      7293
      7297
      7301
      7306
      7313
      7319
      7325
      7331
      7335
      7339
      7343
      7347
      7351
      7355
      7359
      7363
      7367
      7371
      7375
      7379
      7383
      7387
      7391
      7395
      7399
      7403
      7407
      7411
      7415
      7419
      7423
      7427
      7431
      7435
      7439
      7443
      7447
      7451
      7455
      7459
      7463
      7467
      7471
      7476
      7480
      7484
      7488
      7492
      7496
      7500
      7504
      7508
      7512
      7516
      7522
      7529
      7535
      7540
      7545
      7550
      7555
      7560
      7565
      7570
      7575
      7580
      7585
      7590
      7595
      7600
      7605
      7609
      7615
      7621
      7627
      7633
      7638
      7645
      7652
      7659
      7663
      7667
      7671
      7677
      7681
      7687
      7693
      7697
      7701
      7705
      7709
      7714
      7720
      7728
      7734
      7739
      7745
      7751
      7757
      7763
      7769
      7775
      7782
      7788
      7793
      7799
      7805
      7811
      7818
      7825
      7831
      7835
      7841
      7845
      7850
      7856
      7860
      7864
      7871
      7877
      7883
      7887
      7891
      7895
      7899
      7905
      7909
      7916
      7922
      7928
      7935
      7942
      7946
      7950
      7953
      7956
      7959
      7962
      7965
      7967
      7970
      7974
      7977
      7980
      7983
      7986
      7989
      7992
      7995
      7998
      8001
      8005
      8009
      8014
      8018
      8023
      8028
      8032
      8036
      8040
      8044
      8049
      8053
      8058
      8062
      8066
      8069
      8073
      8076
      8080
      8083
      8088
      8092
      8096
      8100
      8104
      8109
      8114
      8119
      8123
      8127
      8130
      8133
      8137
      8140
      8144
      8147
      8151
      8154
      8157
      8159
      8162
      8166
      8172
      8176
      8179
      8184
      8187
      8192
      8197
      8200
      8203
      8206
      8211
      8214
      8218
      8223
      8226
      8230
      8234
      8239
      8243
      8247
      8251
      8255
      8259
      8262
      8267
      8272
      8276
      8279
      8282
      8286
      8290
      8295
      8299
      8302
      8307
      8312
      8316
      8320
      8324
      8328
      8331
      8335
      8339
      8343
      8348
      8351
      8355
      8359
      8363
      8367
