         1
         9
        15
        24
        33
        40
        46
        51
        56
        62
        72
        81
        90
        99
       108
       117
       127
       136
       145
       154
       163
       173
       182
       191
       200
       208
       215
       225
       235
       244
       254
       264
       275
       283
       293
       303
       312
       318
       324
       330
       336
       346
       354
       364
       374
       383
       388
       394
       400
       411
       421
       431
       441
       451
       461
       471
       480
       488
       498
       508
       518
       528
       538
       548
       559
       569
       579
       587
       596
       604
       613
       620
       630
       640
       650
       660
       671
       679
       689
       699
       707
       716
       722
       728
       734
       744
       753
       762
       771
       779
       788
       798
       807
       817
       826
       836
       845
       853
       862
       870
       880
       888
       898
       906
       914
       923
       933
       943
       952
       961
       971
       980
       989
       998
      1007
      1015
      1025
      1034
      1044
      1054
      1064
      1073
      1082
      1091
      1100
      1110
      1119
      1128
      1137
      1146
      1156
      1166
      1175
      1183
      1191
      1201
      1211
      1220
      1228
      1236
      1245
      1255
      1264
      1274
      1283
      1289
      1295
      1301
      1307
      1313
      1319
      1325
      1331
      1337
      1343
      1349
      1355
      1361
      1367
      1373
      1379
      1385
      1391
      1397
      1403
      1409
      1415
      1421
      1427
      1433
      1439
      1445
      1451
      1457
      1463
      1469
      1475
      1481
      1486
      1492
      1498
      1504
      1510
      1516
      1526
      1536
      1547
      1557
      1567
      1577
      1587
      1597
      1607
      1618
      1626
      1634
      1644
      1654
      1665
      1675
      1685
      1696
      1706
      1716
      1726
      1736
      1746
      1757
      1768
      1778
      1789
      1798
      1808
      1818
      1829
      1839
      1849
      1859
      1870
      1881
      1891
      1901
      1912
      1922
      1932
      1942
      1952
      1962
      1972
      1982
      1992
      1998
      2004
      2015
      2025
      2035
      2045
      2055
      2065
      2076
      2086
      2096
      2105
      2112
      2120
      2129
      2136
      2145
      2153
      2160
      2170
      2180
      2191
      2201
      2207
      2213
      2221
      2230
      2238
      2247
      2254
      2262
      2271
      2279
      2289
      2296
      2304
      2313
      2321
      2330
      2337
      2345
      2355
      2364
      2372
      2379
      2389
      2400
      2411
      2421
      2431
      2441
      2447
      2453
      2459
      2465
      2471
      2477
      2483
      2489
      2495
      2501
      2507
      2513
      2519
      2525
      2531
      2537
      2543
      2549
      2555
      2561
      2567
      2574
      2580
      2586
      2592
      2599
      2605
      2611
      2617
      2624
      2630
      2636
      2642
      2652
      2662
      2673
      2679
      2685
      2695
      2705
      2716
      2726
      2735
      2741
      2747
      2753
      2759
      2765
      2776
      2786
      2796
      2802
      2808
      2814
      2823
      2833
      2843
      2854
      2864
      2874
      2884
      2894
      2904
      2915
      2926
      2936
      2946
      2957
      2967
      2978
      2989
      2995
      3001
      3006
      3012
      3018
      3024
      3030
      3041
      3052
      3062
      3072
      3081
      3092
      3101
      3108
      3114
      3120
      3126
      3132
      3138
      3144
      3150
      3156
      3162
      3172
      3184
      3194
      3200
      3206
      3212
      3218
      3224
      3230
      3240
      3251
      3261
      3271
      3281
      3291
      3301
      3307
      3313
      3319
      3325
      3332
      3338
      3347
      3355
      3365
      3376
      3387
      3397
      3408
      3419
      3425
      3431
      3437
      3444
      3450
      3456
      3464
      3473
      3481
      3492
      3502
      3512
      3522
      3532
      3540
      3550
      3560
      3570
      3581
      3588
      3594
      3603
      3614
      3624
      3634
      3644
      3654
      3665
      3673
      3681
      3689
      3695
      3701
      3707
      3718
      3730
      3741
      3751
      3761
      3772
      3783
      3794
      3805
      3816
      3826
      3836
      3846
      3856
      3862
      3868
      3873
      3879
      3886
      3892
      3901
      3910
      3920
      3931
      3942
      3954
      3964
      3971
      3977
      3983
      3989
      3995
      4005
      4016
      4027
      4037
      4046
      4057
      4068
      4078
      4088
      4097
      4107
      4118
      4129
      4139
      4149
      4159
      4170
      4181
      4190
      4197
      4203
      4210
      4216
      4225
      4236
      4242
      4248
      4254
      4260
      4266
      4272
      4278
      4284
      4290
      4300
      4307
      4313
      4319
      4325
      4331
      4337
      4343
      4355
      4365
      4375
      4385
      4395
      4406
      4417
      4428
      4436
      4446
      4455
      4462
      4469
      4479
      4488
      4497
      4507
      4516
      4525
      4535
      4545
      4554
      4563
      4570
      4580
      4587
      4596
      4605
      4615
      4625
      4635
      4644
      4652
      4659
      4665
      4671
      4677
      4683
      4689
      4694
      4699
      4705
      4711
      4717
      4723
      4729
      4739
      4747
      4757
      4767
      4776
      4781
      4787
      4795
      4805
      4814
      4823
      4832
      4842
      4852
      4862
      4872
      4882
      4891
      4901
      4911
      4920
      4931
      4939
      4949
      4959
      4970
      4980
      4991
      5001
      5011
      5017
      5024
      5033
      5041
      5048
      5059
      5069
      5080
      5090
      5099
      5105
      5111
      5117
      5126
      5136
      5145
      5154
      5163
      5172
      5182
      5191
      5200
      5209
      5218
      5228
      5238
      5247
      5256
      5266
      5275
      5284
      5293
      5301
      5311
      5320
      5329
      5338
      5347
      5353
      5359
      5366
      5372
      5378
      5384
      5390
      5396
      5402
      5408
      5414
      5420
      5426
      5432
      5438
      5444
      5450
      5456
      5462
      5468
      5474
      5480
      5486
      5492
      5498
      5504
      5510
      5516
      5526
      5536
      5546
      5557
      5563
      5569
      5575
      5584
      5595
      5605
      5616
      5627
      5637
      5646
      5655
      5664
      5674
      5684
      5692
      5700
      5709
      5719
      5728
      5737
      5746
      5752
      5758
      5764
      5775
      5785
      5795
      5805
      5815
      5825
      5835
      5845
      5855
      5865
      5875
      5885
      5895
      5905
      5914
      5923
      5933
      5944
      5954
      5964
      5973
      5982
      5992
      6001
      6010
      6020
      6030
      6040
      6050
      6061
      6071
      6081
      6091
      6102
      6112
      6122
      6132
      6142
      6153
      6164
      6174
      6184
      6194
      6204
      6214
      6224
      6234
      6240
      6246
      6256
      6267
      6277
      6286
      6295
      6305
      6316
      6326
      6336
      6342
      6348
      6354
      6360
      6366
      6372
      6378
      6387
      6398
      6408
      6417
      6424
      6433
      6441
      6450
      6460
      6469
      6479
      6487
      6496
      6504
      6513
      6520
      6528
      6537
      6545
      6554
      6561
      6569
      6578
      6586
      6595
      6602
      6613
      6624
      6635
      6646
      6657
      6668
      6674
      6680
      6689
      6699
      6710
      6718
      6724
      6730
      6736
      6742
      6748
      6754
      6760
      6766
      6772
      6778
      6784
      6790
      6796
      6802
      6808
      6814
      6820
      6827
      6833
      6839
      6845
      6852
      6858
      6864
      6870
      6876
      6887
      6896
      6906
      6917
      6927
      6937
      6947
      6957
      6967
      6973
      6979
      6985
      6991
      6997
      7003
      7009
      7015
      7021
      7031
      7041
      7052
      7063
      7073
      7083
      7093
      7103
      7113
      7119
      7125
      7131
      7142
      7152
      7162
      7173
      7179
      7185
      7191
      7197
      7203
      7209
      7215
      7221
      7227
      7237
      7247
      7257
      7267
      7278
      7284
      7290
      7296
      7306
      7316
      7327
      7337
      7347
      7357
      7367
      7377
      7387
      7397
      7406
      7415
      7421
      7428
      7434
      7441
      7447
      7456
      7462
      7468
      7474
      7480
      7490
      7500
      7509
      7519
      7528
      7539
      7550
      7560
      7570
      7579
      7586
      7592
      7598
      7610
      7621
      7631
      7641
      7651
      7657
      7663
      7669
      7675
      7681
      7688
      7698
      7708
      7718
      7729
      7740
      7750
      7758
      7767
      7775
      7782
      7788
      7794
      7800
      7806
      7812
      7818
      7824
      7834
      7844
      7855
      7866
      7877
      7887
      7898
      7906
      7915
      7925
      7935
      7946
      7957
      7968
      7978
      7990
      8000
      8006
      8012
      8021
      8028
      8034
      8042
      8050
      8058
      8066
      8075
      8084
      8094
      8101
      8107
      8116
      8122
      8128
      8134
      8140
      8151
      8161
      8172
      8183
      8193
      8204
      8213
      8219
      8225
      8231
      8237
      8243
      8249
      8255
      8261
      8267
      8273
      8279
      8285
      8291
      8297
      8303
      8309
      8315
      8321
      8327
      8336
      8346
      8356
      8365
      8374
      8384
      8394
      8404
      8414
      8424
      8434
      8444
      8453
      8462
      8471
      8480
      8490
      8499
      8508
      8517
      8526
      8536
      8545
      8555
      8564
      8573
      8584
      8594
      8605
      8614
      8623
      8632
      8643
      8653
      8664
      8675
      8686
      8697
      8708
      8719
      8729
      8739
      8748
      8757
      8767
      8777
      8787
      8798
      8809
      8819
      8829
      8840
      8850
      8861
      8870
      8880
      8891
      8901
      8912
      8922
      8931
      8939
      8948
      8956
      8965
      8972
      8980
      8990
      8998
      9007
      9014
      9024
      9032
      9041
      9049
      9058
      9068
      9079
      9089
      9099
      9109
      9118
      9127
      9136
      9145
      9154
      9164
      9173
      9181
      9189
      9195
      9201
      9207
      9213
      9219
      9225
      9231
      9237
      9243
      9249
      9255
      9261
      9267
      9273
      9279
      9285
      9291
      9297
      9303
      9309
      9315
      9321
      9327
      9333
      9339
      9345
      9351
      9357
      9363
      9369
      9375
      9381
      9391
      9401
      9412
      9422
      9431
      9440
      9450
      9461
      9472
      9482
      9492
      9502
      9513
      9523
      9533
      9541
      9550
      9558
      9565
      9575
      9585
      9594
      9603
      9613
      9622
      9631
      9640
      9650
      9660
      9669
      9679
      9689
      9699
      9708
      9719
      9727
      9735
      9742
      9752
      9763
      9773
      9782
      9791
      9801
      9809
      9818
      9826
      9835
      9842
      9850
      9859
      9867
      9876
      9883
      9891
      9900
      9908
      9917
      9924
      9932
      9941
      9949
      9958
      9965
      9976
      9986
      9997
     10008
     10019
     10028
     10038
     10049
     10060
     10071
     10081
     10091
     10097
     10103
     10109
     10115
     10121
     10127
     10133
     10139
     10145
     10151
     10157
     10163
     10169
     10175
     10181
     10187
     10193
     10199
     10205
     10211
     10217
     10223
     10229
     10235
     10241
     10247
     10253
     10259
     10265
     10271
     10277
     10283
     10289
     10295
     10301
     10307
     10313
     10319
     10325
     10331
     10337
     10343
     10349
     10355
     10361
     10367
     10373
     10379
     10385
     10391
     10397
     10403
     10409
     10415
     10421
     10427
     10433
     10440
     10449
     10457
     10467
     10478
     10486
     10495
     10503
     10510
     10521
     10532
     10544
     10550
     10556
     10562
     10572
     10581
     10591
     10601
     10610
     10620
     10629
     10639
     10646
     10656
     10665
     10675
     10682
     10688
     10694
     10700
     10706
     10712
     10718
     10724
     10730
     10736
     10742
     10748
     10754
     10760
     10766
     10772
     10778
     10784
     10793
     10800
     10806
     10816
     10825
     10832
     10843
     10853
     10862
     10873
     10885
     10896
     10905
     10912
     10918
     10924
     10930
     10936
     10942
     10948
     10954
     10960
     10966
     10972
     10980
     10987
     10993
     10999
     11006
     11015
     11025
     11036
     11042
     11048
     11054
     11065
     11074
     11081
     11091
     11101
     11112
     11118
     11124
     11130
     11136
     11142
     11148
     11154
     11160
     11166
     11172
     11178
     11184
     11190
     11196
     11202
     11208
     11214
     11220
     11226
     11232
     11238
     11244
     11250
     11256
     11262
     11268
     11274
     11280
     11286
     11292
     11298
     11304
     11310
     11316
     11322
     11328
     11334
     11345
     11355
     11363
     11372
     11382
     11389
     11396
     11404
     11412
     11421
     11430
     11439
     11447
     11457
     11465
     11472
     11480
     11491
     11501
     11510
     11520
     11529
     11538
     11545
     11555
     11563
     11571
     11582
     11592
     11602
     11612
     11622
     11632
     11641
     11652
     11662
     11671
     11678
     11687
     11696
     11706
     11715
     11725
     11734
     11745
     11756
     11766
     11776
     11786
     11795
     11805
     11815
     11826
     11836
     11846
     11856
     11867
     11877
     11886
     11896
     11906
     11916
     11924
     11934
     11943
     11950
     11958
     11969
     11978
     11988
     11995
     12004
     12013
     12022
     12030
     12040
     12051
     12061
     12071
     12079
     12087
     12097
     12107
     12118
     12129
     12137
     12145
     12156
     12166
     12176
     12186
     12196
     12206
     12216
     12226
     12236
     12246
     12256
     12266
     12276
     12286
     12296
     12306
     12316
     12326
     12336
     12347
     12357
     12367
     12377
     12387
     12397
     12408
     12418
     12428
     12438
     12448
     12458
     12469
     12479
     12489
     12499
     12509
     12520
     12530
     12540
     12550
     12560
     12570
     12580
     12590
     12598
     12608
     12617
     12626
     12636
     12645
     12654
     12664
     12674
     12683
     12692
     12701
     12711
     12721
     12731
     12741
     12751
     12760
     12769
     12778
     12788
     12797
     12807
     12816
     12825
     12834
     12844
     12853
     12862
     12872
     12881
     12891
     12900
     12909
     12918
     12927
     12937
     12946
     12955
     12964
     12973
     12982
     12992
     13001
     13010
     13020
     13030
     13039
     13048
     13057
     13066
     13076
     13085
     13094
     13103
     13112
     13122
     13131
     13140
     13149
     13158
     13167
     13177
     13186
     13195
     13205
     13215
     13224
     13234
     13243
     13252
     13262
     13271
     13281
     13290
     13299
     13309
     13320
     13330
     13340
     13350
     13360
     13370
     13378
     13387
     13397
     13407
     13417
     13425
     13436
     13446
     13454
     13465
     13475
     13485
     13495
     13503
     13513
     13522
     13531
     13542
     13553
     13564
     13574
     13584
     13594
     13604
     13614
     13625
     13635
     13645
     13655
     13666
     13676
     13686
     13696
     13706
     13716
     13727
     13737
     13747
     13757
     13767
     13777
     13787
     13797
     13808
     13818
     13828
     13838
     13849
     13859
     13869
     13880
     13890
     13900
     13910
     13920
     13930
     13940
     13950
     13960
     13970
     13981
     13991
     14001
     14011
     14022
     14032
     14042
     14052
     14062
     14072
     14082
     14093
     14103
     14113
     14123
     14133
     14144
     14154
     14164
     14174
     14184
     14194
     14204
     14215
     14225
     14235
     14245
     14255
     14266
     14277
     14288
     14298
     14308
     14318
     14326
     14336
     14346
     14357
     14367
     14377
     14388
     14398
     14409
     14419
     14430
     14440
     14450
     14460
     14471
     14480
     14491
     14500
     14508
     14518
     14529
     14539
     14549
     14559
     14569
     14580
     14590
     14600
     14610
     14621
     14632
     14643
     14653
     14664
     14675
     14685
     14695
     14705
     14715
     14725
     14735
     14746
     14756
     14766
     14776
     14787
     14797
     14807
     14818
     14828
     14839
     14849
     14859
     14869
     14879
     14889
     14899
     14909
     14919
     14929
     14939
     14949
     14959
     14970
     14980
     14990
     15000
     15011
     15021
     15031
     15041
     15052
     15063
     15073
     15084
     15094
     15104
     15114
     15125
     15136
     15146
     15157
     15168
     15179
     15189
     15199
     15209
     15219
     15229
     15239
     15249
     15260
     15271
     15282
     15293
     15303
     15314
     15325
     15335
     15347
     15356
     15365
     15376
     15387
     15396
     15406
     15416
     15426
     15436
     15446
     15456
     15467
     15477
     15487
     15498
     15508
     15518
     15528
     15539
     15550
     15561
     15572
     15582
     15592
     15603
     15613
     15623
     15634
     15645
     15656
     15667
     15676
     15687
     15697
     15707
     15717
     15727
     15737
     15747
     15757
     15767
     15777
     15788
     15798
     15809
     15820
     15830
     15840
     15850
     15860
     15870
     15881
     15892
     15902
     15912
     15923
     15931
     15942
     15950
     15961
     15971
     15981
     15991
     16001
     16011
     16021
     16031
     16041
     16053
     16065
     16076
     16086
     16096
     16107
     16117
     16129
     16139
     16149
     16159
     16169
     16180
     16190
     16201
     16212
     16223
     16234
     16244
     16255
     16264
     16275
     16285
     16295
     16305
     16315
     16326
     16336
     16347
     16358
     16369
     16379
     16390
     16401
     16411
     16421
     16431
     16441
     16451
     16462
     16472
     16482
     16491
     16498
     16508
     16518
     16529
     16539
     16548
     16558
     16569
     16580
     16590
     16601
     16612
     16623
     16634
     16640
     16646
     16657
     16666
     16673
     16679
     16685
     16691
     16697
     16703
     16709
     16719
     16729
     16739
     16749
     16760
     16769
     16779
     16788
     16797
     16806
     16815
     16825
     16834
     16843
     16852
     16861
     16870
     16880
     16890
     16899
     16908
     16916
     16927
     16937
     16946
     16956
     16965
     16973
     16984
     16994
     17004
     17014
     17023
     17029
     17035
     17041
     17047
     17053
     17059
     17065
     17071
     17081
     17091
     17101
     17111
     17121
     17132
     17142
     17152
     17162
     17172
     17182
     17192
     17203
     17213
     17223
     17233
     17243
     17254
     17264
     17274
     17283
     17292
     17303
     17313
     17323
     17332
     17341
     17350
     17360
     17369
     17378
     17384
     17390
     17396
     17402
     17408
     17415
     17425
     17435
     17444
     17453
     17462
     17472
     17482
     17491
     17500
     17508
     17518
     17527
     17536
     17545
     17554
     17564
     17573
     17582
     17591
     17600
     17609
     17619
     17629
     17638
     17647
     17657
     17667
     17676
     17685
     17694
     17704
     17715
     17725
     17735
     17745
     17755
     17761
     17767
     17773
     17779
     17785
     17791
     17797
     17803
     17809
     17815
     17821
     17827
     17838
     17848
     17858
     17868
     17878
     17888
     17898
     17908
     17918
     17928
     17938
     17944
     17950
     17957
     17963
     17969
     17975
     17985
     17996
     18005
     18014
     18023
     18033
     18043
     18053
     18063
     18072
     18081
     18091
     18101
     18112
     18122
     18132
     18142
     18153
     18164
     18175
     18185
     18195
     18205
     18215
     18225
     18235
     18245
     18255
     18261
     18268
     18275
     18281
     18292
     18302
     18312
     18322
     18330
     18339
     18347
     18356
     18363
     18371
     18380
     18388
     18397
     18404
     18414
     18424
     18435
     18445
     18453
     18461
     18470
     18479
     18487
     18495
     18504
     18513
     18524
     18534
     18544
     18554
     18564
     18574
     18584
     18594
     18605
     18616
     18624
     18633
     18641
     18650
     18660
     18670
     18680
     18690
     18701
     18712
     18722
     18728
     18734
     18744
     18755
     18766
     18777
     18787
     18798
     18808
     18818
     18829
     18840
     18850
     18859
     18868
     18879
     18890
     18900
     18910
     18920
     18929
     18939
     18948
     18954
     18960
     18971
     18983
     18993
     19004
     19015
     19025
     19034
     19044
     19052
     19059
     19070
     19081
     19092
     19104
     19116
     19127
     19139
     19150
     19161
     19171
     19181
     19190
     19196
     19202
     19210
     19217
     19228
     19238
     19248
     19259
     19269
     19278
     19285
     19295
     19305
     19314
     19321
     19327
     19333
     19339
     19346
     19355
     19361
     19367
     19373
     19379
     19385
     19396
     19407
     19418
     19429
     19440
     19451
     19461
     19470
     19480
     19490
     19499
     19508
     19518
     19527
     19535
     19543
     19552
     19563
     19573
     19583
     19593
     19603
     19613
     19619
     19625
     19631
     19637
     19643
     19649
     19655
     19661
     19671
     19681
     19691
     19701
     19712
     19722
     19732
     19743
     19752
     19762
     19773
     19783
     19791
     19800
     19808
     19817
     19824
     19832
     19842
     19850
     19857
     19863
     19869
     19875
     19881
     19887
     19893
     19902
     19911
     19920
     19929
     19938
     19944
     19950
     19956
     19962
     19968
     19974
     19980
     19986
     19992
     19998
     20004
     20010
     20016
     20022
     20028
     20034
     20040
     20046
     20052
     20058
     20064
     20070
     20076
     20082
     20093
     20103
     20113
     20122
     20131
     20141
     20151
     20162
     20172
     20182
     20191
     20200
     20209
     20219
     20229
     20238
     20247
     20257
     20267
     20276
     20283
     20291
     20297
     20303
     20309
     20315
     20321
     20327
     20333
     20339
     20345
     20351
     20362
     20372
     20382
     20392
     20402
     20410
     20419
     20427
     20436
     20443
     20451
     20460
     20468
     20477
     20484
     20490
     20496
     20505
     20512
     20520
     20529
     20535
     20541
     20547
     20553
     20559
     20565
     20571
     20577
     20583
     20589
     20595
     20601
     20613
     20624
     20635
     20641
     20647
     20653
     20659
     20665
     20671
     20677
     20683
     20689
     20695
     20701
     20707
     20713
     20719
     20725
     20731
     20737
     20743
     20749
     20755
     20761
     20767
     20773
     20779
     20785
     20791
     20797
     20807
     20817
     20827
     20836
     20842
     20848
     20854
     20860
     20866
     20872
     20878
     20884
     20890
     20896
     20903
     20909
     20915
     20921
     20927
     20933
     20943
     20952
     20962
     20970
     20980
     20989
     20996
     21002
     21008
     21014
     21020
     21026
     21032
     21038
     21044
     21050
     21056
     21066
     21076
     21087
     21096
     21105
     21115
     21122
     21128
     21134
     21142
     21149
     21155
     21161
     21167
     21173
     21179
     21185
     21191
     21197
     21203
     21209
     21215
     21221
     21227
     21233
     21239
     21245
     21254
     21261
     21267
     21273
     21279
     21285
     21291
     21297
     21308
     21319
     21330
     21340
     21346
     21352
     21358
     21364
     21370
     21376
     21382
     21388
     21394
     21400
     21406
     21412
     21418
     21425
     21434
     21442
     21451
     21461
     21468
     21478
     21487
     21494
     21504
     21514
     21523
     21532
     21541
     21550
     21561
     21570
     21579
     21588
     21595
     21602
     21611
     21620
     21629
     21637
     21644
     21653
     21662
     21671
     21682
     21691
     21701
     21712
     21722
     21733
     21743
     21754
     21763
     21770
     21780
     21788
     21799
     21807
     21817
     21826
     21834
     21844
     21854
     21864
     21874
     21884
     21892
     21902
     21911
     21921
     21931
     21939
     21947
     21957
     21967
     21977
     21987
     21996
     22005
     22015
     22026
     22035
     22044
     22054
     22065
     22075
     22085
     22096
     22106
     22114
     22123
     22129
     22136
     22143
     22151
     22160
     22168
     22177
     22184
     22193
     22203
     22213
     22223
     22233
     22241
     22251
     22261
     22272
     22281
     22291
     22299
     22309
     22317
     22327
     22336
     22346
     22355
     22364
     22373
     22383
     22392
     22401
     22410
     22419
     22429
     22438
     22447
     22456
     22465
     22475
     22484
     22493
     22502
     22512
     22518
     22524
     22530
     22535
     22541
     22547
     22553
     22558
     22564
     22570
     22576
     22581
     22587
     22593
     22599
     22604
     22610
     22616
     22623
     22629
     22635
     22641
     22647
     22653
     22659
     22665
     22671
     22677
     22683
     22689
     22695
     22701
     22713
     22723
     22733
     22742
     22750
     22760
     22770
     22780
     22790
     22800
     22810
     22820
     22830
     22840
     22850
     22861
     22871
     22881
     22891
     22901
     22911
     22921
     22931
     22938
     22947
     22955
     22962
     22971
     22979
     22988
     22998
     23004
     23010
     23016
     23027
     23037
     23047
     23058
     23069
     23079
     23089
     23098
     23107
     23117
     23127
     23137
     23146
     23155
     23165
     23174
     23184
     23195
     23205
     23215
     23225
     23236
     23246
     23256
     23266
     23277
     23288
     23298
     23306
     23314
     23324
     23335
     23346
     23355
     23365
     23375
     23385
     23395
     23404
     23413
     23423
     23429
     23434
     23442
     23451
     23459
     23468
     23475
     23483
     23492
     23500
     23509
     23516
     23524
     23533
     23541
     23550
     23557
     23568
     23579
     23590
     23601
     23612
     23623
     23634
     23641
     23647
     23653
     23663
     23673
     23684
     23694
     23700
     23706
     23712
     23718
     23724
     23730
     23736
     23742
     23748
     23754
     23761
     23767
     23773
     23779
     23785
     23791
     23797
     23803
     23809
     23815
     23821
     23827
     23833
     23840
     23846
     23852
     23858
     23864
     23870
     23876
     23882
     23888
     23894
     23900
     23906
     23912
     23918
     23929
     23940
     23951
     23961
     23971
     23981
     23991
     24001
     24012
     24022
     24031
     24041
     24049
     24057
     24067
     24076
     24086
     24097
     24107
     24117
     24126
     24136
     24145
     24155
     24166
     24176
     24186
     24195
     24204
     24211
     24220
     24230
     24239
     24249
     24257
     24265
     24273
     24279
     24285
     24291
     24297
     24302
     24308
     24314
     24320
     24326
     24332
     24338
     24344
     24350
     24356
     24362
     24368
     24374
     24380
     24386
     24391
     24397
     24404
     24410
     24416
     24422
     24428
     24437
     24447
     24458
     24469
     24480
     24486
     24492
     24498
     24504
     24510
     24516
     24522
     24528
     24537
     24547
     24556
     24563
     24569
     24576
     24582
     24591
     24599
     24607
     24615
     24623
     24629
     24635
     24641
     24648
     24654
     24663
     24673
     24679
     24685
     24691
     24697
     24703
     24709
     24716
     24722
     24731
     24742
     24754
     24760
     24766
     24772
     24778
     24784
     24790
     24796
     24801
     24807
     24813
     24819
     24825
     24831
     24837
     24843
     24849
     24855
     24861
     24867
     24873
     24879
     24885
     24891
     24897
     24903
     24908
     24915
     24921
     24932
     24943
     24949
     24955
     24965
     24976
     24986
     24997
     25007
     25016
     25026
     25032
     25038
     25044
     25050
     25059
     25065
     25076
     25083
     25092
     25101
     25107
     25117
     25125
     25135
     25145
     25153
     25161
     25170
     25176
     25183
     25193
     25202
     25210
     25220
     25231
     25240
     25247
     25256
     25267
     25275
     25284
     25294
     25302
     25312
     25321
     25328
     25335
     25345
     25354
     25364
     25373
     25382
     25391
     25401
     25410
     25420
     25428
     25436
     25446
     25455
     25465
     25473
     25481
     25491
     25500
     25509
     25518
     25527
     25538
     25548
     25558
     25565
     25573
     25581
     25591
     25601
     25611
     25621
     25631
     25641
     25652
     25660
     25668
     25675
     25684
     25695
     25705
     25714
     25724
     25735
     25745
     25755
     25764
     25773
     25782
     25791
     25800
     25809
     25819
     25829
     25838
     25846
     25855
     25865
     25874
     25883
     25892
     25900
     25909
     25918
     25927
     25935
     25944
     25955
     25964
     25974
     25984
     25992
     26003
     26013
     26023
     26032
     26041
     26051
     26060
     26069
     26079
     26089
     26099
     26108
     26119
     26129
     26140
     26150
     26160
     26169
     26179
     26190
     26200
     26211
     26221
     26230
     26240
     26251
     26261
     26271
     26282
     26291
     26301
     26312
     26322
     26332
     26342
     26352
     26362
     26373
     26383
     26393
     26403
     26413
     26421
     26431
     26439
     26449
     26460
     26470
     26480
     26491
     26501
     26509
     26520
     26528
     26537
     26547
     26556
     26566
     26575
     26586
     26596
     26607
     26617
     26627
     26637
     26649
     26659
     26669
     26680
     26690
     26699
     26709
     26720
     26733
     26742
     26753
     26763
     26774
     26785
     26794
     26804
     26814
     26823
     26834
     26846
     26857
     26868
     26879
     26889
     26899
     26909
     26920
     26929
     26938
     26947
     26956
     26965
     26974
     26984
     26992
     27001
     27011
     27021
     27031
     27040
     27049
     27059
     27068
     27077
     27087
     27096
     27105
     27114
     27124
     27133
     27142
     27151
     27160
     27169
     27179
     27189
     27198
     27207
     27217
     27226
     27235
     27244
     27253
     27263
     27272
     27281
     27291
     27300
     27310
     27319
     27328
     27337
     27346
     27356
     27366
     27375
     27385
     27393
     27402
     27411
     27421
     27431
     27442
     27453
     27464
     27475
     27486
     27497
     27506
     27515
     27524
     27533
     27543
     27553
     27563
     27572
     27581
     27590
     27601
     27609
     27617
     27628
     27638
     27649
     27659
     27668
     27678
     27688
     27698
     27709
     27719
     27729
     27739
     27749
     27759
     27769
     27779
     27789
     27799
     27809
     27819
     27829
     27839
     27849
     27859
     27869
     27879
     27889
     27899
     27909
     27919
     27929
     27939
     27950
     27960
     27970
     27981
     27991
     28001
     28011
     28021
     28032
     28042
     28052
     28062
     28072
     28082
     28092
     28103
     28113
     28123
     28133
     28144
     28154
     28164
     28175
     28185
     28195
     28205
     28215
     28225
     28235
     28246
     28256
     28266
     28276
     28286
     28297
     28307
     28318
     28328
     28338
     28348
     28358
     28368
     28378
     28388
     28398
     28408
     28418
     28428
     28438
     28448
     28458
     28468
     28478
     28488
     28498
     28508
     28519
     28529
     28539
     28549
     28560
     28570
     28580
     28590
     28601
     28611
     28621
     28631
     28641
     28651
     28661
     28671
     28682
     28692
     28702
     28712
     28722
     28732
     28742
     28752
     28762
     28772
     28782
     28792
     28802
     28812
     28822
     28832
     28842
     28852
     28862
     28872
     28883
     28893
     28903
     28912
     28922
     28931
     28940
     28949
     28959
     28968
     28978
     28988
     28999
     29009
     29019
     29029
     29039
     29049
     29059
     29068
     29078
     29087
     29098
     29107
     29116
     29127
     29139
     29149
     29157
     29167
     29177
     29187
     29199
     29209
     29219
     29230
     29241
     29252
     29262
     29272
     29282
     29291
     29301
     29311
     29321
     29333
     29343
     29354
     29364
     29374
     29384
     29394
     29403
     29414
     29423
     29432
     29442
     29452
     29464
     29476
     29487
     29498
     29509
     29520
     29531
     29541
     29551
     29562
     29574
     29586
     29597
     29608
     29618
     29627
     29636
     29646
     29656
     29667
     29678
     29686
     29694
     29706
     29716
     29726
     29735
     29745
     29754
     29764
     29775
     29786
     29797
     29807
     29818
     29828
     29839
     29850
     29861
     29872
     29883
     29894
     29905
     29916
     29927
     29938
     29948
     29958
     29969
     29979
     29989
     29999
     30009
     30019
     30029
     30039
     30049
     30059
     30069
     30079
     30090
     30100
     30112
     30123
     30134
     30144
     30155
     30165
     30176
     30187
     30199
     30210
     30221
     30233
     30244
     30255
     30265
     30276
     30286
     30296
     30306
     30316
     30327
     30337
     30347
     30357
     30368
     30378
     30388
     30398
     30408
     30418
     30428
     30439
     30450
     30461
     30471
     30482
     30493
     30503
     30513
     30523
     30533
     30543
     30554
     30564
     30574
     30584
     30594
     30604
     30614
     30624
     30634
     30644
     30654
     30663
     30672
     30682
     30692
     30702
     30712
     30723
     30733
     30743
     30753
     30764
     30774
     30785
     30796
     30808
     30819
     30830
     30841
     30852
     30862
     30872
     30882
     30892
     30902
     30912
     30922
     30932
     30942
     30953
     30964
     30974
     30982
     30993
     31001
     31011
     31021
     31031
     31042
     31052
     31062
     31072
     31083
     31094
     31105
     31115
     31125
     31135
     31145
     31155
     31166
     31176
     31188
     31199
     31209
     31220
     31230
     31240
     31250
     31260
     31270
     31281
     31292
     31304
     31314
     31324
     31334
     31344
     31354
     31364
     31374
     31385
     31395
     31405
     31415
     31425
     31434
     31445
     31455
     31465
     31475
     31485
     31496
     31508
     31518
     31528
     31538
     31547
     31556
     31565
     31573
     31583
     31593
     31602
     31610
     31619
     31629
     31640
     31651
     31661
     31670
     31680
     31686
     31692
     31699
     31705
     31711
     31717
     31724
     31730
     31741
     31750
     31760
     31770
     31780
     31791
     31802
     31812
     31822
     31832
     31841
     31850
     31858
     31867
     31875
     31884
     31891
     31903
     31914
     31925
     31936
     31947
     31958
     31968
     31977
     31986
     31996
     32002
     32009
     32015
     32021
     32027
     32033
     32043
     32052
     32061
     32069
     32077
     32086
     32096
     32105
     32113
     32121
     32130
     32140
     32150
     32159
     32168
     32174
     32180
     32186
     32192
     32198
     32204
     32210
     32216
     32222
     32228
     32234
     32240
     32247
     32253
     32259
     32265
     32271
     32277
     32284
     32290
     32296
     32302
     32309
     32315
     32321
     32327
     32334
     32340
     32346
     32352
     32359
     32365
     32371
     32377
     32384
     32390
     32396
     32402
     32408
     32414
     32420
     32426
     32432
     32438
     32444
     32450
     32456
     32462
     32472
     32482
     32491
     32500
     32510
     32519
     32529
     32539
     32549
     32559
     32568
     32577
     32588
     32598
     32608
     32618
     32627
     32636
     32647
     32657
     32667
     32677
     32687
     32697
     32707
     32716
     32726
     32736
     32745
     32751
     32757
     32763
     32770
     32776
     32782
     32790
     32799
     32807
     32816
     32823
     32834
     32843
     32853
     32862
     32868
     32874
     32880
     32886
     32897
     32907
     32918
     32928
     32938
     32948
     32958
     32969
     32979
     32985
     32991
     32997
     33003
     33009
     33015
     33022
     33028
     33034
     33040
     33046
     33052
     33058
     33064
     33070
     33076
     33082
     33088
     33094
     33100
     33106
     33112
     33118
     33124
     33130
     33136
     33142
     33148
     33154
     33160
     33166
     33172
     33178
     33184
     33190
     33196
     33202
     33208
     33214
     33220
     33226
     33232
     33238
     33244
     33250
     33256
     33262
     33268
     33274
     33280
     33286
     33292
     33298
     33304
     33310
     33316
     33322
     33328
     33334
     33340
     33346
     33352
     33358
     33364
     33370
     33376
     33382
     33388
     33394
     33400
     33406
     33412
     33418
     33424
     33430
     33436
     33442
     33448
     33454
     33460
     33466
     33472
     33478
     33484
     33490
     33496
     33502
     33509
     33515
     33523
     33531
     33538
     33546
     33555
     33563
     33571
     33580
     33588
     33596
     33603
     33611
     33621
     33629
     33636
     33647
     33658
     33664
     33671
     33677
     33683
     33689
     33695
     33701
     33707
     33713
     33724
     33733
     33743
     33750
     33759
     33766
     33774
     33784
     33794
     33804
     33810
     33816
     33822
     33828
     33835
     33841
     33847
     33853
     33859
     33865
     33871
     33877
     33883
     33889
     33900
     33911
     33922
     33932
     33938
     33944
     33954
     33963
     33973
     33980
     33986
     33992
     33998
     34004
     34010
     34016
     34022
     34028
     34034
     34040
     34046
     34052
     34058
     34064
     34074
     34083
     34094
     34103
     34110
     34116
     34122
     34128
     34134
     34140
     34146
     34154
     34161
     34167
     34174
     34180
     34186
     34192
     34202
     34209
     34220
     34231
     34241
     34251
     34257
     34263
     34269
     34275
     34281
     34287
     34293
     34299
     34305
     34311
     34317
     34323
     34329
     34335
     34341
     34347
     34353
     34359
     34365
     34371
     34377
     34383
     34389
     34395
     34401
     34407
     34413
     34419
     34425
     34431
     34437
     34443
     34449
     34455
     34461
     34467
     34473
     34479
     34485
     34491
     34497
     34503
     34509
     34518
     34525
     34531
     34537
     34543
     34549
     34555
     34561
     34567
     34573
     34580
     34590
     34602
     34613
     34624
     34632
     34640
     34648
     34656
     34664
     34672
     34680
     34688
     34696
     34704
     34712
     34720
     34728
     34736
     34744
     34750
     34756
     34766
     34776
     34786
     34797
     34807
     34816
     34827
     34837
     34848
     34860
     34871
     34878
     34884
     34890
     34902
     34912
     34918
     34924
     34930
     34936
     34943
     34952
     34961
     34971
     34981
     34991
     35002
     35013
     35023
     35033
     35043
     35054
     35064
     35074
     35085
     35095
     35106
     35117
     35127
     35138
     35148
     35155
     35166
     35177
     35187
     35198
     35210
     35220
     35230
     35236
     35242
     35249
     35258
     35269
     35275
     35281
     35287
     35293
     35299
     35305
     35314
     35323
     35329
     35334
     35340
     35345
     35349
     35353
     35357
     35361
     35364
     35367
     35372
     35377
     35381
     35385
     35389
     35393
     35397
     35401
     35405
     35411
     35417
     35424
     35430
     35437
     35444
     35451
     35458
     35465
     35471
     35478
     35485
     35491
     35498
     35505
     35510
     35517
     35523
     35529
     35536
     35541
     35547
     35552
     35557
     35563
     35569
     35575
     35582
     35587
     35593
     35599
     35605
     35610
     35616
     35621
     35625
     35629
     35635
     35640
     35645
     35650
     35653
     35656
     35661
     35668
     35676
     35683
     35689
     35695
     35701
     35708
     35714
     35720
     35724
     35729
     35734
     35740
     35745
     35752
     35759
     35766
     35771
     35776
     35782
     35788
     35795
     35801
     35807
     35813
     35820
     35825
     35829
     35835
     35841
     35847
     35854
     35861
     35867
     35873
     35877
     35884
     35890
     35897
     35903
     35910
     35917
     35923
     35928
     35933
     35939
     35945
     35951
