-0.11510807E-15
 0.59908221E-16
-0.58634790E-16
 0.40056237E-16
 0.49498634E-16
 0.41485965E-16
 0.50794260E-17
 0.65692245E-16
-0.81286988E-16
-0.51256547E-16
 0.13532097E-16
 0.11927011E-15
 0.94413030E-16
-0.11980743E-15
-0.16918488E-15
 0.43805520E-16
-0.19478263E-16
-0.52754931E-16
-0.65650297E-16
 0.12453793E-16
 0.45472399E-16
 0.16199747E-15
-0.61520558E-16
 0.41648176E-16
 0.23732581E-16
 0.74122316E-16
-0.19677851E-21
 0.51648039E-21
-0.66781910E-22
 0.96053030E-21
-0.84101004E-22
-0.16491321E-21
 0.57540751E-22
-0.19288579E-21
-0.82682567E-18
 0.65501846E-17
 0.26315147E-16
 0.30450774E-16
 0.40223460E-16
-0.59350365E-16
 0.84197058E-17
-0.10994650E-16
 0.12007457E-16
-0.38542271E-16
 0.37858516E-16
-0.84189476E-16
 0.36660612E-16
 0.77276050E-16
 0.16983095E-17
 0.24347775E-17
-0.20488490E-16
-0.25477468E-16
 0.22456120E-17
 0.38819682E-16
 0.27565277E-16
 0.67669769E-16
-0.89280589E-17
-0.19066129E-16
 0.40872065E-16
 0.52482952E-16
 0.68491877E-16
 0.13066098E-16
 0.13977524E-16
 0.19641006E-16
-0.45073619E-16
 0.25316491E-16
-0.24705781E-16
 0.28226365E-16
 0.69475313E-19
 0.87428849E-17
 0.49397304E-16
-0.19568484E-16
-0.25162310E-17
 0.66781258E-16
-0.92350345E-16
 0.24561734E-16
 0.10867327E-15
-0.51415832E-16
-0.75999676E-16
-0.66830930E-16
-0.57792377E-16
 0.14903617E-16
 0.61949559E-16
 0.26346351E-16
 0.14897006E-21
 0.10444448E-21
 0.48335843E-21
-0.23106530E-21
 0.12881720E-21
 0.63046672E-22
 0.47229778E-16
-0.84978575E-16
 0.34157703E-16
-0.58052765E-16
-0.19258822E-16
-0.92649581E-16
-0.29385923E-16
-0.32949113E-16
-0.89207895E-17
-0.70249687E-16
-0.56210294E-16
 0.27360134E-16
-0.71097776E-16
-0.59211589E-16
-0.41667989E-16
 0.17278446E-17
-0.11271589E-15
-0.32236053E-16
-0.13305212E-15
-0.26669519E-16
 0.73451588E-16
 0.11205298E-16
-0.96299672E-16
 0.81023635E-16
 0.89000338E-16
 0.72978037E-16
-0.21542315E-16
 0.76533522E-16
-0.76660285E-17
-0.62023872E-17
 0.33968239E-17
-0.12749108E-16
 0.62219603E-16
-0.72774399E-16
 0.37441286E-17
 0.16230014E-16
-0.65047615E-16
-0.43784335E-16
 0.57992524E-17
 0.20798013E-16
-0.15555415E-16
-0.34301185E-16
-0.59656316E-16
 0.18017741E-16
-0.29470387E-16
-0.44557814E-16
 0.11135406E-15
 0.51972714E-16
 0.11297100E-15
 0.71580582E-17
 0.75062203E-16
 0.19945195E-16
 0.15517654E-16
 0.75666411E-16
-0.23696803E-16
-0.39639995E-16
-0.94168881E-16
 0.23368808E-17
-0.24484677E-16
 0.89384426E-17
-0.25953819E-17
-0.76106847E-16
 0.14336806E-16
 0.39909163E-16
-0.39886003E-16
 0.20980661E-21
-0.34994390E-21
 0.38317849E-21
-0.75549369E-21
 0.13052652E-21
 0.17680773E-21
 0.11619303E-22
 0.52615280E-21
-0.18634828E-21
 0.27585080E-21
 0.84760163E-22
 0.52511562E-21
-0.39979965E-21
-0.59042441E-21
 0.22574276E-21
-0.44858922E-21
-0.12839394E-21
-0.31899943E-21
 0.16322600E-21
-0.40375578E-21
 0.30256716E-21
-0.57301811E-21
-0.32234194E-22
-0.35899592E-21
-0.31004939E-16
-0.38534675E-16
-0.93201856E-16
 0.27292450E-16
-0.68397497E-22
 0.40729584E-16
 0.16899122E-17
-0.45115048E-16
-0.15746026E-16
 0.36445906E-16
 0.42023874E-16
-0.11699473E-17
-0.10169073E-16
-0.42004970E-16
 0.76161262E-17
 0.53326982E-16
-0.64353142E-16
-0.11635803E-15
-0.15869701E-16
 0.58340133E-16
 0.19054247E-16
 0.22034996E-16
-0.17784558E-16
 0.72568297E-16
 0.70504027E-16
 0.12344712E-15
-0.74057004E-17
 0.55162607E-22
 0.73425204E-22
-0.10195015E-21
 0.28034588E-16
 0.35110282E-16
 0.21878212E-16
 0.35696156E-16
-0.76325500E-17
-0.16717863E-16
-0.30302518E-16
 0.55464191E-16
-0.27338835E-16
 0.67110807E-17
-0.10708539E-16
 0.58668365E-17
 0.23593521E-17
-0.54689294E-16
-0.16754924E-16
-0.49282866E-16
-0.55930481E-16
-0.92528865E-16
-0.60411486E-16
-0.44686878E-16
-0.10007299E-16
-0.17941804E-16
 0.56998192E-16
-0.20732203E-16
-0.18612128E-16
 0.50515438E-16
-0.96504240E-16
-0.67376736E-16
 0.60795438E-16
-0.37405733E-17
 0.37064880E-16
-0.27077422E-16
-0.73194276E-16
-0.67350323E-16
 0.24842113E-16
-0.15505886E-16
 0.22595600E-17
-0.13870163E-15
-0.86001525E-17
-0.35359535E-16
-0.12003706E-15
-0.81316714E-18
-0.77085319E-17
-0.60402324E-16
-0.48884598E-16
 0.15758394E-17
 0.17469850E-16
 0.20600501E-16
 0.85013828E-16
-0.27410493E-16
 0.45702992E-16
 0.11142669E-15
-0.29530080E-16
 0.17538981E-16
-0.52260955E-17
 0.40937128E-16
 0.19287358E-17
-0.10145427E-16
-0.57440399E-17
-0.35007735E-16
 0.26174815E-16
-0.31527753E-16
 0.88388872E-16
 0.22116742E-21
 0.18725071E-21
 0.99261665E-16
 0.14961800E-15
 0.11091107E-15
-0.48567806E-16
-0.10630977E-16
-0.93373253E-16
-0.35907567E-17
-0.21070633E-16
 0.13038866E-15
-0.56328636E-16
 0.13766132E-16
 0.31020421E-16
-0.11408857E-15
 0.23644662E-16
 0.63485936E-18
-0.30019859E-16
 0.19444689E-16
-0.57368726E-17
-0.33736561E-16
 0.21886671E-16
 0.26093247E-16
-0.35844383E-16
-0.30576380E-16
-0.22150376E-16
-0.15263502E-16
-0.15475508E-21
-0.54154306E-22
-0.43283507E-16
-0.74680001E-16
-0.62930662E-16
-0.54971409E-16
 0.54680516E-21
-0.35857593E-16
 0.38547806E-16
-0.24347538E-16
 0.27294812E-16
-0.22274423E-21
 0.65472659E-16
 0.68792146E-17
 0.18079913E-16
 0.54434745E-16
-0.10837358E-21
 0.52859385E-16
 0.27588220E-16
 0.42498361E-16
 0.37527048E-16
 0.16855097E-21
-0.55244034E-16
-0.19901964E-16
-0.46232275E-17
 0.32103604E-16
-0.94091396E-16
-0.34318647E-21
 0.90434105E-22
 0.13836380E-15
-0.31144146E-16
 0.49386040E-16
-0.74152926E-17
-0.45935492E-16
-0.41280319E-16
-0.51299096E-16
-0.60099703E-16
-0.44021643E-16
 0.26614536E-21
-0.10854161E-21
 0.10206788E-16
-0.68583406E-16
-0.58031527E-16
 0.19635791E-16
 0.61666712E-21
 0.17795128E-21
-0.12957009E-21
-0.46579186E-21
-0.11645765E-21
 0.65967654E-22
 0.14097776E-21
 0.98763147E-22
 0.23484175E-21
 0.35773864E-21
 0.23633671E-21
 0.31484562E-22
 0.55114150E-16
 0.97723811E-16
-0.12068852E-16
 0.40901496E-21
-0.23207852E-21
 0.30646885E-21
 0.49630837E-22
 0.66193987E-17
-0.46903753E-16
 0.24876456E-21
 0.28020743E-22
 0.13196116E-22
-0.68617217E-22
 0.16564292E-21
 0.64273551E-17
 0.17449464E-16
 0.10344370E-15
-0.28394179E-17
-0.29234558E-16
-0.38212518E-16
 0.69478623E-16
 0.54365634E-16
 0.43514513E-16
 0.22506717E-17
-0.43071090E-16
-0.61222437E-16
-0.17916002E-16
 0.62574762E-16
-0.10574604E-15
 0.99681087E-17
 0.62643753E-16
 0.25111394E-21
-0.73146447E-17
 0.84434744E-17
 0.13097888E-21
 0.39872690E-22
 0.10125208E-21
-0.53201564E-21
-0.69895814E-21
 0.28014281E-21
 0.66995709E-16
 0.12013620E-15
 0.36285821E-16
-0.34050134E-16
-0.53429040E-17
 0.57612920E-16
 0.16422120E-21
 0.18899785E-21
-0.30733637E-21
-0.45364401E-16
-0.79933162E-16
 0.38305179E-17
-0.53743006E-16
 0.44511131E-16
 0.77301739E-16
 0.32069873E-16
 0.79641979E-16
 0.64118192E-16
 0.44408284E-16
-0.26743549E-16
-0.58276667E-17
 0.69039885E-16
 0.23033856E-16
 0.42905883E-17
-0.11322493E-15
 0.59413579E-16
-0.43222073E-16
 0.15854983E-16
-0.31514015E-16
 0.21541922E-16
-0.16174187E-16
 0.66060529E-16
-0.38038870E-16
-0.19627136E-16
-0.68075603E-16
 0.13653260E-16
 0.61141630E-17
-0.33367690E-21
-0.30038446E-16
 0.41386700E-16
 0.78143887E-16
 0.95232600E-16
 0.99679712E-17
-0.19293683E-16
 0.59998227E-16
-0.54886382E-16
 0.48212375E-16
-0.42384367E-16
 0.33829102E-21
-0.34966313E-16
-0.81479859E-16
-0.81184005E-16
-0.10558043E-16
-0.59219875E-16
 0.58053927E-16
 0.46609160E-16
 0.37917869E-16
-0.40086634E-16
 0.17448887E-16
-0.12688971E-22
-0.48832512E-21
 0.34465074E-21
 0.22269649E-21
-0.37104135E-22
 0.29772684E-21
 0.16241268E-15
-0.11327946E-16
-0.92295660E-16
-0.37799623E-16
-0.73771880E-16
 0.21440404E-16
 0.62489109E-16
-0.10246969E-16
 0.91764153E-17
-0.53828316E-16
-0.75148660E-17
-0.24489716E-21
 0.31379658E-21
 0.44338891E-21
-0.81433210E-16
-0.43066361E-17
-0.53586758E-16
 0.57450278E-21
-0.16823302E-15
 0.34269778E-22
 0.10429262E-21
 0.28237855E-17
-0.21159294E-16
 0.55408300E-16
-0.21282671E-16
-0.42049150E-16
 0.13969013E-21
 0.14679871E-21
-0.43201600E-16
-0.95875403E-22
 0.32465014E-21
-0.39094624E-21
-0.37438485E-16
-0.27064682E-16
-0.10682805E-15
-0.88212060E-16
-0.16664476E-16
-0.22168956E-16
-0.35053460E-16
-0.24893148E-16
-0.11575286E-15
-0.11332939E-15
-0.20607803E-16
-0.12107656E-15
 0.48924229E-16
-0.25552945E-16
 0.13549401E-16
 0.51065478E-22
 0.10308738E-21
 0.23937831E-21
-0.12924697E-22
 0.39004301E-16
-0.11293264E-16
 0.12795007E-15
-0.63081810E-16
-0.48325945E-16
-0.29573547E-16
-0.64749864E-16
 0.59751903E-16
-0.28011129E-16
 0.52236944E-16
-0.43156085E-16
 0.89485735E-16
-0.18743048E-17
 0.40374726E-16
-0.76804943E-16
-0.15706574E-16
 0.10078097E-16
-0.31522803E-16
-0.59544132E-17
 0.73834522E-16
 0.17896000E-16
-0.27859248E-16
 0.19728403E-16
 0.71325165E-16
-0.20958761E-16
 0.75025264E-16
-0.95414472E-16
 0.55729475E-16
-0.71137533E-22
-0.49019695E-21
-0.80986152E-22
-0.79740495E-21
-0.81270495E-22
 0.27381872E-21
-0.12259075E-21
 0.19077021E-23
-0.39462694E-16
-0.39367495E-16
-0.32789212E-18
-0.85755357E-17
 0.13715355E-16
 0.83698095E-16
-0.71399760E-16
 0.14237486E-15
-0.66445607E-16
-0.58343565E-16
-0.20212867E-16
-0.87517454E-17
-0.73406711E-16
-0.37875736E-16
-0.50830221E-16
 0.37622649E-16
-0.77043117E-16
 0.44471316E-16
-0.76902932E-16
-0.40776629E-16
-0.31469123E-16
 0.37881336E-16
 0.21314859E-16
-0.15408092E-15
 0.12677729E-15
 0.81406230E-16
 0.70757450E-16
 0.46813015E-17
-0.29761251E-16
-0.29626037E-16
-0.10181455E-16
 0.45633067E-16
 0.68779948E-16
-0.36288771E-16
 0.30437725E-16
-0.77821770E-17
 0.38167195E-16
-0.54425305E-16
 0.99683502E-16
-0.16066398E-16
-0.35124805E-16
-0.11540641E-15
 0.15359523E-16
-0.24308165E-16
-0.10999436E-16
-0.10785219E-16
-0.17257228E-16
 0.38325631E-16
-0.49730425E-16
 0.66997540E-16
 0.27633002E-22
 0.45490803E-21
-0.27128939E-21
 0.69602617E-21
-0.33681525E-16
-0.47988497E-16
-0.60833405E-16
 0.16557948E-16
-0.58477196E-16
 0.62655120E-16
 0.16193437E-16
 0.47769757E-16
 0.77756229E-16
-0.11536798E-21
-0.24314155E-22
 0.50191352E-16
 0.26455790E-16
-0.23277490E-17
-0.41023328E-16
 0.49481408E-17
 0.39499751E-16
-0.70549920E-17
 0.92392904E-16
 0.24692736E-16
-0.67214640E-16
 0.15097950E-22
 0.99538256E-22
-0.58471330E-22
-0.50653580E-16
 0.11446400E-16
 0.53600190E-16
 0.16736484E-16
 0.90821923E-17
 0.47052824E-16
-0.73616422E-16
 0.15920087E-16
 0.17161420E-16
-0.16181703E-16
-0.10783939E-16
 0.44165091E-16
 0.10045706E-16
-0.47650723E-16
 0.75041125E-16
-0.42715380E-16
 0.57483668E-16
-0.11687254E-16
 0.32392520E-16
-0.10215663E-16
-0.99287284E-16
 0.10122703E-17
 0.77499328E-17
 0.55894824E-16
 0.41111681E-16
-0.11891763E-16
 0.36088438E-16
 0.22092197E-16
 0.38021951E-16
 0.59258925E-16
 0.32311743E-22
-0.13682939E-21
 0.18250965E-21
-0.22850660E-21
-0.91015717E-22
-0.56480554E-21
 0.23765933E-21
-0.72599131E-21
-0.17564663E-22
-0.46802150E-21
 0.14283083E-21
-0.15387067E-21
 0.36098679E-22
-0.15150288E-21
-0.99261674E-22
-0.51089558E-21
-0.76010143E-22
 0.62385683E-21
-0.92153090E-23
 0.31100878E-21
-0.62891576E-22
 0.19448168E-21
 0.31171784E-21
 0.56579596E-21
-0.86905663E-22
 0.10278061E-21
 0.18018320E-21
 0.40922501E-21
 0.48308640E-21
-0.77290496E-22
 0.15092169E-21
-0.48938154E-22
-0.65144956E-16
 0.10849865E-15
-0.38231785E-16
-0.21636819E-16
 0.41008603E-16
 0.19105085E-16
-0.45312347E-16
-0.23855185E-17
-0.27663504E-16
 0.32260913E-16
 0.10802418E-16
-0.89730898E-18
 0.32038478E-16
 0.24412035E-17
 0.25534032E-21
-0.52203504E-17
-0.26362963E-16
 0.83769375E-16
-0.76454702E-16
-0.18759496E-17
 0.16786780E-16
-0.12855217E-15
 0.64688869E-16
 0.10621118E-15
 0.39276276E-16
 0.29768260E-16
 0.58088983E-16
 0.33826355E-16
 0.14906030E-16
 0.67989804E-16
 0.58082443E-16
 0.74259817E-16
-0.65254206E-17
-0.11074875E-16
 0.40987673E-16
 0.53840588E-16
 0.79800012E-16
-0.54598608E-16
-0.32762708E-16
 0.55933868E-17
 0.26310576E-16
-0.34771863E-16
-0.13948996E-16
 0.12376690E-21
-0.32443395E-16
 0.31368240E-22
-0.34461120E-21
 0.64611654E-21
 0.41953591E-17
 0.27846589E-16
 0.11476150E-16
-0.22799239E-16
-0.45827121E-16
-0.89577365E-16
-0.30074361E-17
 0.16932484E-16
-0.12527909E-21
-0.76294487E-22
-0.28274385E-16
 0.14166316E-16
 0.34810884E-16
-0.45458073E-16
 0.18078470E-16
-0.11734752E-15
 0.28906821E-16
-0.10393745E-15
-0.72928449E-16
 0.43824205E-16
-0.43629647E-16
-0.84265316E-16
-0.63342022E-18
 0.44459290E-17
 0.16412918E-16
-0.72720008E-16
 0.23013312E-16
-0.29355455E-17
-0.49995794E-16
-0.25182514E-16
-0.26864355E-16
 0.14005202E-21
-0.67618616E-16
 0.24931027E-18
 0.20173017E-16
-0.87704647E-16
-0.50018578E-23
-0.72003937E-16
-0.29060786E-16
-0.42527000E-16
-0.58848822E-16
-0.13144417E-21
-0.16409519E-16
-0.55948606E-17
-0.23463282E-16
 0.17821957E-17
-0.41698950E-21
-0.94569775E-16
 0.54038238E-17
 0.49028906E-16
 0.89757947E-16
-0.17343651E-21
 0.80585486E-22
 0.86060283E-22
-0.99119502E-22
-0.98812622E-22
 0.18253836E-17
 0.13475482E-15
 0.53545263E-16
-0.26852199E-16
 0.63707993E-16
 0.28100057E-16
 0.75269436E-17
-0.56768134E-16
 0.10032321E-15
-0.43442767E-16
-0.43201442E-22
 0.24363499E-21
-0.84760163E-22
 0.16285377E-21
-0.74112900E-22
 0.28460183E-22
-0.23522056E-22
-0.19505941E-21
-0.15379097E-21
-0.12776162E-21
 0.17842662E-22
-0.25482333E-21
 0.42461507E-21
 0.73102087E-22
 0.59450448E-22
 0.15558750E-21
-0.22644289E-21
 0.75195888E-22
-0.13101129E-21
 0.28511882E-22
-0.20905603E-21
-0.82692212E-22
-0.22552015E-21
-0.13830718E-21
 0.25689669E-21
-0.81128324E-22
-0.19951513E-21
-0.20097904E-21
 0.16868569E-21
-0.13198701E-21
 0.39526342E-21
 0.11539170E-21
-0.42270146E-22
 0.14433009E-21
-0.63577241E-22
 0.75578277E-22
-0.29831493E-21
-0.11116396E-21
-0.17983424E-21
 0.27095845E-17
 0.88224269E-16
-0.90839145E-16
 0.27477440E-16
-0.27415499E-16
-0.64225629E-16
-0.58485206E-16
-0.69633935E-18
-0.38524946E-17
 0.83562222E-16
-0.95246460E-16
 0.14845988E-16
-0.11607828E-15
 0.22863789E-22
 0.31688772E-21
-0.19120797E-21
-0.49191397E-22
 0.37100343E-21
-0.21106030E-21
-0.28551365E-21
-0.34779294E-21
 0.69996627E-21
 0.17812721E-16
 0.33515774E-17
-0.17125387E-16
-0.10007414E-17
-0.58405591E-16
 0.44517407E-16
 0.42359018E-16
-0.39635604E-16
-0.65475574E-16
 0.10034763E-15
-0.84058747E-18
-0.54154481E-23
-0.14717353E-21
 0.54800716E-22
-0.81638529E-17
 0.43504530E-22
 0.14298764E-16
 0.11981630E-15
-0.30578765E-16
-0.18818684E-16
 0.10835633E-17
 0.71475176E-16
-0.49867789E-16
 0.50942865E-16
-0.83449808E-16
 0.59608703E-22
 0.53831200E-21
 0.44788241E-21
 0.85803155E-17
-0.93961525E-16
-0.61136269E-17
-0.83917617E-17
 0.16598657E-16
-0.15697798E-16
 0.10347386E-15
 0.13203898E-16
-0.43289019E-16
 0.17019974E-16
 0.61562661E-16
 0.10299303E-15
 0.73814283E-16
 0.25596558E-16
-0.27915080E-16
 0.47437825E-16
 0.47990018E-16
 0.45231048E-16
 0.62028130E-16
 0.11950175E-21
-0.49114165E-21
-0.50797594E-21
-0.29686801E-21
-0.98207126E-22
 0.19712399E-21
 0.91755327E-22
-0.42910557E-21
-0.55495838E-16
-0.12159555E-21
 0.74295779E-17
-0.36745385E-16
 0.45486374E-16
-0.85643647E-18
-0.64263667E-22
 0.20475690E-22
 0.28444673E-21
 0.26560252E-22
 0.18365995E-22
-0.14152543E-22
 0.55073946E-21
-0.11575359E-21
-0.10913614E-21
-0.58432555E-22
-0.10218283E-21
 0.44680678E-22
-0.14979668E-21
 0.18862105E-15
 0.77034149E-16
 0.21204367E-16
-0.58801753E-16
 0.35026410E-16
 0.32139232E-16
-0.72906588E-16
-0.40456312E-16
 0.67557369E-16
-0.31620128E-16
 0.30562570E-21
-0.26345703E-21
 0.73756763E-17
 0.93672045E-17
-0.29766744E-16
 0.31070013E-16
 0.49243096E-22
-0.19335347E-22
 0.19516293E-23
 0.27616077E-21
-0.12323947E-16
-0.74462734E-17
-0.12727382E-16
 0.17202493E-16
 0.54270803E-22
 0.17016485E-21
-0.49977800E-21
-0.25836469E-22
 0.73527584E-22
-0.23697432E-21
-0.16281898E-21
 0.33474965E-23
 0.16351637E-16
-0.22761684E-21
-0.39747114E-21
-0.33380971E-21
-0.26010953E-21
-0.31032198E-22
 0.24978270E-21
-0.20439535E-21
-0.52650396E-22
 0.18186630E-21
-0.10781782E-21
 0.67733509E-16
 0.97460275E-16
 0.69848018E-16
 0.65765537E-18
-0.40692739E-16
 0.10428564E-21
-0.15755739E-21
 0.12724062E-21
-0.35217286E-21
-0.49723290E-22
-0.53081844E-22
 0.22478695E-21
-0.12739745E-22
 0.50213936E-21
 0.18231358E-21
 0.14432630E-21
 0.11493690E-22
 0.53679320E-22
 0.41777239E-22
-0.51444288E-21
-0.30030276E-21
-0.79383795E-17
 0.34767714E-16
-0.11781642E-16
 0.53603335E-16
 0.99883710E-16
-0.72010198E-16
-0.12346272E-15
 0.45141503E-16
-0.96345522E-16
-0.53963759E-16
-0.22270522E-16
-0.77034626E-16
-0.83394577E-17
-0.23279203E-16
 0.41759943E-16
 0.20943778E-16
 0.75382485E-16
 0.62252495E-17
 0.58741170E-16
-0.50279489E-16
-0.65764272E-16
-0.70059032E-16
 0.47809842E-16
 0.70277130E-16
-0.99340337E-16
 0.20497699E-17
 0.35362229E-16
 0.73368792E-16
 0.11123031E-15
-0.10157509E-15
-0.87302411E-16
-0.12085642E-16
-0.47447618E-16
-0.56398043E-16
 0.39342060E-16
 0.13052481E-16
 0.47431196E-17
-0.41198569E-16
-0.58711385E-16
 0.24830912E-17
-0.97903028E-16
-0.73699641E-17
-0.47808079E-16
-0.88733226E-16
 0.19004925E-16
-0.77303377E-16
-0.25542382E-17
-0.25719016E-16
-0.16700001E-21
-0.10954319E-22
-0.22543257E-21
-0.46815715E-22
 0.16046011E-21
-0.86779122E-21
 0.23577232E-21
-0.11681386E-20
 0.24790943E-15
-0.88857535E-17
-0.10122966E-15
 0.42065939E-18
 0.29226586E-16
-0.29476823E-16
-0.74697139E-16
-0.65913904E-16
-0.27585908E-16
-0.98530328E-16
 0.40750190E-16
-0.28727240E-16
 0.93351114E-16
-0.11327744E-15
-0.53637377E-17
-0.41676867E-16
-0.80046536E-16
-0.21698771E-16
-0.97275732E-16
-0.40983597E-16
-0.79100697E-17
-0.77732077E-16
 0.49381498E-17
-0.34856211E-16
 0.49470899E-17
 0.38479133E-16
 0.14013184E-16
-0.60276765E-16
-0.32581829E-16
 0.52996332E-17
 0.14565182E-15
 0.40245483E-16
 0.32730540E-16
 0.41688154E-17
-0.48743624E-16
-0.79412861E-16
-0.18760886E-16
 0.60869636E-16
-0.49983175E-17
 0.29954925E-16
 0.45700826E-16
-0.63348602E-16
-0.37795107E-17
-0.30147733E-17
-0.12511996E-16
 0.58175133E-16
 0.51540529E-16
-0.23634803E-16
-0.64907875E-16
-0.58163498E-16
-0.60648155E-16
-0.72353078E-16
 0.62324305E-16
 0.70028653E-16
 0.33021923E-17
 0.46904006E-16
-0.76622591E-16
-0.10979171E-16
-0.68501390E-16
-0.44337621E-16
 0.88174175E-17
 0.32584069E-16
 0.14608769E-15
-0.10953398E-15
-0.77515641E-18
-0.83130197E-16
-0.51251541E-16
-0.27542463E-16
 0.48102794E-16
 0.91641932E-17
-0.17498609E-16
 0.17527520E-16
 0.21624309E-16
 0.13074455E-15
-0.12455645E-15
-0.27922516E-21
-0.19010937E-21
 0.72722878E-22
 0.45662955E-22
-0.22359726E-23
-0.83129149E-21
-0.20884514E-16
 0.18347107E-16
-0.60918992E-16
 0.85908673E-16
-0.26847724E-16
-0.10745045E-16
 0.40846875E-16
-0.27951897E-16
 0.13897455E-16
-0.14634125E-16
-0.62582958E-16
 0.50561114E-16
-0.31687495E-16
-0.71537066E-16
-0.52082766E-16
-0.17453626E-16
-0.32639427E-17
 0.59507255E-16
-0.66375397E-16
 0.15744443E-17
-0.55242933E-16
-0.21072429E-16
-0.89702200E-16
-0.12490380E-16
-0.28634280E-16
-0.48392910E-16
 0.12528735E-15
 0.82139246E-16
 0.24511287E-16
-0.21302344E-16
-0.40914308E-16
 0.17663503E-16
-0.25798731E-16
 0.96245808E-17
 0.13994096E-16
 0.89032206E-16
 0.40740110E-17
-0.42290507E-16
 0.46401315E-16
 0.80509555E-16
 0.30806479E-17
 0.16214960E-16
-0.19537863E-16
 0.82680739E-16
 0.35119277E-16
-0.55081945E-16
 0.10194352E-16
-0.14292132E-15
-0.37704150E-16
 0.11157442E-16
-0.14588738E-16
-0.65803615E-16
-0.64381169E-16
 0.32481512E-16
 0.77601216E-17
-0.20098222E-16
-0.32056175E-16
 0.44411032E-16
-0.61888178E-16
 0.11964377E-16
 0.35304270E-17
-0.43864562E-16
 0.55401232E-16
 0.11442548E-16
 0.13211624E-16
-0.10395995E-15
-0.67393719E-17
 0.92302556E-16
 0.70794588E-16
-0.66675015E-16
-0.57295182E-22
 0.87810522E-22
 0.14007787E-21
 0.11572606E-21
 0.42805304E-21
-0.23929126E-21
 0.50331355E-21
 0.26459266E-21
 0.11521075E-21
-0.11282566E-21
 0.72856517E-22
-0.30317437E-21
-0.44141718E-21
-0.28488626E-21
-0.35447274E-21
 0.30258094E-21
-0.10641733E-15
-0.30388327E-16
 0.12523204E-15
 0.35351688E-16
 0.97323551E-16
-0.96685536E-16
-0.23303400E-17
 0.37919346E-16
 0.95016739E-16
 0.15892060E-16
-0.22449833E-16
-0.33503697E-16
 0.15795915E-15
-0.24285087E-16
-0.18408367E-16
-0.89274698E-16
-0.66204438E-16
-0.13053571E-15
-0.13186457E-15
-0.12220619E-15
 0.45264107E-16
-0.81817663E-16
-0.67310242E-17
-0.16936310E-16
-0.58379214E-16
 0.21678854E-16
-0.53062851E-16
 0.44620834E-16
 0.67428436E-16
-0.57133438E-16
-0.77883850E-16
-0.21197796E-21
-0.26282371E-21
-0.73224973E-21
-0.12327638E-16
 0.32823599E-16
-0.10187461E-16
-0.60193278E-17
 0.78181594E-17
 0.64513614E-17
 0.17678968E-16
-0.31219538E-16
-0.19238193E-16
-0.57970189E-16
-0.94593975E-17
-0.19911461E-16
 0.60997470E-16
 0.11449656E-16
 0.54581942E-17
 0.77828989E-16
 0.23334191E-16
-0.23669434E-16
-0.22788180E-16
 0.22837765E-16
 0.60529030E-16
-0.77993276E-16
 0.15571044E-16
 0.27359341E-16
-0.94698516E-16
 0.37758528E-16
 0.61590550E-16
 0.17385758E-17
-0.31338477E-16
-0.90365256E-16
-0.42920286E-16
-0.44865583E-16
 0.79554320E-16
 0.40105733E-16
 0.43520773E-16
-0.38340770E-17
-0.54894455E-16
 0.46562334E-17
-0.60067682E-16
 0.39103233E-17
-0.61646766E-16
-0.58360005E-16
-0.11662480E-16
-0.51034143E-18
-0.57118573E-16
-0.38976492E-16
-0.99871172E-17
-0.17773959E-16
 0.80377105E-16
-0.53477287E-16
 0.13147656E-15
-0.38934428E-16
-0.61355548E-17
-0.32835341E-16
 0.15894738E-16
 0.10068970E-15
-0.26017123E-16
 0.28506245E-16
-0.17480698E-16
-0.42761535E-16
-0.10840506E-16
 0.26728869E-16
 0.61844979E-17
 0.78759423E-16
 0.81049038E-16
 0.15707201E-16
 0.73070702E-17
 0.24633637E-16
 0.42167285E-16
-0.10729243E-16
 0.99833214E-17
-0.80769052E-17
-0.58371249E-16
 0.51509240E-16
-0.27522723E-16
-0.76055983E-16
-0.13773590E-15
-0.44241590E-16
-0.36585182E-16
 0.50266233E-16
-0.82371742E-16
-0.51203388E-16
-0.55779899E-16
-0.78967227E-17
-0.38483027E-16
 0.33401920E-16
-0.41565283E-16
-0.37951619E-16
-0.19693868E-16
-0.44257556E-16
-0.31431705E-16
-0.10050059E-15
 0.60308425E-16
-0.10297022E-15
 0.51571173E-16
-0.59763967E-16
-0.66919601E-16
 0.76497397E-16
 0.52590322E-16
-0.64075590E-17
-0.17587741E-15
-0.39812353E-16
 0.10622915E-15
-0.31073007E-16
-0.41752486E-16
-0.48775576E-18
 0.98117943E-17
-0.84085237E-16
 0.52716548E-16
-0.57039807E-16
-0.10205187E-16
 0.90232808E-16
 0.69178673E-16
-0.63330333E-17
-0.67184685E-16
 0.11395205E-15
 0.77944842E-16
-0.21955624E-16
 0.80548792E-16
 0.98011364E-16
 0.32460937E-16
 0.48491730E-17
 0.30169071E-17
-0.39813262E-16
-0.42324506E-16
 0.23963623E-16
 0.53517688E-16
 0.40762123E-16
 0.11396393E-16
-0.33361552E-16
-0.77396246E-16
-0.47223687E-16
-0.87135078E-16
 0.58672082E-16
-0.92232805E-16
 0.54329643E-16
-0.13820358E-15
 0.16984430E-15
-0.67872750E-17
 0.55159907E-16
 0.75059176E-16
-0.31648939E-16
-0.83560259E-16
-0.25280335E-16
 0.29494183E-16
 0.33875640E-16
-0.20562575E-16
 0.88458176E-16
-0.19986913E-16
 0.16363813E-16
-0.35902437E-16
 0.58068959E-17
-0.69033206E-16
-0.57464863E-16
-0.13147597E-15
-0.41341685E-16
-0.66001126E-17
 0.37705412E-16
 0.13966546E-16
 0.13254107E-15
 0.57969437E-16
 0.48536710E-16
 0.36267524E-16
-0.10702747E-15
 0.26399134E-16
 0.42478068E-16
 0.27805011E-16
-0.20252881E-16
 0.88442294E-16
-0.78220869E-17
-0.37421368E-16
 0.10459670E-15
-0.86637267E-16
-0.22257122E-16
-0.16583443E-16
 0.12623404E-16
-0.10802994E-15
 0.84624296E-16
 0.16300884E-16
-0.76362170E-16
-0.34635953E-16
-0.10951093E-15
 0.47770714E-16
 0.18126006E-16
-0.86265481E-16
-0.11917410E-16
 0.43990317E-16
-0.39473034E-16
 0.56809889E-16
 0.64599598E-16
-0.35191365E-21
-0.16163626E-21
 0.21704179E-16
 0.88259704E-17
 0.29739636E-16
-0.78134343E-16
 0.10276995E-15
 0.11635327E-16
 0.23965846E-16
 0.40211502E-16
-0.17543114E-16
 0.44968597E-16
-0.85493129E-16
-0.88514212E-16
-0.39341195E-16
 0.35651921E-17
-0.16463075E-16
-0.33253478E-16
 0.32527333E-16
 0.24604943E-16
 0.87204297E-16
 0.51097790E-21
 0.47562885E-21
 0.22433243E-16
-0.77421675E-16
 0.32083760E-16
 0.69388588E-16
-0.60781216E-16
-0.25645315E-17
-0.23439569E-16
 0.34949778E-16
 0.22410568E-16
-0.13300937E-16
-0.44982158E-17
 0.10269855E-15
 0.32395746E-16
-0.98552507E-16
 0.60880730E-16
-0.78511472E-16
-0.46633478E-16
 0.10913602E-15
-0.40905646E-17
 0.74963354E-16
-0.39520438E-16
-0.49029511E-16
-0.29328879E-16
-0.81389261E-16
-0.14394339E-15
-0.65435758E-16
-0.44195362E-16
 0.91720227E-16
 0.24009150E-16
-0.16949692E-16
 0.24156127E-16
-0.20125922E-16
 0.10545844E-17
 0.61422028E-16
 0.48964421E-17
-0.24927495E-16
 0.55741090E-16
 0.75866304E-17
-0.78198211E-16
-0.88380792E-16
 0.55272761E-16
 0.30345503E-16
-0.81166402E-16
 0.39681861E-16
 0.76292167E-16
-0.54448295E-16
-0.15791958E-15
-0.45934696E-17
-0.48533910E-16
-0.14090082E-16
-0.13828702E-16
-0.30204614E-16
 0.27284523E-16
-0.44942276E-17
 0.40414345E-16
 0.87410885E-16
 0.48287797E-16
 0.70509854E-17
 0.13792969E-16
-0.90568894E-17
 0.22768317E-16
-0.11517895E-15
 0.10488600E-16
 0.86924087E-16
-0.17802100E-16
 0.45250444E-16
-0.65749125E-16
-0.48356580E-17
-0.45383781E-21
 0.82812373E-17
-0.47493092E-21
 0.34340155E-16
 0.61748650E-16
-0.32322237E-16
-0.64270747E-16
-0.18082797E-16
-0.17494066E-16
 0.32292437E-16
-0.28627784E-16
 0.33129412E-16
-0.28652840E-16
 0.87683678E-16
-0.35032006E-16
 0.75922809E-17
-0.42030209E-16
 0.44435422E-16
 0.17525889E-21
 0.36308059E-21
-0.74053895E-16
-0.15108347E-16
-0.42707326E-16
-0.10460939E-15
 0.18924731E-15
-0.58353633E-16
 0.55296138E-16
 0.48370257E-16
-0.38409802E-16
 0.53134237E-16
 0.52125571E-16
-0.15085413E-16
-0.55527436E-17
 0.10528980E-16
-0.51137694E-16
-0.22066335E-21
-0.11179246E-15
-0.14593275E-21
 0.31344667E-16
 0.36097576E-16
 0.32114675E-16
 0.15061388E-16
-0.37719653E-16
-0.24574378E-16
-0.29595424E-16
 0.21256994E-16
-0.11827984E-16
-0.71584464E-16
 0.95196698E-16
-0.72387924E-16
-0.43536478E-16
-0.42654254E-16
 0.10386935E-15
-0.94572562E-18
 0.11677210E-15
-0.19216136E-16
-0.44338362E-16
-0.72363331E-16
-0.10675058E-15
-0.62838594E-17
 0.65776243E-17
-0.48098509E-16
 0.38649442E-16
-0.15070816E-16
-0.61433906E-16
 0.53740778E-16
 0.50110485E-16
-0.41064255E-16
 0.14644486E-15
 0.10796592E-15
 0.45697386E-16
 0.58971526E-16
 0.12150657E-15
-0.22635072E-16
 0.56114603E-16
 0.38447874E-16
 0.76564305E-17
-0.23612646E-17
-0.86981346E-16
 0.52254595E-16
-0.93445872E-16
 0.47094168E-16
 0.25646006E-16
 0.74294317E-16
 0.49246819E-18
-0.11774909E-15
-0.68854197E-16
 0.47141173E-16
-0.52047755E-22
 0.21765693E-21
-0.11425432E-21
 0.26367913E-21
-0.48958753E-22
 0.12073066E-20
-0.74304083E-22
 0.98773445E-21
 0.62903844E-16
 0.12785155E-16
-0.31353992E-16
-0.45511006E-16
 0.98181239E-16
 0.62807269E-16
 0.20679515E-22
-0.16266687E-21
 0.18121718E-21
-0.43098309E-21
-0.24705655E-16
 0.43017517E-16
 0.63202229E-17
 0.73777549E-17
-0.20716997E-21
 0.15065919E-16
 0.29835909E-16
 0.83031853E-16
 0.12513520E-16
-0.53570398E-16
 0.27998231E-16
 0.73373212E-16
-0.46506442E-16
 0.74417079E-16
-0.57195081E-16
-0.55775378E-16
 0.98752435E-17
-0.66908776E-17
 0.66497566E-22
 0.54645619E-22
 0.13237624E-21
 0.11255708E-21
-0.30523571E-21
 0.77638655E-22
-0.75460311E-16
-0.49097086E-16
-0.64580383E-16
-0.94153616E-17
 0.16234008E-16
 0.33285160E-17
-0.10489295E-16
-0.47386715E-16
-0.59837782E-16
 0.91933265E-16
 0.18237694E-17
 0.48616652E-16
-0.16281725E-16
 0.26004289E-16
 0.49130608E-16
-0.32681864E-16
 0.67738269E-16
 0.45171182E-16
-0.81849317E-16
-0.68476413E-16
-0.70142331E-22
 0.36295411E-21
-0.10025688E-21
-0.61472187E-22
-0.99714038E-22
-0.24169243E-21
 0.37985685E-22
 0.16033468E-21
 0.36925860E-22
-0.42708102E-21
 0.11778276E-21
-0.32165178E-21
-0.24621548E-22
 0.23836075E-22
-0.37597944E-21
-0.98996007E-22
-0.12459408E-21
-0.24043206E-21
-0.44039613E-21
-0.33540430E-21
 0.97400517E-22
 0.37007076E-21
 0.21558395E-22
-0.32834838E-21
 0.23689677E-21
-0.76955045E-22
 0.19362489E-21
-0.23166589E-21
-0.15858603E-22
-0.18578963E-21
-0.39574130E-21
 0.22582725E-21
-0.33683183E-16
 0.68085479E-16
 0.20217353E-16
-0.77034352E-16
-0.57469720E-16
 0.43516874E-16
-0.40842559E-16
-0.57796893E-16
-0.47039267E-17
 0.10266555E-15
 0.59261575E-16
 0.54474783E-16
-0.78088272E-17
 0.28868525E-16
 0.21027688E-16
-0.10711989E-21
-0.36227926E-22
 0.84570854E-21
-0.53805924E-16
-0.27880400E-16
-0.28972536E-16
 0.32710311E-16
 0.42136024E-16
 0.29643394E-16
-0.80695118E-16
 0.38083438E-17
 0.47592514E-16
-0.10218479E-15
-0.19555690E-16
-0.44675579E-16
-0.61766989E-17
 0.33235821E-16
-0.38017715E-16
-0.21249679E-16
-0.11548466E-15
 0.14336076E-16
 0.15835339E-21
-0.65296623E-22
 0.25884476E-17
 0.49062760E-16
-0.52683354E-16
 0.51617844E-16
 0.36735273E-16
-0.33474558E-16
 0.40126727E-21
-0.15754096E-21
 0.12366350E-21
-0.33418520E-22
-0.22142546E-21
-0.74475494E-16
 0.11368768E-15
-0.26645869E-16
 0.60240044E-16
-0.42508036E-21
-0.83239297E-18
 0.18986224E-16
-0.37829336E-16
 0.57498251E-16
 0.20384832E-21
-0.26947191E-16
 0.38694309E-16
-0.20775131E-16
 0.30074746E-16
 0.11296185E-22
 0.49451219E-16
 0.97442479E-17
-0.15447622E-17
-0.11497245E-17
-0.25596636E-16
-0.44819513E-16
-0.18861624E-16
-0.55139343E-21
 0.90193237E-18
 0.18895491E-16
-0.25357607E-16
-0.64881979E-22
 0.73657849E-22
-0.26980847E-16
 0.14950125E-16
 0.25428996E-16
-0.51154926E-16
-0.21158913E-16
 0.23693590E-21
-0.83209905E-22
-0.30890026E-23
-0.18148918E-21
 0.78299656E-22
-0.26243597E-21
-0.78779485E-24
-0.41815050E-21
-0.10930416E-21
 0.14106014E-21
 0.17112299E-22
-0.36700281E-21
 0.14656606E-21
-0.46550881E-21
 0.28878890E-21
 0.18090698E-21
-0.77603544E-22
 0.16130022E-22
 0.10885842E-21
 0.33968689E-21
 0.14584309E-21
 0.97387592E-22
-0.18795245E-21
 0.18713669E-21
 0.16805220E-21
 0.81774558E-22
-0.74502345E-21
-0.20782913E-22
-0.34284605E-21
 0.12539541E-21
 0.12751689E-21
 0.26327608E-21
-0.59247811E-21
 0.41930302E-21
-0.23678367E-22
-0.10125208E-21
 0.38169462E-21
 0.10030857E-21
 0.25473658E-21
 0.60629754E-22
 0.30507858E-21
-0.19503368E-22
 0.25894269E-21
 0.13453317E-21
-0.11124461E-21
-0.70051858E-22
-0.28929099E-22
 0.89206259E-22
-0.15626875E-21
-0.15457938E-21
 0.12790658E-21
 0.31677140E-21
 0.18682651E-22
-0.15226586E-21
-0.30292513E-22
 0.14670425E-21
 0.26428421E-21
-0.34302611E-16
 0.59836220E-16
-0.73654517E-16
 0.53984117E-16
-0.15871543E-16
-0.24987487E-16
 0.30493079E-16
-0.26927290E-16
-0.17159628E-16
 0.13165096E-21
 0.90964018E-22
-0.87241705E-23
 0.43874947E-22
 0.16416950E-21
-0.92956869E-21
-0.10059052E-20
-0.11635743E-20
-0.51982978E-16
 0.10530029E-15
-0.59825838E-21
-0.94864896E-16
 0.99983480E-17
-0.16598539E-16
 0.23303229E-22
-0.21632947E-22
-0.30198591E-22
-0.10322956E-21
 0.37725487E-16
-0.40401471E-16
 0.25952101E-16
-0.23789249E-16
-0.14928893E-16
 0.61364562E-21
 0.36356427E-21
-0.63033748E-22
 0.29052134E-21
-0.96418240E-23
 0.33290142E-21
-0.30762071E-21
-0.50774032E-21
 0.39312532E-21
 0.39449750E-16
 0.23853139E-16
-0.97373544E-16
-0.23539751E-21
 0.64533012E-22
 0.26547328E-22
-0.98333842E-21
-0.43945182E-21
-0.12485351E-20
-0.59914621E-21
 0.52272896E-21
-0.36447646E-22
 0.27463833E-21
 0.92308186E-22
-0.29878462E-21
 0.11580529E-21
-0.10312211E-21
 0.34235349E-16
-0.47165864E-16
 0.14123229E-21
-0.39658269E-21
 0.79840086E-16
-0.13171892E-16
 0.16460620E-16
 0.19100092E-15
 0.25790168E-16
 0.47059002E-21
 0.45456147E-21
 0.30298478E-21
 0.35633072E-21
 0.31139473E-21
-0.13127615E-21
 0.11655492E-21
-0.11580529E-21
-0.28680957E-21
 0.19566577E-21
-0.46331162E-21
-0.25504305E-21
-0.17861931E-22
-0.13971598E-22
-0.14549421E-22
 0.12011443E-21
 0.45557582E-21
-0.24033115E-21
 0.10161397E-21
-0.20356398E-22
-0.88314455E-22
-0.86466223E-22
 0.33248797E-16
-0.23031810E-22
 0.20265925E-22
-0.61813864E-21
-0.38782016E-21
-0.66407094E-22
-0.28266312E-22
-0.37058447E-21
-0.26388268E-22
 0.12855715E-20
 0.99323838E-21
 0.89091812E-21
 0.46811887E-21
-0.44676068E-21
-0.81928973E-22
-0.84494120E-22
 0.32686559E-22
 0.27426207E-21
 0.24133762E-16
-0.46364636E-16
 0.50709331E-16
-0.50913143E-16
-0.47571853E-16
 0.82844003E-16
-0.61272701E-17
 0.84870056E-17
-0.19590286E-16
-0.40841792E-16
 0.14152543E-22
-0.12777356E-21
-0.15658271E-21
-0.77147517E-22
-0.24169184E-22
 0.63331016E-22
-0.14160123E-15
-0.48397327E-16
 0.93231093E-17
 0.34424260E-22
-0.13239925E-21
-0.98297164E-16
 0.23591450E-21
-0.64095774E-16
 0.35712230E-21
 0.14482123E-21
 0.20081102E-21
-0.56644838E-17
 0.65746062E-16
-0.12553482E-16
-0.46537513E-21
-0.25252209E-21
-0.17210061E-22
 0.34059160E-21
 0.29616140E-21
-0.18071035E-21
 0.18556675E-22
 0.19069231E-21
 0.71351573E-21
-0.94412643E-22
-0.26997143E-22
 0.12628100E-21
-0.63221735E-22
 0.27074925E-22
-0.45645102E-16
-0.50415693E-17
 0.19532071E-16
 0.16060857E-16
 0.35903071E-16
-0.30638393E-16
 0.14281711E-16
-0.51569541E-23
-0.18643876E-21
 0.46617369E-16
 0.72812727E-16
-0.77146674E-16
-0.27448591E-16
 0.23057268E-16
-0.12713889E-16
-0.59884896E-17
-0.28760363E-16
 0.60957647E-16
-0.28962657E-16
 0.96394581E-16
-0.22184836E-16
-0.61507386E-16
 0.20869257E-16
 0.13849487E-16
-0.92269412E-22
 0.19167326E-21
 0.27837213E-21
 0.94841427E-22
-0.32641322E-21
-0.32647785E-22
 0.49129813E-22
 0.36741036E-21
 0.22892223E-21
 0.53163038E-16
-0.23352511E-16
-0.36653651E-16
-0.20270626E-16
-0.49845185E-16
-0.32301434E-17
 0.88191408E-16
 0.14963223E-16
-0.28788398E-16
 0.34376730E-16
 0.15345971E-16
-0.51191248E-16
 0.16688124E-16
 0.47003889E-16
 0.37906423E-16
 0.71328930E-16
 0.67693799E-16
-0.45977227E-17
-0.49121164E-17
 0.65560387E-16
 0.10431925E-15
-0.41559751E-16
-0.63843419E-16
-0.10023180E-16
-0.95274258E-17
-0.52625690E-16
-0.48582869E-16
 0.48637539E-16
 0.22681234E-16
-0.20546896E-16
-0.60339489E-16
 0.23163105E-16
 0.20159739E-16
-0.60614407E-16
-0.19865259E-22
 0.54465189E-21
 0.11382781E-21
 0.19040408E-21
 0.25672734E-16
 0.11909259E-15
 0.11085998E-15
 0.61113005E-17
 0.25787841E-16
-0.24747432E-16
 0.71491363E-17
 0.55239288E-16
 0.72074589E-16
 0.16846542E-16
-0.53325397E-16
-0.88638181E-16
-0.12472118E-16
-0.34917508E-16
 0.19534483E-16
-0.31863654E-16
 0.90543679E-16
 0.37076003E-17
 0.92300986E-16
-0.24517696E-16
 0.40795521E-16
-0.42832436E-16
 0.71272278E-16
 0.10192980E-15
 0.19585278E-16
 0.12018163E-15
 0.39133050E-16
 0.39863446E-16
-0.20800631E-16
 0.13264387E-16
-0.85128332E-16
-0.33768249E-16
-0.71030466E-16
-0.56617929E-17
 0.10115491E-16
 0.77975668E-16
 0.97808336E-16
-0.35171775E-16
-0.27275507E-16
 0.10760679E-16
 0.22223122E-16
-0.45223741E-16
-0.11392638E-16
-0.46934401E-16
-0.22562887E-16
-0.18913893E-16
-0.69742081E-16
-0.99396545E-16
-0.69723850E-16
 0.54152187E-16
 0.29996244E-17
 0.83832166E-16
 0.50499271E-16
-0.98573927E-16
-0.60654353E-16
 0.10292999E-15
 0.89262271E-16
-0.20382141E-16
 0.68022681E-22
 0.45598331E-22
 0.73799375E-21
-0.56717835E-16
-0.10672211E-15
-0.32789438E-16
-0.69301835E-16
 0.26064112E-16
 0.76185950E-17
-0.67684438E-16
-0.17082528E-16
-0.19825141E-16
-0.14163234E-16
 0.13292506E-16
 0.31961598E-16
 0.31207187E-16
 0.18069599E-17
 0.24669193E-16
-0.64737126E-16
 0.38539560E-16
-0.23893928E-16
-0.31090695E-16
 0.23319670E-16
-0.42424285E-16
-0.51067612E-17
-0.66971008E-16
-0.46234280E-17
 0.79104013E-16
 0.21593821E-16
-0.85125206E-17
 0.33384794E-16
 0.34289459E-16
-0.56737053E-16
 0.20768005E-16
-0.82513252E-16
 0.74878378E-16
-0.46435528E-16
 0.42569748E-16
 0.41976538E-16
-0.66605082E-16
-0.47582112E-16
 0.67388461E-16
-0.42282072E-16
 0.97833649E-16
 0.10418692E-15
 0.16906021E-16
-0.14096436E-16
 0.69616040E-16
 0.29722236E-16
 0.43531880E-16
 0.52233892E-16
-0.84747151E-16
-0.10685339E-15
-0.30594548E-16
-0.95206055E-16
 0.23787262E-17
-0.54218528E-16
-0.37879080E-16
-0.12149358E-16
 0.79088641E-17
-0.14451135E-16
-0.48964359E-16
 0.65578296E-16
-0.28462768E-21
-0.23846121E-21
 0.21169361E-21
 0.93559831E-22
 0.55622726E-21
-0.22576960E-21
-0.17113591E-21
-0.75826743E-22
 0.82239847E-22
 0.12051840E-21
-0.30864177E-21
 0.45969467E-21
 0.38089082E-22
 0.51412344E-22
-0.23976606E-21
 0.17312787E-22
 0.63990175E-22
-0.71340735E-22
 0.96172671E-22
 0.15305813E-21
 0.58419631E-22
-0.18596241E-21
 0.17207942E-21
 0.10873496E-21
 0.64681231E-17
-0.93003783E-16
-0.86734029E-16
-0.58624269E-16
 0.11013554E-17
 0.23308773E-16
 0.35327225E-16
-0.42681126E-17
-0.55720706E-17
 0.75772551E-16
 0.10000007E-16
-0.36008272E-17
 0.47506417E-16
 0.10264532E-15
-0.22273789E-16
 0.62411270E-16
-0.19939825E-16
 0.29054458E-16
 0.28381466E-16
 0.33551074E-16
-0.25714865E-16
-0.70281511E-16
-0.99927426E-16
 0.65328636E-17
 0.84536682E-17
 0.60000637E-16
-0.20391870E-16
-0.56312434E-16
 0.47854195E-17
 0.83466518E-16
-0.74670985E-17
-0.13830604E-15
-0.73235197E-16
 0.68885401E-17
 0.62391154E-16
-0.22641365E-16
-0.22373551E-16
-0.69037188E-16
-0.55358879E-16
-0.46725707E-16
 0.37639451E-16
 0.12398996E-16
-0.47799717E-16
 0.24198869E-16
-0.41435053E-16
-0.12070269E-17
 0.32721926E-17
-0.66555025E-16
 0.16194242E-16
-0.31111543E-16
-0.88434727E-17
 0.17370303E-17
-0.12183192E-16
-0.30412072E-16
-0.67398765E-17
-0.62504128E-16
 0.92205156E-16
 0.31816690E-16
 0.56928864E-16
-0.57041606E-16
-0.99433079E-16
-0.26563912E-16
-0.34952716E-16
 0.83134803E-17
-0.49096242E-16
-0.11029675E-16
-0.10173334E-15
 0.88440231E-16
 0.28186925E-16
 0.80996828E-17
 0.67782138E-16
-0.31200634E-17
 0.24454607E-16
 0.72921978E-16
-0.48233183E-16
-0.63039008E-17
 0.84299025E-17
 0.43704310E-16
-0.91401660E-16
-0.84850232E-16
-0.66055915E-16
-0.22690648E-16
 0.89690355E-16
-0.21626134E-16
-0.32830549E-16
-0.75716372E-16
 0.66112569E-16
-0.20332345E-16
 0.17177385E-16
 0.40534296E-16
 0.44360571E-16
 0.78236139E-16
-0.39595828E-16
 0.97304358E-16
-0.89602493E-16
-0.47890411E-16
 0.53689983E-17
 0.39985441E-16
-0.92408926E-16
 0.88936217E-17
 0.10451656E-15
 0.67726227E-16
-0.37333965E-16
 0.10824425E-15
-0.68239490E-16
-0.48965318E-21
-0.19045816E-21
 0.37817658E-16
-0.37281380E-16
 0.26631443E-16
-0.16519748E-16
-0.41462428E-22
 0.28114528E-16
 0.49244513E-16
 0.53973324E-16
 0.23432416E-16
 0.15009451E-21
-0.70503462E-16
 0.88816989E-17
-0.30256004E-16
-0.31181222E-16
-0.16469941E-21
-0.36710897E-17
-0.77750534E-16
 0.32295571E-16
-0.41887806E-16
-0.51370085E-17
-0.44260180E-16
-0.66239618E-16
-0.39786478E-21
 0.40354782E-21
 0.99604100E-16
 0.50340224E-16
 0.19221071E-16
-0.99157405E-16
 0.25830733E-16
 0.17358277E-16
-0.24730115E-21
-0.52195915E-21
 0.26617892E-16
-0.35683432E-16
 0.90246504E-16
 0.45987074E-17
-0.43091257E-16
 0.61318802E-16
 0.55005709E-16
 0.19205229E-16
 0.16189502E-22
-0.42071878E-16
-0.99505416E-16
-0.16687256E-16
 0.53516509E-16
 0.20741927E-16
 0.47129581E-16
 0.33751608E-16
-0.11354949E-16
 0.12821578E-16
 0.75251057E-17
-0.31131718E-21
 0.10843821E-21
 0.33030260E-21
 0.36172234E-21
 0.82175553E-22
-0.12075544E-21
-0.32471703E-21
-0.32096428E-22
-0.23158472E-21
 0.28803460E-21
 0.83558706E-22
-0.23070584E-22
-0.26056189E-22
-0.26401799E-21
-0.88534175E-23
-0.76837135E-22
-0.16617283E-21
 0.54238383E-21
 0.20843659E-21
 0.12327594E-21
-0.34560640E-22
-0.22459233E-21
 0.13984522E-22
 0.13107530E-21
-0.73947767E-16
 0.15679033E-16
 0.85018560E-16
-0.26213284E-16
 0.34322999E-17
 0.29374334E-16
-0.42268946E-22
 0.32867769E-17
-0.65559014E-17
-0.15318318E-16
 0.18832459E-21
 0.51414445E-22
 0.37122650E-21
 0.16309979E-21
 0.22179960E-21
-0.18626230E-15
-0.77813330E-16
 0.47924110E-16
-0.23579621E-16
-0.24017882E-16
-0.48610598E-16
 0.78534319E-17
-0.52832621E-17
 0.23574471E-16
 0.20331263E-16
-0.35166250E-16
 0.71364337E-17
 0.15259440E-16
-0.46804390E-16
 0.18813616E-16
-0.16948081E-16
 0.91063003E-17
-0.15274735E-16
 0.52920541E-16
-0.49633645E-16
-0.77687691E-17
-0.12582174E-16
 0.13532728E-16
 0.24073541E-21
-0.15264067E-22
 0.85406398E-22
-0.37145274E-16
-0.10430353E-15
-0.59613138E-16
-0.29765565E-17
 0.23533223E-16
 0.12376810E-16
-0.28738579E-16
 0.47106298E-16
 0.61065756E-16
 0.52491072E-16
-0.61938677E-16
 0.53416997E-16
 0.34418468E-22
-0.13996154E-21
-0.13722732E-21
-0.31832841E-16
-0.14759354E-15
-0.24773213E-17
 0.43607537E-16
 0.11603483E-15
-0.29558782E-21
-0.18826114E-21
 0.75519005E-22
 0.94263995E-17
 0.11845972E-16
-0.16487063E-16
 0.55122571E-16
 0.52778318E-16
-0.26847863E-16
-0.48994570E-16
 0.67775666E-17
-0.11408717E-16
-0.12520154E-21
 0.30233494E-16
-0.11461227E-15
 0.25058912E-16
 0.64093443E-16
 0.64740107E-16
-0.26471732E-16
-0.36657414E-16
-0.44520739E-16
 0.52608897E-16
 0.29311283E-21
 0.63782162E-21
-0.45065556E-16
 0.17169378E-16
 0.19710463E-17
 0.30426854E-16
 0.75840440E-16
 0.12152944E-15
 0.64682581E-16
 0.11206215E-21
-0.12581531E-21
 0.12766406E-15
 0.41705507E-16
-0.65860075E-16
 0.40646426E-16
-0.25229009E-22
 0.20762233E-21
 0.19320035E-16
-0.34840723E-17
-0.36356495E-16
 0.40650332E-16
 0.18684640E-16
-0.21983320E-16
-0.36639646E-16
-0.71812009E-17
-0.65029187E-16
-0.58058831E-16
-0.18922687E-15
 0.34161623E-16
-0.60296461E-17
-0.77613588E-16
 0.22499572E-16
-0.14754834E-21
-0.27484368E-21
-0.28982341E-21
-0.37838359E-16
 0.28834999E-22
 0.14823865E-16
-0.45494762E-16
 0.32050297E-16
-0.12213839E-21
 0.86595470E-22
-0.18442272E-21
-0.40303100E-21
 0.11848070E-21
-0.57046449E-22
-0.32408375E-22
-0.37223128E-23
-0.82834384E-22
 0.78838035E-16
 0.57574706E-16
-0.10684219E-16
 0.62864618E-17
-0.64235744E-22
 0.36825652E-16
 0.93375642E-16
-0.81608347E-16
 0.34055136E-16
-0.18934173E-16
 0.15359971E-15
 0.69235528E-16
 0.42650577E-16
-0.20226581E-16
-0.46044817E-16
 0.39071015E-16
 0.20239101E-16
 0.59001242E-22
 0.84289642E-16
-0.23395753E-16
-0.19588122E-16
-0.18002434E-16
-0.85923386E-22
-0.55589122E-22
-0.22950577E-18
-0.73769176E-22
 0.16275938E-21
 0.18256776E-21
-0.27821220E-21
 0.80701809E-22
 0.23085279E-21
-0.68821313E-21
-0.32751578E-22
-0.15346516E-21
 0.63783380E-22
 0.22439859E-21
-0.35109721E-16
 0.11094634E-15
-0.10028433E-15
-0.69413365E-16
-0.10406682E-16
-0.29673511E-16
 0.17738918E-16
-0.82513814E-16
-0.31301603E-16
 0.11717676E-16
-0.16834973E-16
-0.13302051E-16
-0.36503551E-16
-0.23946857E-16
-0.21799133E-17
 0.97921114E-16
-0.53303345E-17
 0.56461894E-16
 0.25999986E-16
 0.53667912E-16
-0.50976277E-16
-0.45983808E-16
-0.87507151E-17
-0.41165330E-16
-0.58053389E-17
 0.27346068E-16
-0.42015198E-16
-0.29300944E-16
 0.12608698E-16
-0.76350274E-16
 0.16715443E-16
-0.11685835E-17
-0.35452082E-16
-0.16603114E-16
-0.51242879E-17
 0.48411256E-16
 0.56388145E-16
 0.42915558E-16
 0.63435092E-16
-0.36704188E-16
 0.45223910E-16
 0.22845526E-16
-0.16299066E-16
 0.69150819E-17
 0.20611014E-21
-0.53524812E-21
 0.70206954E-22
-0.12022750E-21
-0.17337344E-17
 0.63508549E-17
 0.12413478E-16
 0.10806237E-16
-0.33637447E-16
 0.69461075E-17
-0.11596004E-15
 0.16887902E-15
 0.96392802E-17
-0.52598866E-16
 0.59850621E-16
 0.11483177E-16
-0.69596849E-16
-0.25522477E-16
 0.58862362E-17
 0.10091383E-16
-0.26443851E-16
-0.15130118E-16
-0.32089128E-17
-0.85919883E-16
 0.28094501E-16
-0.96864511E-16
-0.78079494E-16
-0.31204802E-17
 0.72409394E-16
 0.78949838E-17
-0.97091562E-16
-0.70409835E-16
 0.33125793E-16
 0.52065336E-16
 0.59779589E-16
 0.13931835E-15
-0.28931523E-16
 0.12005188E-15
-0.57300115E-16
 0.90980088E-16
 0.36692845E-16
-0.37353553E-16
-0.35726721E-16
-0.20565548E-16
 0.60937118E-16
-0.12317787E-16
-0.35521431E-16
 0.29601278E-16
 0.10524900E-15
-0.64527101E-16
-0.73826726E-16
-0.72107679E-16
 0.85839007E-16
-0.38356418E-16
-0.65817639E-16
-0.93019606E-16
-0.60138380E-16
 0.26174377E-16
-0.43184632E-16
-0.40365427E-17
 0.22207514E-16
-0.82588123E-17
-0.62128409E-17
-0.26502033E-16
 0.52985528E-17
 0.21046886E-16
-0.54311908E-16
-0.94226319E-17
 0.90211455E-16
-0.14564850E-16
-0.15887330E-16
-0.10592361E-15
-0.18846050E-16
-0.64499276E-16
 0.32182355E-16
 0.19335452E-16
 0.99978673E-17
-0.91116185E-17
-0.17341248E-16
 0.18197957E-21
 0.23208688E-16
 0.49780146E-16
 0.16551024E-16
 0.90398727E-16
 0.66735820E-16
 0.15545826E-21
 0.14869864E-21
-0.76307409E-21
 0.43699809E-17
 0.61945497E-16
 0.83671196E-17
-0.16563525E-16
-0.11056178E-16
-0.64422770E-17
-0.33336258E-16
-0.24559957E-16
-0.24812777E-16
-0.11700720E-16
 0.37316119E-17
 0.30467769E-16
 0.88630717E-17
 0.29882739E-16
-0.65254819E-17
-0.68909464E-17
 0.75891271E-16
 0.24851169E-16
 0.11386808E-15
 0.58572386E-17
 0.60913125E-16
-0.38269194E-16
-0.34896848E-16
 0.24195310E-16
-0.30135926E-16
 0.21714778E-16
-0.56043084E-16
 0.82220083E-16
 0.16775605E-16
-0.17547505E-16
 0.65725398E-16
-0.20991211E-16
 0.68888973E-16
 0.14046969E-15
 0.10706844E-15
-0.27433249E-16
-0.58596905E-17
 0.49143686E-16
-0.46234512E-17
 0.36553257E-16
-0.53422332E-16
 0.48116044E-16
-0.74415150E-16
 0.22240652E-17
 0.13599847E-17
-0.51657454E-17
 0.19175030E-16
-0.66175290E-16
-0.19179608E-16
-0.16491818E-16
 0.92372810E-22
 0.14104685E-22
 0.21043992E-21
-0.31825473E-22
 0.59944745E-22
 0.13926035E-21
 0.25349208E-21
-0.26838664E-21
-0.19193175E-22
 0.55155160E-21
 0.24185986E-21
 0.36398743E-21
-0.16180428E-21
 0.22425958E-21
-0.42806597E-22
 0.32188329E-21
-0.33175172E-16
-0.79317380E-17
 0.35982698E-16
-0.56373452E-16
-0.21131694E-18
 0.17933740E-16
-0.34633984E-16
-0.12742872E-15
-0.49170466E-16
 0.60453195E-16
 0.56591650E-16
 0.41011733E-16
-0.33451991E-16
 0.26147290E-17
-0.61987492E-17
-0.63481343E-16
-0.66167895E-16
-0.41350593E-16
-0.17279118E-16
 0.13250424E-15
 0.92492143E-16
-0.32952520E-17
 0.50393394E-22
-0.33707610E-22
 0.57890636E-22
 0.89170728E-16
-0.25343606E-17
-0.15883148E-16
 0.17278492E-16
-0.15288239E-17
-0.80802576E-16
 0.39566036E-16
-0.42559005E-16
-0.62165054E-16
 0.14086824E-16
 0.50051721E-16
 0.52114091E-17
-0.68816350E-16
-0.78653565E-18
 0.59366738E-17
 0.49372863E-16
 0.76368839E-16
-0.28249893E-17
 0.38998942E-16
 0.11904885E-15
 0.54551793E-16
 0.27395676E-16
 0.75082935E-17
-0.17131152E-16
-0.26543719E-16
-0.92391070E-17
 0.22693415E-16
-0.67124797E-16
-0.42455606E-16
-0.30789871E-16
 0.43147526E-16
-0.55318407E-16
-0.11330991E-16
-0.25135525E-16
 0.33297407E-16
-0.11211310E-16
 0.27037023E-17
-0.10094591E-16
-0.13613125E-17
-0.76191381E-16
 0.25493652E-16
 0.63584172E-16
-0.71582661E-16
-0.15715302E-16
 0.90144176E-16
 0.44424415E-16
-0.12777189E-17
 0.22509840E-17
 0.33750837E-16
 0.26210742E-16
-0.56893811E-16
 0.61282241E-16
-0.15099376E-15
-0.12379274E-15
 0.78668294E-16
-0.17636902E-16
 0.42011834E-16
 0.52667094E-16
 0.52336346E-16
-0.65457150E-16
 0.30600299E-16
 0.88873996E-16
 0.10261169E-17
-0.61372842E-16
 0.57343625E-16
-0.46116235E-17
 0.32944519E-16
 0.20742757E-16
 0.90946190E-17
-0.62491989E-16
 0.38026742E-16
-0.80693085E-16
-0.13529849E-16
-0.50861084E-16
-0.11599045E-15
 0.46073438E-16
 0.24671347E-16
-0.33547420E-16
-0.45808967E-16
-0.92050413E-16
 0.30194527E-16
 0.68271555E-17
 0.45239373E-16
 0.25255599E-16
-0.81616074E-16
 0.98369878E-16
-0.10645511E-16
-0.57507851E-16
-0.65138080E-16
-0.90423223E-17
-0.54841247E-16
-0.59297299E-16
-0.10003107E-16
-0.21685852E-16
 0.34384115E-16
-0.15803311E-16
 0.23460306E-16
-0.82101179E-16
-0.49889436E-16
 0.42013045E-17
-0.93008343E-16
 0.38749276E-16
-0.57545839E-16
-0.52974417E-16
 0.55652079E-16
 0.20921516E-16
 0.10794932E-16
 0.36145107E-21
 0.41756255E-22
 0.46946439E-16
 0.60019814E-16
 0.24270669E-16
 0.74519683E-16
 0.37398903E-21
-0.31648376E-16
 0.32968272E-16
-0.11040247E-16
 0.15839697E-16
-0.30930093E-21
-0.24993814E-16
-0.36336335E-16
 0.55661143E-17
 0.55339858E-21
 0.30267056E-21
-0.16060907E-16
-0.60320675E-16
 0.79156141E-16
-0.61701869E-16
-0.53093914E-16
 0.94468884E-16
 0.66524494E-17
-0.80791500E-16
 0.12279304E-15
-0.94279611E-18
 0.27094345E-17
-0.32582529E-21
 0.31390352E-22
-0.18474562E-21
-0.80730301E-16
-0.78172908E-16
-0.67802440E-16
 0.57091109E-16
 0.19947813E-16
 0.18258827E-16
-0.81003110E-17
 0.99095062E-16
-0.84519642E-16
-0.10275929E-15
-0.79897346E-17
-0.57481399E-17
-0.10329673E-15
-0.52870442E-16
-0.65107862E-16
 0.50559197E-16
-0.15080284E-16
-0.98817411E-16
 0.77370564E-16
 0.40616134E-16
 0.11820927E-16
 0.14464161E-15
 0.23935442E-22
 0.28045863E-21
 0.24723653E-21
 0.21551878E-21
 0.11211513E-21
-0.18250965E-21
 0.10024219E-21
 0.18914057E-21
-0.42429196E-21
-0.53622852E-18
-0.36610296E-16
-0.29383332E-16
 0.15162654E-16
-0.10059528E-15
-0.50469197E-16
-0.20965486E-16
 0.14708620E-16
 0.39039938E-17
 0.79816394E-16
 0.27359026E-16
 0.50540587E-16
-0.13051305E-15
 0.24376272E-16
-0.78078854E-16
 0.47485037E-16
 0.24053956E-16
-0.38650159E-17
-0.95798355E-16
 0.43917200E-16
 0.14441229E-16
 0.83187479E-17
 0.64540777E-16
 0.36533387E-16
 0.83661408E-16
-0.41875606E-16
-0.33098344E-16
 0.11254005E-15
 0.23290517E-16
-0.47803955E-16
-0.48712046E-16
 0.11646445E-21
 0.21253372E-21
 0.37451895E-21
-0.75061731E-16
 0.10315122E-16
 0.44614303E-17
-0.71656678E-16
 0.19234275E-16
-0.10250037E-15
 0.65578274E-16
 0.13170775E-16
-0.35580240E-16
-0.10044433E-16
 0.48142032E-16
 0.15978431E-16
-0.56778194E-22
 0.16371714E-21
-0.31397967E-21
-0.51512899E-17
 0.24470329E-21
-0.21194004E-16
 0.39450382E-16
 0.32954666E-16
-0.27301799E-16
 0.81495281E-16
-0.21034944E-21
 0.19525431E-16
-0.51411618E-16
-0.15286024E-16
-0.29876922E-16
 0.27442564E-16
-0.15608392E-16
 0.12973565E-16
-0.41023068E-16
 0.13724758E-16
 0.23276422E-21
 0.24219590E-21
 0.45861350E-22
-0.10592004E-21
-0.41939230E-23
 0.11703458E-15
 0.75149695E-16
 0.95977295E-16
 0.12024644E-15
-0.99593860E-16
 0.78699107E-16
-0.26336926E-16
-0.30669500E-17
-0.16853210E-16
 0.77972388E-16
 0.10378482E-15
 0.21542804E-17
 0.49518014E-16
 0.11512682E-17
-0.65272106E-16
 0.33437304E-16
-0.15073114E-16
 0.31410251E-16
-0.46163981E-16
-0.39326271E-16
 0.11040912E-15
-0.70821241E-16
-0.13463410E-15
 0.75811663E-16
-0.25560037E-16
-0.32776582E-16
-0.67392514E-16
-0.73954486E-16
-0.14626794E-15
-0.54443228E-16
-0.97446922E-16
-0.88111908E-16
 0.11470177E-16
-0.25133994E-17
-0.26195776E-21
-0.30976784E-16
-0.64610001E-16
 0.55268203E-16
-0.38256781E-17
-0.23915641E-17
-0.56001620E-16
-0.53336928E-16
-0.54423970E-16
 0.32418763E-16
-0.32381827E-16
-0.48459637E-17
 0.54535712E-16
 0.29908692E-16
-0.56288208E-16
-0.30690624E-16
-0.51572348E-16
 0.57785660E-16
 0.66428279E-16
-0.43869693E-17
-0.86192903E-22
-0.52577668E-22
 0.46303645E-16
-0.42418857E-16
-0.76501310E-16
 0.20899375E-17
-0.26166103E-16
 0.18226168E-16
 0.80129541E-16
 0.58745592E-16
-0.55582553E-16
-0.44131946E-16
-0.37157196E-16
-0.10102012E-15
 0.77357642E-16
 0.42450386E-16
 0.36539672E-16
 0.41179459E-16
-0.37186788E-16
-0.39082272E-16
-0.68405949E-16
 0.94902524E-16
-0.11939835E-21
-0.12764431E-21
-0.38894291E-21
-0.21515389E-21
 0.14857341E-16
-0.60708735E-16
 0.90602126E-23
 0.23296994E-16
 0.38483328E-16
 0.16342944E-16
-0.35898373E-16
 0.51793805E-16
-0.31961483E-21
-0.33972117E-21
-0.82526030E-21
-0.35944193E-21
 0.80831055E-22
 0.97594388E-22
 0.32603841E-21
 0.79987290E-16
-0.14011357E-16
-0.11051513E-16
-0.10813573E-16
-0.84565677E-16
-0.34418640E-16
 0.61143091E-22
-0.29465499E-21
-0.17160312E-21
 0.10911758E-15
 0.13558309E-16
 0.21134447E-21
 0.86803019E-22
 0.41903419E-16
 0.42376965E-17
 0.72239613E-18
 0.67436528E-16
-0.41377150E-16
 0.32329434E-22
-0.35661262E-21
-0.47284307E-21
-0.13229163E-16
-0.14473760E-17
-0.24817276E-21
-0.35471041E-21
-0.26833678E-21
 0.23129496E-16
-0.58341597E-16
 0.33215136E-16
-0.55698678E-16
 0.37135537E-17
 0.22678798E-16
 0.69305822E-16
-0.15475482E-16
-0.60375216E-16
-0.31230179E-16
 0.11598361E-15
 0.71299615E-16
-0.31711174E-17
 0.10188629E-15
 0.66706096E-16
 0.13737544E-17
 0.15415179E-16
-0.10455812E-15
-0.76627339E-17
-0.11622185E-15
-0.38243049E-17
 0.19503018E-16
 0.12693345E-21
 0.22771860E-21
 0.11283261E-22
-0.60132581E-22
-0.64752732E-22
-0.33243977E-22
-0.14727692E-21
-0.15484463E-21
-0.35629163E-16
-0.24159321E-16
-0.62479454E-16
 0.22791219E-16
-0.11249470E-16
-0.21424416E-16
 0.10401093E-15
 0.20281282E-16
 0.47540251E-16
 0.12671641E-16
 0.96885713E-16
 0.26028627E-16
-0.39259313E-16
 0.99136619E-17
 0.87096547E-16
 0.83601748E-16
-0.38129149E-16
 0.62036142E-16
-0.15419710E-16
-0.48419893E-16
 0.50086412E-16
-0.45942653E-16
-0.13538364E-16
 0.49122989E-16
 0.77093937E-16
 0.28870766E-16
 0.10016822E-15
-0.25073912E-22
-0.72632438E-16
 0.57881930E-16
 0.87271186E-16
-0.12107559E-15
 0.25963363E-17
 0.94518310E-22
 0.26896295E-22
-0.16955806E-21
 0.97711203E-23
 0.16467745E-21
-0.16736190E-21
-0.88736329E-17
 0.55548623E-16
-0.20377506E-16
-0.22752689E-17
 0.35362893E-16
-0.32128183E-16
 0.16084462E-16
 0.77214037E-17
 0.84620628E-16
-0.50850205E-17
-0.11452639E-15
 0.10677027E-17
-0.10884561E-16
 0.60158454E-16
 0.48922295E-16
 0.47893873E-16
-0.38147080E-16
-0.63925672E-16
-0.70587457E-17
-0.14760928E-16
 0.44706322E-16
-0.38146615E-16
 0.26381206E-16
 0.49128396E-16
 0.39157242E-16
 0.90566443E-16
 0.34671628E-16
 0.64337630E-16
 0.94220566E-17
-0.36090088E-16
-0.11666280E-16
-0.70321414E-16
-0.17700292E-16
-0.62298178E-16
-0.66655424E-16
 0.25759946E-16
 0.21402964E-16
-0.89305219E-16
-0.38193718E-16
 0.19360802E-17
-0.39146101E-16
-0.23674203E-16
-0.34534255E-16
-0.10562339E-15
-0.19507901E-16
 0.42723351E-16
-0.21862544E-16
 0.54548913E-16
 0.17501398E-16
 0.16837523E-16
-0.15162195E-15
-0.78170231E-16
-0.41011432E-16
 0.44845978E-16
 0.17900705E-22
 0.39865912E-23
 0.30670306E-22
-0.40821354E-22
 0.13887587E-21
 0.17656321E-21
 0.24621548E-22
-0.34593772E-21
 0.63486112E-22
 0.58611980E-22
-0.10412136E-21
 0.23452261E-21
 0.87151232E-22
 0.14362021E-21
-0.45533708E-22
-0.25880562E-21
 0.28678610E-21
-0.42710621E-23
 0.14040098E-21
 0.37028535E-21
 0.32351809E-21
 0.12596727E-22
 0.27838505E-21
-0.33732890E-22
 0.16937816E-21
 0.81833929E-22
 0.95461813E-22
 0.11763760E-21
-0.52307760E-16
 0.45878718E-16
-0.87677589E-16
 0.31897489E-16
-0.55094032E-16
-0.47973954E-16
-0.97306377E-17
 0.34899173E-17
 0.52285715E-16
 0.94534342E-16
 0.28346538E-16
-0.46559588E-16
 0.10778033E-15
 0.50698484E-22
 0.16903037E-21
-0.26030340E-21
 0.43184250E-17
-0.13962985E-16
 0.32312942E-16
 0.69275711E-16
 0.77319760E-16
 0.67675144E-16
 0.42355945E-16
 0.61386578E-16
 0.31093488E-16
 0.16879914E-16
 0.48666957E-16
-0.23580477E-16
 0.22753361E-16
 0.53426241E-17
-0.28148277E-16
-0.50123793E-17
-0.22304632E-16
 0.61756348E-16
-0.82270303E-17
 0.23472848E-16
 0.99610817E-17
 0.12549167E-16
-0.59421583E-17
 0.24382773E-16
-0.35581436E-16
 0.52146317E-17
-0.56214288E-17
 0.12412568E-16
 0.50913643E-16
-0.53304312E-16
 0.61264958E-16
 0.11897962E-15
 0.43698770E-16
-0.28611465E-16
 0.34185824E-22
-0.19664927E-21
-0.23231630E-21
-0.51536486E-16
 0.24286169E-16
-0.17633507E-16
-0.52240651E-16
 0.18130901E-16
-0.12442166E-15
 0.38591400E-16
 0.19065135E-16
 0.85395492E-16
 0.11811859E-21
 0.90376276E-21
 0.14104722E-21
 0.14716060E-21
 0.82718061E-22
 0.71484157E-16
-0.15712837E-16
-0.62114546E-16
-0.29649679E-16
 0.10934261E-15
-0.60818748E-17
 0.75561078E-16
-0.13795822E-21
 0.25847157E-16
 0.52272528E-17
-0.20692632E-16
 0.52283950E-16
-0.16204985E-21
 0.16574943E-16
 0.48669059E-16
 0.34217088E-16
 0.30869320E-16
-0.19892401E-21
-0.58923694E-22
 0.12408574E-20
-0.99435029E-16
-0.11527346E-15
 0.11470247E-15
 0.69251425E-16
 0.91248361E-22
-0.12056157E-21
 0.15915475E-16
 0.11486861E-16
 0.26260075E-16
 0.88877674E-16
 0.20683803E-16
-0.20243050E-16
-0.51663554E-16
-0.34641116E-16
-0.22568741E-21
 0.27344021E-21
-0.35646315E-22
 0.57234374E-21
 0.24125121E-21
 0.81619462E-22
-0.40162377E-21
-0.57998247E-21
 0.16153286E-21
 0.13221871E-20
 0.16904422E-20
 0.88896066E-22
 0.21491828E-16
 0.86399070E-16
 0.35839552E-16
 0.51120468E-16
 0.81012001E-22
 0.21967401E-16
 0.77115569E-16
-0.53362197E-21
 0.32811939E-22
-0.93109518E-22
 0.16545262E-21
 0.69276376E-22
 0.19284272E-21
-0.15054687E-21
 0.70080109E-22
 0.35447274E-21
-0.43472018E-21
 0.39963163E-21
 0.35084806E-21
-0.19573161E-21
-0.29212512E-21
-0.14744494E-21
-0.16498866E-21
-0.45175347E-16
 0.32638073E-16
 0.34948532E-16
-0.22121003E-16
 0.47774153E-16
-0.73422251E-16
-0.55432268E-16
-0.72840465E-16
-0.16348644E-16
-0.31220012E-16
 0.83508812E-16
-0.44418737E-16
-0.73611527E-16
-0.11377362E-15
-0.97137958E-16
-0.17603437E-21
-0.77714061E-21
 0.10373310E-17
-0.12206226E-17
 0.87393858E-17
-0.57004589E-16
-0.96230335E-18
-0.27994994E-22
-0.13133697E-21
-0.16213333E-21
 0.57734622E-22
-0.17249301E-21
 0.41565826E-22
-0.18489973E-21
-0.41589446E-21
-0.39045510E-22
-0.40126619E-21
-0.43437957E-21
-0.24989902E-21
 0.34208505E-16
 0.58680428E-16
 0.96832546E-17
-0.33618125E-16
 0.16800718E-16
-0.54799905E-16
-0.81897413E-16
 0.41818269E-16
-0.44988633E-21
-0.65452214E-21
 0.76588160E-16
 0.10094149E-15
-0.12826149E-16
 0.32911203E-16
-0.36153784E-16
 0.13558378E-15
 0.15324581E-16
 0.27914761E-21
 0.42315458E-21
-0.52577755E-21
 0.17828039E-20
 0.15100890E-20
-0.13755755E-21
-0.22065043E-21
-0.38802526E-21
-0.12410294E-21
-0.49733302E-21
-0.50589572E-21
 0.62357928E-16
 0.11274206E-15
 0.99260654E-16
-0.42547380E-16
 0.16427377E-16
 0.54016321E-16
 0.99158276E-22
-0.14964476E-20
 0.29677394E-21
-0.54865339E-22
 0.49572033E-21
 0.28525627E-21
-0.70904888E-22
 0.43134771E-17
 0.78851912E-16
 0.36601905E-16
-0.33211328E-16
-0.24932054E-16
 0.32067466E-21
 0.23481590E-21
 0.10145887E-21
-0.24166599E-21
 0.39463754E-16
 0.19801184E-16
 0.14052668E-15
 0.14202939E-16
 0.39507913E-16
 0.24623302E-17
-0.14401943E-17
-0.35791071E-21
-0.83894070E-16
 0.13340666E-16
-0.35108381E-16
-0.68433940E-16
-0.44263573E-16
-0.38495755E-16
 0.40118783E-16
 0.58717101E-16
 0.10000948E-15
 0.53580161E-16
 0.81356905E-16
 0.56584324E-22
-0.13622315E-20
-0.46864952E-22
-0.23528119E-21
-0.93700959E-21
 0.25263905E-21
 0.20048790E-21
-0.10061554E-20
-0.48326735E-21
-0.23723957E-21
-0.17881318E-21
-0.27062985E-21
 0.19580537E-22
-0.14464006E-21
 0.90432316E-21
 0.83154750E-21
 0.71236497E-16
-0.33539589E-21
-0.34946138E-16
 0.27502719E-16
-0.10499962E-16
 0.50905139E-16
-0.28462285E-16
-0.78942168E-16
 0.25819569E-16
-0.49664705E-16
-0.12360563E-16
 0.14358613E-16
-0.78910007E-16
 0.17804139E-17
-0.90996461E-17
 0.14734330E-16
-0.83774823E-16
 0.38189437E-16
 0.35850525E-21
 0.20983246E-21
-0.21809128E-21
-0.16737483E-22
 0.12982858E-21
 0.38670694E-22
 0.87923926E-16
 0.65954729E-22
-0.89822301E-16
 0.19262969E-21
 0.92010918E-22
 0.17833497E-21
 0.79163770E-22
 0.46688391E-16
-0.70281298E-16
 0.45638685E-17
 0.24684924E-16
-0.88248775E-17
 0.93661971E-19
-0.30820872E-16
 0.38517587E-16
 0.15903013E-16
 0.27905838E-16
-0.40856600E-16
 0.53523311E-16
-0.71297615E-16
 0.33567862E-17
 0.85358143E-18
-0.14254063E-16
 0.37448324E-16
 0.55262991E-16
-0.74470795E-16
 0.87877616E-16
-0.35589100E-16
-0.28731055E-16
 0.78741992E-16
 0.19544378E-16
 0.74189673E-16
-0.12945068E-16
-0.43758139E-16
-0.40757204E-16
-0.10606006E-21
-0.81908355E-21
-0.10525873E-21
 0.60893542E-22
-0.55679595E-22
 0.48457891E-22
 0.15498004E-21
 0.30981572E-21
 0.72894955E-17
-0.23046979E-16
-0.23730672E-17
-0.29920758E-16
-0.78119774E-16
-0.81159371E-16
 0.73864004E-16
 0.18377577E-15
-0.62261462E-16
 0.86920885E-16
 0.57062538E-19
 0.13948894E-16
-0.13165104E-16
-0.98656620E-16
-0.67157545E-16
-0.34802822E-16
 0.79126488E-17
-0.69003979E-16
-0.39374269E-17
-0.29755810E-17
 0.18060422E-17
 0.25848457E-16
 0.10653646E-15
-0.28843506E-16
 0.17362083E-16
-0.20763820E-16
 0.87136389E-17
 0.18858425E-21
-0.19923011E-16
-0.45375626E-16
-0.37138776E-16
-0.35888805E-16
-0.57037981E-21
-0.42326305E-16
 0.74385607E-16
 0.41348684E-16
 0.22882659E-16
 0.43733109E-16
 0.74394556E-22
 0.86905663E-22
-0.43908999E-21
 0.43074244E-22
-0.29445008E-21
 0.58484254E-22
 0.34166795E-17
-0.15505672E-16
 0.35338714E-16
-0.53486454E-16
-0.36312570E-16
 0.13314360E-16
-0.22939532E-16
 0.45439485E-16
-0.51698568E-16
-0.73847432E-16
-0.36632774E-16
 0.11479581E-15
-0.34270242E-16
-0.63065240E-16
-0.16991965E-15
 0.43822939E-16
 0.78780501E-17
 0.72392185E-17
-0.17771654E-16
-0.60144430E-16
-0.42555149E-16
 0.99454616E-17
 0.63179921E-17
-0.31060420E-16
 0.45719275E-17
 0.51499110E-16
-0.37266537E-16
-0.43096041E-16
 0.15535579E-16
 0.61252724E-16
-0.31678433E-22
 0.79201421E-21
-0.25395737E-21
-0.25388614E-21
 0.23846066E-22
 0.10025755E-21
 0.24484546E-21
 0.16558072E-21
-0.29214985E-21
-0.21197620E-21
 0.21739340E-22
-0.66866110E-23
-0.41017819E-21
-0.22000418E-21
-0.84243176E-22
-0.31894382E-21
 0.72688496E-22
 0.31893011E-22
 0.27515388E-21
-0.60865772E-22
 0.19107872E-21
-0.18416284E-21
 0.24285506E-21
-0.58722206E-22
-0.19757984E-21
 0.22580497E-21
-0.27390018E-21
-0.16393393E-21
 0.37172086E-16
 0.76357584E-16
-0.41412435E-18
 0.75294011E-22
-0.15089477E-22
 0.63356865E-22
 0.58896504E-16
 0.31079443E-16
 0.71219245E-17
 0.12335727E-16
-0.23955926E-21
-0.13581272E-21
 0.55597653E-21
 0.13713657E-16
 0.17645052E-16
-0.23309379E-16
-0.35359588E-16
 0.50753007E-16
-0.44852844E-16
 0.15279941E-16
 0.20782566E-16
-0.31400740E-16
-0.82544213E-16
-0.86331885E-16
-0.20214902E-16
-0.21919290E-17
-0.18638829E-16
-0.46084427E-17
-0.36608827E-16
-0.10985382E-17
 0.93759035E-17
 0.45757350E-17
 0.15618611E-16
 0.46468670E-16
 0.58717688E-16
-0.54012460E-16
-0.12093482E-15
-0.24154227E-16
-0.15173683E-16
-0.12408051E-15
 0.11756174E-16
 0.34101174E-16
-0.23347177E-16
 0.73391900E-16
-0.30337425E-17
 0.44966759E-16
-0.98999265E-16
-0.45333201E-16
 0.20118724E-16
-0.63238438E-16
 0.53896192E-16
 0.46723203E-16
-0.83835353E-17
-0.84651921E-16
 0.51754834E-16
 0.29755046E-16
 0.39116090E-16
-0.16085160E-17
 0.94686331E-22
 0.87518185E-21
-0.22606900E-16
 0.73242359E-16
-0.35117514E-16
 0.50571417E-16
-0.49255541E-21
 0.18527698E-21
-0.11971416E-17
-0.10025753E-15
-0.29310847E-16
-0.73813468E-16
-0.31878765E-21
 0.62912021E-16
 0.31442708E-16
 0.77269825E-16
 0.16494800E-16
 0.35514483E-21
-0.48877212E-17
-0.52663385E-16
 0.21052903E-16
-0.78563730E-16
 0.76307412E-22
-0.11967403E-20
-0.73851719E-22
 0.82622127E-17
-0.33089241E-17
-0.70761962E-16
-0.29570414E-21
-0.30928800E-21
-0.31730131E-22
 0.19635200E-21
-0.70311865E-21
-0.11760297E-15
 0.27954858E-16
 0.26141224E-16
-0.86863435E-16
 0.10408871E-15
-0.60969050E-16
 0.42524008E-16
 0.98224608E-16
-0.44719155E-16
-0.61832930E-16
-0.45037399E-21
-0.54831696E-16
 0.58279514E-21
-0.80701796E-21
 0.50561415E-22
-0.72304602E-21
 0.15589908E-21
-0.29881900E-22
 0.32794981E-21
-0.16139254E-22
-0.21390374E-21
 0.19001712E-22
-0.40299100E-21
-0.15650516E-21
 0.10431683E-20
 0.16649678E-20
-0.16415658E-21
-0.26496921E-21
 0.28123048E-21
-0.83118727E-22
 0.10535601E-20
-0.10979530E-21
-0.10553003E-20
 0.70465448E-22
-0.13024155E-20
-0.12281047E-21
-0.41327823E-21
 0.12268122E-21
 0.51446302E-22
-0.33703733E-21
 0.68076424E-21
 0.48396707E-17
-0.49511930E-19
 0.64311619E-16
 0.40158447E-17
-0.10051249E-21
-0.99974746E-22
 0.50051158E-21
 0.93688531E-17
 0.86845955E-16
 0.52685290E-16
-0.11414810E-21
-0.41937851E-21
 0.19689163E-22
 0.42008162E-16
-0.35524924E-16
 0.84053914E-17
-0.16451652E-16
 0.33059804E-21
-0.29631208E-21
 0.11107485E-21
 0.14652656E-21
 0.63891872E-21
 0.12605457E-21
-0.48392361E-21
-0.27221612E-21
-0.49721310E-22
-0.32332850E-16
-0.65398967E-23
-0.31108730E-17
-0.82498201E-17
 0.34294431E-18
 0.53860017E-16
-0.10200970E-15
-0.49545792E-16
 0.18684032E-20
 0.13205730E-20
-0.33035526E-22
 0.18375042E-21
 0.76641496E-17
 0.83506247E-16
-0.95981676E-16
 0.27395188E-21
-0.36938784E-22
 0.15552288E-21
-0.39921880E-16
 0.36509299E-16
 0.43850647E-16
-0.77113470E-16
 0.96896088E-16
-0.12879711E-20
-0.12390029E-20
-0.19972862E-17
-0.26502091E-21
-0.67316751E-21
-0.18437605E-21
-0.33700005E-17
-0.29989175E-21
-0.45579442E-16
-0.41105707E-21
-0.37403724E-16
 0.98367446E-16
-0.81402054E-17
-0.14139619E-21
-0.19739890E-21
-0.12477503E-21
-0.51944650E-16
-0.55815120E-16
-0.31877325E-16
-0.46395493E-16
-0.14062070E-21
-0.19278478E-21
-0.52061972E-21
 0.15553580E-21
 0.27182293E-17
 0.12154880E-16
 0.23674168E-21
 0.17652420E-21
-0.30591524E-21
 0.43982744E-22
-0.96818906E-22
 0.11446314E-16
 0.50984376E-16
 0.21642581E-17
-0.46314890E-16
 0.41800290E-16
 0.26324770E-16
-0.33935228E-16
 0.34047061E-16
 0.15634238E-15
-0.49396866E-16
-0.95402011E-16
-0.21814368E-16
-0.40618879E-16
-0.40381434E-16
-0.30866260E-16
 0.38087790E-21
-0.86272353E-22
 0.25814497E-21
-0.41707997E-22
 0.19773494E-21
 0.74368707E-22
-0.37998609E-23
-0.59401908E-22
 0.44911536E-21
 0.95573260E-21
-0.46094792E-16
 0.36081877E-21
-0.11948723E-16
-0.11700968E-15
-0.33489271E-16
-0.31456676E-16
-0.54361276E-22
-0.54761591E-21
 0.49593538E-21
 0.49804899E-22
 0.34159894E-16
-0.15623618E-16
 0.16701294E-21
-0.16046011E-21
 0.11906231E-21
-0.18457760E-21
-0.22359726E-23
-0.32908981E-21
 0.18051579E-16
 0.69430128E-17
-0.56418054E-17
 0.47828154E-16
-0.95767908E-16
 0.97727588E-17
 0.12480432E-16
 0.36247449E-16
-0.11238955E-15
 0.88275375E-17
 0.16257496E-16
 0.47676616E-16
-0.25186508E-16
-0.58652118E-16
-0.57231591E-22
 0.10983994E-22
-0.19915946E-20
-0.12138190E-20
-0.34008192E-21
 0.33558954E-21
 0.25414803E-21
-0.14726146E-20
 0.23388524E-21
 0.58154045E-21
-0.30764532E-21
-0.99751181E-21
-0.13789372E-20
 0.83168752E-21
 0.29781794E-21
 0.12200039E-20
-0.51644075E-21
 0.82662449E-21
 0.37640869E-16
-0.43004991E-17
-0.12549992E-15
-0.59407008E-16
 0.28433182E-16
-0.24095751E-18
-0.78906331E-16
-0.86668160E-17
 0.10456218E-15
-0.42561434E-16
-0.73492588E-16
 0.17741135E-16
-0.13577400E-15
-0.11297567E-15
-0.44589310E-16
-0.31678433E-22
-0.12808375E-21
-0.10704234E-21
 0.29056011E-21
 0.43451539E-21
-0.40234582E-22
 0.92321111E-22
-0.50160749E-22
-0.17176922E-22
-0.38166630E-22
-0.60797201E-16
-0.23513493E-16
-0.26206854E-17
 0.68651782E-16
 0.44683502E-16
-0.95064067E-16
 0.25384431E-16
-0.20555629E-16
 0.12614827E-16
-0.80663972E-16
 0.49097494E-16
-0.49157593E-16
-0.11570525E-15
-0.25130702E-16
 0.13912557E-15
-0.24979774E-16
 0.18582135E-16
 0.44778205E-16
 0.22759614E-16
-0.39228903E-16
-0.60729977E-16
 0.33592253E-16
 0.50005428E-16
-0.43102936E-17
-0.21403825E-16
 0.44887163E-16
-0.45439357E-21
-0.75719212E-17
-0.72039448E-16
-0.41113461E-22
 0.25784771E-22
-0.97013102E-16
 0.63263500E-16
-0.13878362E-16
-0.18751151E-21
-0.86317244E-17
 0.67790295E-19
-0.20627817E-22
-0.14493755E-21
-0.16910674E-21
 0.76242788E-22
 0.27346074E-21
 0.20185792E-21
-0.79342484E-16
-0.25934697E-21
-0.28059660E-16
-0.11047894E-16
-0.56517252E-17
 0.42433170E-17
 0.35824764E-16
 0.23336296E-16
-0.72255324E-16
 0.81950800E-16
-0.23645373E-16
 0.81105551E-16
-0.41721201E-16
 0.16321527E-16
 0.47270792E-16
 0.79931980E-16
-0.83876164E-16
-0.61200289E-16
 0.35056246E-16
 0.19709544E-16
 0.66518165E-16
-0.27580849E-16
 0.14459685E-16
 0.32005665E-18
 0.27639835E-17
-0.47834123E-18
 0.62541653E-16
-0.47501890E-16
-0.19875709E-16
-0.69946342E-16
 0.27234668E-16
 0.40256019E-16
 0.52325796E-17
 0.11627734E-15
-0.17298283E-16
 0.48965729E-16
-0.39084284E-22
-0.34402809E-16
 0.64546922E-16
 0.56986884E-16
-0.47834304E-22
 0.11791022E-16
-0.16932646E-21
-0.14469198E-21
-0.23796952E-21
 0.25600415E-21
-0.98227698E-22
 0.90162687E-22
-0.10114868E-21
 0.64054799E-22
 0.11333799E-15
-0.89676776E-17
 0.19087861E-16
-0.28444949E-16
 0.27427864E-16
-0.10451927E-16
 0.88156400E-16
 0.81385916E-16
-0.58952011E-16
 0.54517418E-16
-0.43883447E-16
-0.33242009E-16
 0.19231728E-16
 0.61808888E-16
 0.72818102E-16
 0.85695736E-16
 0.23021833E-16
 0.10293171E-17
-0.39819157E-16
-0.46866715E-16
 0.73617311E-16
 0.11209888E-15
-0.73615365E-16
-0.36921882E-16
-0.65263280E-16
