         1
         6
        11
        16
        21
        26
        31
        36
        41
        46
        51
        56
        61
        66
        71
        76
        81
        86
        91
        96
       101
       106
       111
       116
       121
       126
       131
       136
       141
       148
       155
       162
       169
       176
       183
       190
       197
       202
       207
       212
       217
       222
       227
       232
       237
       242
       247
       252
       257
       262
       267
       272
       277
       282
       287
       292
       297
       302
       307
       312
       317
       322
       327
       332
       337
       342
       347
       352
       357
       362
       367
       372
       377
       382
       387
       392
       399
       406
       413
       420
       427
       434
       439
       444
       449
       454
       459
       464
       469
       474
       479
       484
       489
       494
       499
       504
       509
       514
       519
       524
       529
       534
       539
       544
       549
       554
       559
       564
       569
       574
       579
       584
       589
       594
       599
       604
       609
       614
       619
       624
       629
       634
       641
       648
       655
       662
       669
       676
       683
       690
       697
       704
       711
       718
       725
       732
       739
       746
       753
       760
       767
       774
       781
       788
       795
       802
       809
       816
       823
       830
       837
       844
       851
       858
       863
       868
       873
       878
       883
       888
       893
       898
       903
       908
       913
       918
       923
       928
       933
       938
       943
       950
       957
       964
       969
       974
       979
       984
       989
       994
       999
      1004
      1009
      1014
      1019
      1024
      1029
      1034
      1039
      1044
      1049
      1054
      1059
      1064
      1069
      1074
      1079
      1084
      1089
      1094
      1099
      1104
      1109
      1114
      1119
      1124
      1129
      1134
      1139
      1144
      1149
      1154
      1159
      1164
      1169
      1174
      1179
      1184
      1189
      1194
      1199
      1204
      1209
      1214
      1221
      1228
      1235
      1242
      1249
      1255
      1260
      1266
      1271
      1278
      1284
      1289
      1295
      1300
      1307
      1313
      1318
      1324
      1329
      1336
      1342
      1347
      1352
      1358
      1365
      1370
      1375
      1380
      1385
      1390
      1395
      1400
      1405
      1410
      1415
      1420
      1427
      1434
      1441
      1448
      1455
      1460
      1465
      1470
      1475
      1480
      1485
      1490
      1495
      1500
      1505
      1510
      1515
      1520
      1525
      1530
      1535
      1540
      1547
      1554
      1561
      1568
      1575
      1582
      1589
      1596
      1603
      1610
      1617
      1624
      1631
      1638
      1645
      1652
      1659
      1666
      1673
      1680
      1685
      1690
      1695
      1700
      1705
      1710
      1715
      1722
      1729
      1736
      1741
      1746
      1751
      1756
      1761
      1766
      1773
      1780
      1787
      1792
      1797
      1802
      1807
      1812
      1818
      1823
      1829
      1836
      1841
      1846
      1851
      1858
      1865
      1872
      1879
      1886
      1893
      1898
      1903
      1908
      1913
      1918
      1923
      1928
      1935
      1942
      1947
      1952
      1957
      1962
      1969
      1976
      1983
      1990
      1996
      2002
      2008
      2014
      2020
      2026
      2031
      2037
      2042
      2047
      2052
      2059
      2066
      2072
      2077
      2084
      2089
      2094
      2101
      2108
      2115
      2120
      2127
      2134
      2141
      2148
      2155
      2162
      2167
      2174
      2181
      2188
      2195
      2202
      2209
      2216
      2223
      2228
      2233
      2238
      2243
      2248
      2253
      2258
      2263
      2269
      2274
      2280
      2285
      2290
      2295
      2300
      2305
      2310
      2315
      2320
      2327
      2334
      2339
      2344
      2349
      2354
      2359
      2364
      2369
      2374
      2379
      2384
      2389
      2394
      2399
      2404
      2411
      2416
      2423
      2430
      2437
      2442
      2447
      2452
      2457
      2462
      2467
      2472
      2477
      2482
      2487
      2492
      2497
      2504
      2511
      2518
      2523
      2528
      2533
      2538
      2543
      2548
      2555
      2562
      2567
      2574
      2579
      2586
      2593
      2598
      2603
      2608
      2613
      2618
      2623
      2628
      2633
      2638
      2643
      2648
      2653
      2658
      2663
      2668
      2673
      2678
      2683
      2688
      2693
      2698
      2703
      2708
      2713
      2718
      2723
      2728
      2733
      2738
      2743
      2748
      2753
      2758
      2763
      2768
      2773
      2778
      2783
      2790
      2797
      2804
      2811
      2818
      2825
      2832
      2839
      2844
      2849
      2854
      2859
      2864
      2869
      2874
      2879
      2884
      2889
      2896
      2903
      2910
      2917
      2923
      2928
      2934
      2939
      2946
      2952
      2957
      2963
      2968
      2975
      2980
      2985
      2990
      2995
      3000
      3005
      3010
      3015
      3020
      3025
      3030
      3035
      3040
      3045
      3052
      3059
      3066
      3073
      3080
      3087
      3092
      3097
      3102
      3107
      3112
      3117
      3122
      3127
      3132
      3137
      3142
      3147
      3152
      3157
      3162
      3169
      3176
      3183
      3190
      3197
      3204
      3211
      3218
      3225
      3232
      3239
      3246
      3253
      3260
      3267
      3274
      3281
      3288
      3295
      3302
      3309
      3316
      3323
      3330
      3337
      3344
      3351
      3358
      3365
      3372
      3379
      3386
      3391
      3396
      3401
      3406
      3411
      3416
      3421
      3426
      3431
      3438
      3445
      3452
      3459
      3466
      3471
      3476
      3481
      3486
      3493
      3500
      3507
      3512
      3517
      3522
      3527
      3532
      3537
      3542
      3547
      3552
      3559
      3566
      3571
      3576
      3581
      3586
      3591
      3596
      3601
      3608
      3615
      3621
      3626
      3632
      3637
      3644
      3650
      3655
      3661
      3666
      3673
      3679
      3684
      3690
      3695
      3702
      3707
      3712
      3717
      3724
      3731
      3736
      3741
      3748
      3755
      3762
      3769
      3776
      3783
      3790
      3797
      3804
      3809
      3814
      3819
      3825
      3830
      3836
      3843
      3850
      3857
      3864
      3871
      3878
      3885
      3892
      3899
      3906
      3913
      3920
      3927
      3934
      3941
      3948
      3955
      3962
      3969
      3976
      3983
      3990
      3997
      4004
      4011
      4018
      4025
      4032
      4039
      4046
      4053
      4060
      4067
      4074
      4081
      4088
      4095
      4102
      4109
      4116
      4123
      4130
      4137
      4144
      4151
      4158
      4165
      4172
      4179
      4186
      4191
      4196
      4201
      4208
      4215
      4220
      4225
      4230
      4237
      4244
      4251
      4256
      4263
      4269
      4275
      4281
      4288
      4295
      4302
      4309
      4316
      4323
      4330
      4337
      4344
      4351
      4358
      4365
      4372
      4379
      4386
      4393
      4398
      4403
      4408
      4414
      4421
      4426
      4431
      4436
      4442
      4448
      4453
      4458
      4463
      4468
      4473
      4478
      4485
      4492
      4499
      4506
      4512
      4519
      4525
      4532
      4538
      4545
      4552
      4559
      4566
      4573
      4580
      4587
      4594
      4601
      4608
      4615
      4622
      4627
      4634
      4639
      4646
      4653
      4660
      4667
      4674
      4681
      4688
      4695
      4700
      4705
      4712
      4719
      4726
      4733
      4740
      4747
      4754
      4761
      4768
      4775
      4780
      4787
      4794
      4799
      4804
      4811
      4818
      4825
      4832
      4839
      4846
      4853
      4860
      4867
      4874
      4879
      4886
      4893
      4898
      4903
      4910
      4917
      4924
      4931
      4938
      4945
      4952
      4959
      4966
      4973
      4980
      4985
      4992
      4999
      5006
      5013
      5020
      5027
      5032
      5037
      5044
      5051
      5058
      5065
      5072
      5079
      5086
      5093
      5100
      5107
      5114
      5121
      5128
      5135
      5142
      5149
      5156
      5163
      5170
      5177
      5182
      5187
      5192
      5197
      5202
      5207
      5212
      5217
      5222
      5227
      5232
      5237
      5242
      5247
      5252
      5257
      5262
      5267
      5272
      5277
      5282
      5287
      5292
      5297
      5302
      5307
      5312
      5317
      5322
      5327
      5332
      5337
      5342
      5347
      5352
      5357
      5362
      5367
      5372
      5377
      5382
      5387
      5392
      5397
      5402
      5407
      5412
      5417
      5422
      5427
      5432
      5437
      5442
      5447
      5452
      5457
      5462
      5467
      5472
      5477
      5482
      5487
      5492
      5497
      5502
      5507
      5512
      5517
      5522
      5527
      5532
      5537
      5542
      5547
      5552
      5557
      5562
      5567
      5572
      5577
      5582
      5587
      5592
      5597
      5602
      5607
      5612
      5617
      5622
      5627
      5632
      5637
      5642
      5647
      5652
      5657
      5662
      5667
      5672
      5677
      5682
      5687
      5692
      5697
      5702
      5707
      5712
      5717
      5722
      5727
      5732
      5737
      5742
      5747
      5752
      5757
      5762
      5767
      5772
      5777
      5782
      5787
      5792
      5797
      5802
      5807
      5812
      5817
      5822
      5827
      5832
      5837
      5842
      5847
      5852
      5857
      5862
      5867
      5872
      5877
      5882
      5887
      5892
      5897
      5902
      5907
      5912
      5917
      5922
      5927
      5932
      5937
      5942
      5947
      5952
      5957
      5962
      5967
      5972
      5977
      5982
      5987
      5992
      5997
      6002
      6007
      6012
      6017
      6022
      6027
      6032
      6037
      6042
      6047
      6052
      6057
      6062
      6067
      6072
      6077
      6082
      6087
      6092
      6097
      6102
      6107
      6112
      6117
      6122
      6127
      6132
      6137
      6142
      6147
      6152
      6157
      6162
      6167
      6172
      6177
      6182
      6187
      6192
      6197
      6202
      6207
      6212
      6217
      6222
      6227
      6232
      6237
      6242
      6247
      6252
      6257
      6262
      6267
      6272
      6277
      6282
      6287
      6292
      6297
      6302
      6307
      6312
      6317
      6322
      6327
      6332
      6337
      6342
      6347
      6352
      6357
      6362
      6367
      6372
      6377
      6382
      6387
      6392
      6397
      6402
      6407
      6412
      6417
      6422
      6427
      6432
      6437
      6442
      6447
      6452
      6457
      6462
      6467
      6472
      6477
      6482
      6487
      6492
      6497
      6502
      6507
      6512
      6517
      6522
      6527
      6532
      6537
      6542
      6547
      6552
      6557
      6562
      6567
      6572
      6577
      6582
      6587
      6592
      6597
      6602
      6607
      6612
      6617
      6622
      6627
      6632
      6637
      6642
      6647
      6652
      6657
      6662
      6667
      6672
      6677
      6682
      6687
      6692
      6697
      6702
      6707
      6712
      6717
      6722
      6727
      6732
      6737
      6742
      6747
      6752
      6757
      6762
      6767
      6772
      6777
      6782
      6787
      6792
      6797
      6802
      6807
      6812
      6817
      6822
      6827
      6832
      6837
      6842
      6847
      6852
      6857
      6862
      6867
      6872
      6877
      6882
      6887
      6892
      6897
      6902
      6907
      6912
      6917
      6922
      6927
      6932
      6937
      6942
      6947
      6952
      6957
      6962
      6967
      6972
      6977
      6982
      6987
      6992
      6997
      7002
      7007
      7012
      7017
      7022
      7027
      7032
      7037
      7042
      7047
      7052
      7057
      7062
      7067
      7072
      7077
      7082
      7087
      7092
      7097
      7102
      7107
      7112
      7117
      7122
      7127
      7132
      7137
      7142
      7147
      7152
      7157
      7162
      7167
      7172
      7177
      7182
      7187
      7192
      7197
      7202
      7207
      7212
      7217
      7222
      7227
      7232
      7237
      7242
      7247
      7252
      7257
      7262
      7267
      7272
      7277
      7282
      7287
      7292
      7297
      7302
      7307
      7312
      7317
      7322
      7327
      7332
      7337
      7342
      7347
      7352
      7357
      7362
      7367
      7372
      7377
      7382
      7387
      7392
      7397
      7402
      7407
      7412
      7417
      7422
      7427
      7432
      7437
      7442
      7447
      7452
      7457
      7462
      7467
      7472
      7477
      7482
      7487
      7492
      7497
      7502
      7507
      7512
      7517
      7522
      7527
      7532
      7537
      7542
      7547
      7552
      7557
      7562
      7567
      7572
      7577
      7582
      7587
      7592
      7597
      7602
      7607
      7612
      7617
      7622
      7627
      7632
      7637
      7642
      7647
      7652
      7657
      7662
      7667
      7672
      7677
      7682
      7687
      7692
      7697
      7702
      7707
      7712
      7717
      7722
      7727
      7732
      7737
      7742
      7747
      7752
      7757
      7762
      7767
      7772
      7777
      7782
      7787
      7792
      7797
      7802
      7807
      7812
      7817
      7822
      7827
      7832
      7837
      7842
      7847
      7852
      7857
      7862
      7867
      7872
      7877
      7882
      7887
      7892
      7897
      7902
      7907
      7912
      7917
      7922
      7927
      7932
      7937
      7942
      7947
      7952
      7957
      7962
      7967
      7972
      7977
      7982
      7987
      7992
      7997
      8002
      8007
      8012
      8017
      8022
      8027
      8032
      8037
      8042
      8047
      8052
      8057
      8062
      8067
      8072
      8077
      8082
      8087
      8092
      8097
      8102
      8107
      8112
      8117
      8122
      8127
      8132
      8137
      8142
      8147
      8152
      8157
      8162
      8167
      8172
      8177
      8182
      8187
      8192
      8197
      8202
      8207
      8212
      8217
      8222
      8227
      8232
      8237
      8242
      8247
      8252
      8257
      8262
      8267
      8272
      8277
      8282
      8287
      8292
      8297
      8302
      8307
      8312
      8317
      8322
      8327
      8332
      8337
      8342
      8347
      8352
      8357
      8362
      8367
      8372
      8377
      8382
      8387
      8392
      8397
      8402
      8407
      8412
      8417
      8422
      8427
      8432
      8437
      8442
      8447
      8452
      8457
      8462
      8467
      8472
      8477
      8482
      8487
      8492
      8497
      8502
      8507
      8512
      8517
      8522
      8527
      8532
      8537
      8542
      8547
      8552
      8557
      8562
      8567
      8572
      8577
      8582
      8587
      8592
      8597
      8602
      8607
      8612
      8617
      8622
      8627
      8632
      8637
      8642
      8647
      8652
      8657
      8662
      8667
      8672
      8677
      8682
      8687
      8692
      8697
      8702
      8707
      8712
      8717
      8722
      8727
      8732
      8737
      8742
      8747
      8752
      8757
      8762
      8767
      8772
      8777
      8782
      8787
      8792
      8797
      8802
      8807
      8812
      8817
      8822
      8827
      8832
      8837
      8842
      8847
      8852
      8857
      8862
      8867
      8872
      8877
      8882
      8887
      8892
      8897
      8902
      8907
      8912
      8917
      8922
      8927
      8932
      8937
      8942
      8947
      8952
      8957
      8962
      8967
      8972
      8977
      8982
      8987
      8992
      8997
      9002
      9007
      9012
      9017
      9022
      9027
      9032
      9037
      9042
      9047
      9052
      9057
      9062
      9067
      9072
      9077
      9082
      9087
      9092
      9097
      9102
      9107
      9112
      9117
      9122
      9127
      9132
      9137
      9142
      9147
      9152
      9157
      9162
      9167
      9172
      9177
      9182
      9187
      9192
      9197
      9202
      9207
      9212
      9217
      9222
      9227
      9232
      9237
      9242
      9247
      9252
      9257
      9262
      9267
      9272
      9277
      9282
      9287
      9292
      9297
      9302
      9307
      9312
      9317
      9322
      9327
      9332
      9337
      9342
      9347
      9352
      9357
      9362
      9367
      9372
      9377
      9382
      9387
      9392
      9397
      9402
      9407
      9412
      9417
      9422
      9427
      9432
      9437
      9442
      9447
      9452
      9457
      9462
      9467
      9472
      9477
      9482
      9487
      9492
      9497
      9502
      9507
      9512
      9517
      9522
      9527
      9532
      9537
      9542
      9547
      9552
      9557
      9562
      9567
      9572
      9577
      9582
      9587
      9592
      9597
      9602
      9607
      9612
      9617
      9622
      9627
      9632
      9637
      9642
      9647
      9652
      9657
      9662
      9667
      9672
      9677
      9682
      9687
      9692
      9697
      9702
      9707
      9712
      9717
      9722
      9727
      9732
      9737
      9742
      9747
      9752
      9757
      9762
      9767
      9772
      9777
      9782
      9787
      9792
      9797
      9802
      9807
      9812
      9817
      9822
      9827
      9832
      9837
      9842
      9847
      9852
      9857
      9862
      9867
      9872
      9877
      9882
      9887
      9892
      9897
      9902
      9907
      9912
      9917
      9922
      9927
      9932
      9937
      9942
      9947
      9952
      9957
      9962
      9967
      9972
      9977
      9982
      9987
      9992
      9997
     10002
     10007
     10012
     10017
     10022
     10027
     10032
     10037
     10042
     10047
     10052
     10057
     10062
     10067
     10072
     10077
     10082
     10087
     10092
     10097
     10102
     10107
     10112
     10117
     10122
     10127
     10132
     10137
     10142
     10147
     10152
     10157
     10162
     10167
     10172
     10177
     10182
     10187
     10192
     10197
     10202
     10207
     10212
     10217
     10222
     10227
     10232
     10237
     10242
     10247
     10252
     10257
     10262
     10267
     10272
     10277
     10282
     10287
     10292
     10297
     10302
     10307
     10312
     10317
     10322
     10327
     10332
     10337
     10342
     10347
     10352
     10357
     10362
     10367
     10372
     10377
     10382
     10387
     10392
     10397
     10402
     10407
     10412
     10417
     10422
     10427
     10432
     10437
     10442
     10447
     10452
     10457
     10462
     10467
     10472
     10477
     10482
     10487
     10492
     10497
     10502
     10507
     10512
     10517
     10522
     10527
     10532
     10537
     10542
     10547
     10552
     10557
     10562
     10567
     10572
     10577
     10582
     10587
     10592
     10597
     10602
     10607
     10612
     10617
     10622
     10627
     10632
     10637
     10642
     10647
     10652
     10657
     10662
     10667
     10672
     10677
     10682
     10687
     10692
     10697
     10702
     10707
     10712
     10717
     10722
     10727
     10732
     10737
     10742
     10747
     10752
     10757
     10762
     10767
     10772
     10777
     10782
     10787
     10792
     10797
     10802
     10807
     10812
     10817
     10822
     10827
     10832
     10837
     10842
     10847
     10852
     10857
     10862
     10867
     10872
     10877
     10882
     10887
     10892
     10897
     10902
     10907
     10912
     10917
     10922
     10927
     10932
     10937
     10942
     10947
     10952
     10957
     10962
     10967
     10972
     10977
     10982
     10987
     10992
     10997
     11002
     11007
     11012
     11017
     11022
     11027
     11032
     11037
     11042
     11047
     11052
     11057
     11062
     11067
     11072
     11077
     11082
     11087
     11092
     11097
     11102
     11107
     11112
     11117
     11122
     11127
     11132
     11137
     11142
     11147
     11152
     11157
     11162
     11167
     11172
     11177
     11182
     11187
     11192
     11197
     11202
     11207
     11212
     11217
     11222
     11227
     11232
     11237
     11242
     11247
     11252
     11257
     11262
     11267
     11272
     11277
     11282
     11287
     11292
     11297
     11302
     11307
     11312
     11317
     11322
     11327
     11332
     11337
     11342
     11347
     11352
     11357
     11362
     11367
     11372
     11377
     11382
     11387
     11392
     11397
     11402
     11407
     11412
     11417
     11422
     11427
     11432
     11437
     11442
     11447
     11452
     11457
     11462
     11467
     11472
     11477
     11482
     11487
     11492
     11497
     11502
     11507
     11512
     11517
     11522
     11527
     11532
     11537
     11542
     11547
     11552
     11557
     11562
     11567
     11572
     11577
     11582
     11587
     11592
     11597
     11602
     11607
     11612
     11617
     11622
     11627
     11632
     11637
     11642
     11647
     11652
     11657
     11662
     11667
     11672
     11677
     11682
     11687
     11692
     11697
     11702
     11707
     11712
     11717
     11722
     11727
     11732
     11737
     11742
     11747
     11752
     11757
     11762
     11767
     11772
     11777
     11782
     11787
     11792
     11797
     11802
     11807
     11812
     11817
     11822
     11827
     11832
     11837
     11842
     11847
     11852
     11857
     11862
     11867
     11872
     11877
     11882
     11887
     11892
     11897
     11902
     11907
     11912
     11917
     11922
     11927
     11932
     11937
     11942
     11947
     11952
     11957
     11962
     11967
     11972
     11977
     11982
     11987
     11992
     11997
     12002
     12007
     12012
     12017
     12022
     12027
     12032
     12037
     12042
     12047
     12052
     12057
     12062
     12067
     12072
     12077
     12082
     12087
     12092
     12097
     12102
     12107
     12112
     12117
     12122
     12127
     12132
     12137
     12142
     12147
     12152
     12157
     12162
     12167
     12172
     12177
     12182
     12187
     12192
     12197
     12202
     12207
     12212
     12217
     12222
     12227
     12232
     12237
     12242
     12247
     12252
     12257
     12262
     12267
     12272
     12277
     12282
     12287
     12292
     12297
     12302
     12307
     12312
     12317
     12322
     12327
     12332
     12337
     12342
     12347
     12352
     12357
     12362
     12367
     12372
     12377
     12382
     12387
     12392
     12397
     12402
     12407
     12412
     12417
     12422
     12427
     12432
     12437
     12442
     12447
     12452
     12457
     12462
     12467
     12472
     12477
     12482
     12487
     12492
     12497
     12502
     12507
     12512
     12517
     12522
     12527
     12532
     12537
     12542
     12547
     12552
     12557
     12562
     12567
     12572
     12577
     12582
     12587
     12592
     12597
     12602
     12607
     12612
     12617
     12622
     12627
     12632
     12637
     12642
     12647
     12652
     12657
     12662
     12667
     12672
     12677
     12682
     12687
     12692
     12697
     12702
     12707
     12712
     12717
     12722
     12727
     12732
     12737
     12742
     12747
     12752
     12757
     12762
     12767
     12772
     12777
     12782
     12787
     12792
     12797
     12802
     12807
     12812
     12817
     12822
     12827
     12832
     12837
     12842
     12847
     12852
     12857
     12862
     12867
     12872
     12877
     12882
     12887
     12892
     12897
     12902
     12907
     12912
     12917
     12922
     12927
     12932
     12937
     12942
     12947
     12952
     12957
     12962
     12967
     12972
     12977
     12982
     12987
     12992
     12997
     13002
     13007
     13012
     13017
     13022
     13027
     13032
     13037
     13042
     13047
     13052
     13057
     13062
     13067
     13072
     13077
     13082
     13087
     13092
     13097
     13102
     13107
     13112
     13117
     13122
     13127
     13132
     13137
     13142
     13147
     13152
     13157
     13162
     13167
     13172
     13177
     13182
     13187
     13192
     13197
     13202
     13207
     13212
     13217
     13222
     13227
     13232
     13237
     13242
     13247
     13252
     13257
     13262
     13267
     13272
     13277
     13282
     13287
     13292
     13297
     13302
     13307
     13312
     13317
     13322
     13327
     13332
     13337
     13342
     13347
     13352
     13357
     13362
     13367
     13372
     13377
     13382
     13387
     13392
     13397
     13402
     13407
     13412
     13417
     13422
     13427
     13432
     13437
     13442
     13447
     13452
     13458
     13463
     13469
     13474
     13481
     13486
     13491
     13496
     13501
     13506
     13511
     13516
     13521
     13526
     13531
     13536
     13541
     13546
     13551
     13556
     13562
     13567
     13573
     13580
     13585
     13590
     13595
     13600
     13605
     13610
     13615
     13620
     13625
     13630
     13635
     13640
     13645
     13650
     13655
     13660
     13665
     13670
     13675
     13680
     13685
     13690
     13695
     13700
     13705
     13710
     13715
     13720
     13725
     13730
     13735
     13740
     13745
     13750
     13755
     13760
     13765
     13770
     13775
     13780
     13785
     13790
     13795
     13800
     13805
     13810
     13815
     13820
     13825
     13830
     13835
     13840
     13845
     13850
     13855
     13860
     13865
     13870
     13875
     13880
     13885
     13890
     13895
     13900
     13905
     13910
     13915
     13920
     13925
     13930
     13935
     13940
     13945
     13950
     13955
     13960
     13965
     13970
     13975
     13980
     13985
     13990
     13995
     14000
     14005
     14010
     14015
     14020
     14025
     14030
     14035
     14040
     14045
     14050
     14057
     14062
     14068
     14073
     14078
     14083
     14088
     14093
     14098
     14103
     14108
     14113
     14118
     14123
     14128
     14133
     14138
     14143
     14148
     14153
     14158
     14163
     14168
     14173
     14178
     14183
     14188
     14193
     14198
     14203
     14208
     14213
     14218
     14223
     14228
     14233
     14238
     14243
     14248
     14253
     14258
     14263
     14268
     14273
     14278
     14283
     14288
     14293
     14298
     14303
     14308
     14313
     14318
     14323
     14328
     14333
     14338
     14343
     14348
     14353
     14358
     14363
     14368
     14373
     14378
     14383
     14388
     14393
     14398
     14403
     14408
     14413
     14418
     14423
     14428
     14433
     14438
     14443
     14448
     14453
     14458
     14463
     14468
     14473
     14478
     14483
     14488
     14493
     14498
     14503
     14508
     14513
     14518
     14523
     14528
     14533
     14538
     14543
     14548
     14553
     14558
     14563
     14568
     14573
     14578
     14583
     14588
     14593
     14598
     14603
     14608
     14613
     14618
     14623
     14628
     14633
     14638
     14643
     14648
     14653
     14658
     14663
     14668
     14673
     14678
     14683
     14688
     14693
     14698
     14703
     14708
     14713
     14718
     14723
     14728
     14733
     14738
     14743
     14748
     14753
     14758
     14763
     14768
     14773
     14778
     14783
     14788
     14793
     14798
     14803
     14808
     14813
     14818
     14823
     14828
     14833
     14838
     14843
     14848
     14853
     14858
     14863
     14868
     14873
     14878
     14883
     14888
     14893
     14898
     14903
     14908
     14913
     14918
     14923
     14928
     14933
     14938
     14943
     14948
     14953
     14958
     14963
     14968
     14973
     14978
     14983
     14988
     14993
     14998
     15005
     15010
     15015
     15020
     15025
     15030
     15035
     15040
     15045
     15050
     15055
     15060
     15065
     15070
     15075
     15080
     15085
     15090
     15095
     15100
     15105
     15110
     15115
     15120
     15125
     15130
     15135
     15140
     15145
     15150
     15155
     15160
     15165
     15170
     15175
     15180
     15185
     15190
     15195
     15200
     15205
     15210
     15215
     15220
     15225
     15230
     15235
     15240
     15245
     15250
     15255
     15260
     15265
     15270
     15275
     15280
     15285
     15290
     15295
     15300
     15305
     15310
     15315
     15320
     15325
     15330
     15335
     15340
     15345
     15350
     15355
     15360
     15365
     15370
     15375
     15380
     15385
     15390
     15395
     15400
     15405
     15410
     15415
     15420
     15425
     15430
     15435
     15440
     15445
     15450
     15455
     15460
     15465
     15470
     15475
     15480
     15485
     15490
     15495
     15500
     15505
     15510
     15515
     15520
     15525
     15530
     15535
     15540
     15545
     15550
     15555
     15560
     15565
     15570
     15575
     15580
     15585
     15590
     15595
     15600
     15605
     15610
     15615
     15620
     15625
     15630
     15635
     15640
     15645
     15650
     15655
     15660
     15665
     15670
     15675
     15680
     15685
     15690
     15695
     15700
     15705
     15710
     15715
     15720
     15725
     15730
     15735
     15740
     15745
     15750
     15755
     15760
     15765
     15770
     15775
     15780
     15785
     15790
     15795
     15800
     15805
     15810
     15815
     15820
     15825
     15830
     15835
     15840
     15845
     15850
     15855
     15860
     15865
     15870
     15875
     15880
     15885
     15890
     15895
     15900
     15905
     15910
     15915
     15920
     15925
     15930
     15935
     15940
     15945
     15950
     15955
     15960
     15965
     15970
     15975
     15980
     15985
     15990
     15995
     16000
     16005
     16010
     16015
     16020
     16025
     16030
     16035
     16040
     16045
     16050
     16055
     16062
     16069
     16076
     16083
     16090
     16097
     16104
     16109
     16114
     16119
     16124
     16129
     16134
     16139
     16144
     16149
     16154
     16159
     16164
     16169
     16174
     16179
     16184
     16189
     16194
     16201
     16208
     16215
     16220
     16225
     16230
     16235
     16240
     16245
     16250
     16255
     16260
     16265
     16270
     16275
     16281
     16286
     16292
     16297
     16304
     16309
     16314
     16319
     16324
     16329
     16334
     16339
     16344
     16349
     16354
     16359
     16365
     16371
     16378
     16384
     16389
     16395
     16402
     16407
     16412
     16417
     16422
     16427
     16432
     16437
     16442
     16447
     16452
     16459
     16466
     16473
     16480
     16487
     16494
     16501
     16508
     16515
     16522
     16529
     16536
     16543
     16550
     16557
     16564
     16571
     16578
     16585
     16592
     16599
     16606
     16613
     16620
     16627
     16634
     16639
     16644
     16649
     16654
     16659
     16664
     16669
     16674
     16679
     16684
     16689
     16694
     16699
     16704
     16709
     16716
     16723
     16730
     16735
     16740
     16745
     16750
     16755
     16760
     16765
     16770
     16775
     16780
     16785
     16790
     16795
     16800
     16805
     16810
     16815
     16820
     16825
     16832
     16838
     16845
     16852
     16859
     16864
     16869
     16874
     16879
     16884
     16889
     16896
     16903
     16910
     16916
     16921
     16927
     16932
     16939
     16945
     16950
     16956
     16961
     16968
     16974
     16979
     16985
     16990
     16997
     17003
     17008
     17014
     17019
     17026
     17033
     17040
     17047
     17053
     17058
     17063
     17068
     17073
     17078
     17083
     17088
     17093
     17098
     17103
     17108
     17113
     17120
     17126
     17131
     17136
     17141
     17148
     17155
     17162
     17169
     17176
     17183
     17190
     17197
     17204
     17211
     17218
     17225
     17232
     17239
     17246
     17253
     17260
     17267
     17274
     17281
     17288
     17295
     17302
     17309
     17316
     17323
     17330
     17337
     17344
     17351
     17358
     17365
     17372
     17379
     17386
     17393
     17400
     17407
     17414
     17421
     17428
     17435
     17442
     17449
     17456
     17463
     17470
     17477
     17484
     17491
     17498
     17505
     17512
     17519
     17526
     17533
     17540
     17547
     17554
     17561
     17568
     17575
     17582
     17589
     17594
     17599
     17604
     17609
     17614
     17619
     17624
     17629
     17634
     17639
     17645
     17652
     17657
     17662
     17667
     17673
     17680
     17687
     17694
     17701
     17706
     17711
     17716
     17721
     17728
     17735
     17742
     17749
     17756
     17763
     17770
     17777
     17784
     17791
     17798
     17805
     17811
     17817
     17824
     17831
     17838
     17843
     17848
     17853
     17858
     17865
     17872
     17879
     17886
     17893
     17900
     17905
     17912
     17919
     17926
     17933
     17940
     17947
     17954
     17961
     17968
     17975
     17981
     17988
     17994
     18001
     18008
     18015
     18022
     18029
     18036
     18043
     18050
     18057
     18064
     18071
     18078
     18085
     18092
     18099
     18106
     18111
     18118
     18125
     18130
     18135
     18142
     18149
     18156
     18163
     18170
     18177
     18182
     18187
     18192
     18197
     18202
     18207
     18214
     18219
     18224
     18231
     18238
     18245
     18252
     18259
     18264
     18271
     18276
     18283
     18290
     18297
     18304
     18311
     18318
     18325
     18332
     18339
     18344
     18351
     18358
     18365
     18370
     18377
     18384
     18391
     18398
     18405
     18412
     18419
     18424
     18429
     18434
     18441
     18446
     18451
     18458
     18465
     18472
     18479
     18486
     18493
     18500
     18507
     18514
     18521
     18528
     18535
     18542
     18549
     18556
     18563
     18570
     18575
     18580
     18585
     18590
     18595
     18600
     18605
     18610
     18615
     18620
     18625
     18630
     18635
     18640
     18645
     18650
     18655
     18660
     18665
     18670
     18675
     18680
     18685
     18690
     18695
     18700
     18705
     18710
     18715
     18720
     18725
     18730
     18735
     18740
     18745
     18750
     18755
     18760
     18765
     18770
     18775
     18780
     18785
     18790
     18795
     18800
     18805
     18810
     18816
     18821
     18827
     18832
     18839
     18844
     18849
     18854
     18859
     18864
     18869
     18875
     18881
     18888
     18893
     18898
     18903
     18908
     18913
     18918
     18923
     18928
     18933
     18938
     18943
     18948
     18953
     18960
     18967
     18974
     18981
     18988
     18995
     19002
     19009
     19016
     19023
     19030
     19037
     19044
     19051
     19058
     19065
     19072
     19079
     19086
     19093
     19100
     19107
     19114
     19121
     19128
     19135
     19142
     19149
     19156
     19163
     19170
     19177
     19184
     19191
     19198
     19205
     19210
     19215
     19220
     19225
     19230
     19235
     19240
     19245
     19250
     19255
     19260
     19265
     19270
     19275
     19280
     19285
     19290
     19295
     19300
     19305
     19310
     19315
     19322
     19327
     19333
     19339
     19344
     19350
     19357
     19364
     19370
     19375
     19381
     19386
     19393
     19399
     19404
     19410
     19415
     19422
     19427
     19432
     19437
     19442
     19447
     19452
     19457
     19462
     19467
     19474
     19481
     19488
     19495
     19502
     19509
     19516
     19523
     19530
     19537
     19544
     19551
     19558
     19565
     19572
     19579
     19586
     19593
     19600
     19607
     19614
     19621
     19627
     19633
     19640
     19647
     19654
     19659
     19664
     19671
     19678
     19685
     19692
     19699
     19706
     19713
     19720
     19727
     19734
     19741
     19748
     19753
     19760
     19765
     19770
     19775
     19782
     19787
     19794
     19801
     19807
     19814
     19821
     19826
     19831
     19838
     19845
     19850
     19855
     19862
     19869
     19876
     19883
     19890
     19897
     19904
     19911
     19918
     19923
     19928
     19933
     19938
     19945
     19950
     19957
     19964
     19971
     19978
     19985
     19992
     19999
     20006
     20013
     20020
     20027
     20034
     20041
     20048
     20055
     20062
     20069
     20076
     20083
     20090
     20097
     20104
     20111
     20118
     20125
     20130
     20135
     20140
     20145
     20150
     20155
     20160
     20165
     20170
     20175
     20180
     20185
     20190
     20195
     20200
     20205
     20210
     20215
     20220
     20225
     20230
     20237
     20244
     20251
     20258
     20265
     20272
     20279
     20286
     20291
     20296
     20301
     20306
     20311
     20316
     20321
     20326
     20331
     20336
     20341
     20346
     20351
     20356
     20361
     20366
     20371
     20376
     20381
     20386
     20391
     20396
     20401
     20407
     20413
     20420
     20425
     20431
     20437
     20444
     20451
     20458
     20465
     20472
     20479
     20486
     20493
     20500
     20507
     20514
     20521
     20528
     20535
     20542
     20549
     20556
     20563
     20570
     20577
     20584
     20591
     20598
     20605
     20612
     20619
     20626
     20633
     20640
     20647
     20654
     20661
     20668
     20675
     20682
     20689
     20696
     20703
     20710
     20715
     20720
     20725
     20730
     20735
     20742
     20749
     20756
     20761
     20768
     20774
     20779
     20784
     20789
     20794
     20801
     20808
     20815
     20822
     20828
     20833
     20839
     20844
     20851
     20856
     20861
     20866
     20871
     20878
     20885
     20892
     20899
     20906
     20913
     20920
     20927
     20934
     20941
     20948
     20955
     20962
     20969
     20976
     20983
     20990
     20997
     21004
     21011
     21018
     21025
     21032
     21039
     21046
     21053
     21060
     21067
     21074
     21081
     21088
     21095
     21102
     21109
     21116
     21123
     21130
     21137
     21144
     21151
     21158
     21165
     21172
     21179
     21184
     21189
     21195
     21202
     21209
     21216
     21223
     21230
     21237
     21244
     21251
     21258
     21263
     21268
     21275
     21282
     21289
     21296
     21303
     21310
     21317
     21324
     21331
     21338
     21344
     21351
     21358
     21365
     21372
     21379
     21386
     21393
     21400
     21405
     21410
     21417
     21424
     21431
     21438
     21445
     21452
     21459
     21466
     21473
     21480
     21487
     21494
     21501
     21508
     21515
     21522
     21529
     21536
     21543
     21550
     21557
     21564
     21569
     21576
     21581
     21586
     21593
     21600
     21607
     21614
     21621
     21628
     21635
     21642
     21649
     21656
     21663
     21670
     21677
     21684
     21689
     21694
     21701
     21708
     21715
     21722
     21729
     21736
     21741
     21747
     21752
     21757
     21762
     21767
     21772
     21777
     21782
     21787
     21792
     21797
     21802
     21809
     21816
     21823
     21830
     21837
     21844
     21851
     21858
     21865
     21872
     21877
     21882
     21887
     21892
     21897
     21902
     21907
     21912
     21917
     21922
     21927
     21932
     21937
     21942
     21947
     21954
     21961
     21967
     21973
     21979
     21985
     21991
     21997
     22003
     22009
     22014
     22021
     22026
     22031
     22038
     22043
     22048
     22053
     22058
     22063
     22068
     22073
     22078
     22083
     22088
     22093
     22098
     22103
     22108
     22113
     22118
     22123
     22128
     22133
     22138
     22143
     22148
     22153
     22158
     22163
     22168
     22173
     22178
     22183
     22190
     22197
     22204
     22209
     22216
     22223
     22230
     22237
     22244
     22251
     22258
     22261
     22265
     22268
     22272
     22276
     22280
     22284
     22288
     22292
     22296
     22300
     22304
     22307
     22310
     22313
     22316
     22319
     22322
     22325
     22328
     22331
     22334
     22337
     22340
     22343
     22346
     22349
     22352
     22355
     22358
     22361
     22364
     22367
     22370
     22373
     22376
     22379
     22382
     22385
     22388
     22391
     22394
     22397
     22400
     22403
     22406
     22409
     22412
     22415
     22418
     22421
     22424
     22427
     22430
     22433
     22436
     22439
     22442
     22445
     22448
     22451
     22454
     22457
     22460
     22464
     22467
     22470
     22473
     22476
     22479
     22483
     22487
     22491
     22495
     22499
     22503
     22507
     22511
     22515
     22518
     22521
     22524
     22527
     22530
     22533
     22536
     22539
     22542
     22545
     22548
     22551
     22554
     22557
     22560
     22563
     22566
     22569
     22572
     22575
     22579
     22583
     22587
     22591
     22595
     22598
     22601
     22604
     22607
     22610
     22613
     22616
     22619
     22622
     22625
     22628
     22631
     22634
     22637
     22640
     22643
     22646
     22649
     22652
     22655
     22658
     22661
     22664
     22667
     22670
     22673
     22676
     22679
     22682
