 0.29337302E-16
 0.37215669E-17
-0.21514019E-17
-0.65577195E-16
-0.47589585E-16
-0.24050276E-21
 0.95340958E-22
-0.74329933E-22
 0.19001287E-22
-0.50031532E-16
-0.79592607E-16
-0.10513893E-15
 0.85533986E-17
-0.19301721E-16
 0.10353660E-15
 0.45231712E-16
-0.87362218E-18
 0.63363947E-16
 0.70131412E-16
-0.48957850E-16
 0.44093912E-16
-0.68921623E-16
 0.14086847E-16
-0.40543133E-16
 0.10968918E-15
-0.21669937E-16
 0.96536625E-16
 0.23662065E-16
 0.36402716E-16
 0.54166011E-17
 0.92928900E-16
 0.68679628E-18
-0.48176984E-16
 0.66494402E-16
 0.82442909E-17
 0.28083974E-16
-0.81528989E-22
-0.13891471E-21
-0.74472105E-22
-0.67373698E-22
 0.27406915E-16
 0.12374522E-16
-0.55932536E-16
 0.59627231E-17
 0.39677117E-16
-0.56146238E-21
-0.51228112E-21
-0.29454092E-21
 0.22618799E-16
-0.33199467E-16
 0.62017221E-17
-0.59171059E-16
-0.90972825E-17
 0.87269623E-18
-0.16558408E-16
-0.49264188E-16
-0.77082841E-17
-0.68072513E-16
 0.30161158E-16
-0.36702026E-16
-0.76602979E-16
-0.11082915E-15
-0.14442505E-17
-0.74263922E-16
-0.51916967E-16
 0.52904740E-16
-0.16283453E-16
-0.30260073E-16
 0.22924294E-16
-0.65195493E-16
-0.75454382E-22
 0.51705989E-16
-0.10863281E-15
 0.79819851E-16
-0.93033165E-16
-0.48630940E-16
-0.35892742E-16
-0.18490182E-16
-0.14377337E-16
-0.36350108E-16
 0.29850668E-16
 0.13671745E-21
 0.15017206E-21
-0.35170531E-21
-0.20130010E-16
 0.45334214E-17
 0.41252275E-16
-0.28637698E-16
 0.79152205E-16
 0.49129237E-16
 0.99315312E-17
-0.40668280E-16
 0.77153702E-16
-0.30912996E-16
-0.65330655E-16
-0.46668599E-17
 0.28818669E-16
-0.67625638E-16
 0.40223815E-16
-0.38431842E-16
 0.50170911E-16
 0.11552329E-15
 0.23091884E-16
-0.44599224E-16
-0.38785395E-16
-0.12349568E-16
-0.12965033E-15
 0.39200385E-16
 0.13742626E-16
 0.67872858E-16
 0.98358836E-16
 0.87421512E-16
 0.28872820E-16
 0.39677875E-16
-0.17682397E-17
-0.68349157E-16
 0.40971414E-17
 0.11365966E-16
-0.61096718E-16
-0.32012021E-16
-0.33047290E-17
 0.26129684E-17
 0.20002372E-16
 0.82050169E-17
-0.88622564E-16
 0.28516146E-17
 0.19482479E-16
 0.14304278E-15
-0.56223344E-16
 0.50367112E-16
-0.28468521E-17
 0.22241258E-16
 0.13346849E-16
-0.94474559E-17
 0.53030138E-16
-0.79572812E-16
-0.69047956E-16
-0.99739890E-17
-0.51603601E-16
 0.62564500E-16
 0.38753538E-16
-0.46783738E-16
-0.76695841E-16
 0.27224592E-17
-0.13223258E-21
 0.47369984E-22
 0.50923306E-23
-0.44929914E-22
 0.19141476E-21
-0.23964492E-21
 0.11495226E-21
-0.72576069E-22
-0.10430231E-22
 0.95048306E-22
 0.11195373E-21
-0.41044355E-21
-0.48620125E-21
 0.86716498E-22
-0.43627315E-21
 0.45988920E-21
-0.40738645E-21
 0.44636995E-21
-0.24073541E-21
-0.84594131E-23
 0.38787016E-22
-0.55018167E-21
 0.85819989E-23
-0.12673991E-21
 0.13669160E-21
-0.73927993E-23
 0.21677302E-21
 0.13951262E-22
-0.22097355E-21
-0.20610102E-22
-0.13087548E-21
-0.78444363E-22
 0.39221286E-21
 0.32837632E-21
-0.72778969E-22
 0.20446192E-22
-0.20603260E-21
-0.25493965E-21
-0.28036224E-21
-0.18319501E-16
-0.34975860E-16
-0.11219644E-15
 0.76221559E-16
-0.77740278E-16
-0.69788814E-16
-0.38672577E-16
 0.51703418E-16
-0.21846205E-16
-0.33459449E-16
 0.18243754E-16
 0.68773332E-16
-0.13182203E-16
 0.10011599E-15
 0.44745333E-16
-0.12402436E-15
-0.42971448E-17
 0.17122870E-17
-0.79598409E-17
-0.12075147E-15
 0.15203460E-17
-0.68250080E-16
-0.69921778E-16
 0.18465266E-16
-0.39504673E-16
-0.85741068E-16
-0.12832066E-15
 0.96977255E-16
-0.63252463E-16
-0.66659760E-16
 0.13829867E-16
-0.25817463E-16
 0.50809821E-16
-0.40521933E-17
-0.13676987E-15
 0.72152175E-16
-0.23601308E-16
-0.51738039E-16
 0.22243342E-16
 0.95203236E-16
 0.18949982E-16
-0.87247147E-16
 0.27748514E-16
 0.19539495E-16
 0.69043351E-16
-0.26095435E-16
 0.11544076E-16
-0.23583695E-21
-0.21615263E-21
 0.38661211E-16
 0.13900801E-16
 0.39045848E-18
 0.14663518E-16
 0.88721657E-16
 0.39726691E-16
-0.14599972E-16
 0.51070003E-16
 0.56295228E-16
-0.77459832E-16
-0.78465836E-22
-0.37420604E-16
-0.19620800E-16
-0.35532293E-16
 0.43571648E-16
-0.50578133E-16
 0.42435658E-21
-0.35838256E-16
 0.18715313E-16
-0.29949548E-17
 0.65924081E-17
 0.25943930E-22
 0.20672393E-22
-0.43963394E-17
-0.67709655E-18
 0.24318409E-16
-0.28943310E-16
 0.39156662E-21
-0.10089197E-16
 0.75007688E-16
 0.21571934E-16
 0.42995450E-16
 0.27384848E-21
-0.46772494E-16
 0.13797325E-15
 0.27387420E-16
 0.48520940E-16
-0.55215598E-21
 0.33832976E-16
-0.10058637E-15
-0.45142350E-16
-0.46495176E-17
 0.35310272E-22
 0.54841373E-16
-0.26058477E-17
-0.10222550E-15
 0.11197963E-16
-0.45301549E-16
 0.10709340E-16
-0.31439441E-22
 0.78324503E-22
 0.80908604E-22
-0.73102523E-22
 0.20731150E-21
 0.73360581E-22
 0.74653038E-22
-0.14362425E-21
 0.41281482E-22
 0.12826755E-21
-0.28987807E-22
-0.40971290E-22
 0.92991095E-21
 0.54358044E-21
-0.71383102E-22
-0.14509424E-21
 0.23828528E-21
 0.18805434E-22
 0.37981807E-21
 0.91506855E-23
 0.13499279E-21
 0.64287443E-22
-0.45655781E-22
-0.11477131E-22
-0.20784935E-21
 0.23950756E-21
-0.44548149E-21
 0.27008739E-21
 0.77365743E-22
-0.50998270E-21
-0.22672812E-21
-0.14599738E-21
 0.95464387E-22
 0.23813308E-16
-0.22184024E-16
-0.45965693E-16
 0.37159118E-22
-0.12536956E-22
 0.71839043E-17
 0.95943167E-17
-0.21175652E-17
-0.75048871E-16
 0.66274547E-16
-0.14164176E-21
 0.14338288E-21
 0.12150645E-21
 0.26680972E-21
 0.16137191E-22
 0.39776398E-16
 0.58298856E-16
 0.40423803E-16
-0.11070232E-21
-0.94994911E-22
-0.29080568E-22
-0.90321032E-16
 0.38245793E-17
-0.23821101E-16
-0.79314721E-16
 0.93687487E-16
 0.54050646E-16
-0.29411015E-16
 0.13018478E-16
 0.48920950E-16
-0.76829790E-16
 0.60047952E-16
 0.28481569E-17
-0.14778553E-15
-0.35052292E-17
 0.37896746E-16
-0.60635845E-17
 0.11326147E-15
-0.21883948E-22
-0.42222909E-22
-0.20091455E-21
 0.92566680E-22
 0.16784012E-21
 0.11764059E-21
-0.77018270E-22
-0.68735427E-16
 0.92083137E-16
 0.20986810E-16
-0.19217279E-16
-0.68530087E-17
-0.35705227E-16
 0.16602120E-16
 0.35657947E-21
 0.73344525E-21
 0.43677429E-21
 0.18141105E-21
-0.71537275E-22
 0.15562372E-21
 0.24681002E-21
-0.26023316E-21
-0.68599574E-21
-0.97736559E-22
-0.56122254E-16
-0.30437504E-16
-0.77847457E-16
-0.33445239E-21
-0.20860461E-21
 0.17874856E-22
-0.19653294E-21
-0.77496484E-22
-0.13333117E-21
-0.17292383E-16
 0.22640184E-16
 0.21005915E-16
 0.97793762E-16
 0.34132543E-16
-0.49247804E-16
 0.57004811E-16
 0.24273874E-21
 0.26980496E-21
 0.49045235E-22
 0.77534075E-22
-0.12003166E-21
-0.17002439E-21
-0.10323241E-16
 0.24582858E-16
-0.78944734E-16
 0.51092596E-16
 0.10196108E-15
-0.34206768E-16
 0.14056488E-16
 0.53468113E-16
 0.50406319E-24
 0.13013877E-21
-0.20950934E-22
-0.91532705E-22
 0.43414057E-22
-0.68386222E-21
 0.61885325E-16
 0.21017731E-16
-0.19487634E-16
-0.28463355E-16
 0.53150447E-16
-0.20837874E-16
-0.28387928E-16
 0.29125620E-17
-0.95615072E-17
-0.23112619E-16
-0.19549148E-16
 0.45314314E-16
 0.50739089E-16
 0.20171575E-21
 0.36408872E-22
 0.15492469E-16
-0.34149210E-16
 0.89966044E-17
-0.96329260E-16
-0.18908081E-16
-0.36688740E-16
-0.11270992E-15
 0.60622607E-17
 0.56531051E-17
-0.61139396E-16
-0.47323778E-21
-0.38513012E-21
 0.80921528E-22
-0.99067276E-16
-0.22245514E-16
-0.11673645E-16
-0.69342840E-18
-0.75594616E-16
 0.80919027E-16
-0.51945563E-16
 0.23065162E-16
-0.72946872E-16
-0.29092619E-16
-0.98046254E-16
 0.29605796E-16
 0.63522120E-16
-0.98975417E-16
-0.11606291E-21
-0.24013885E-21
 0.67747688E-21
-0.21446731E-22
-0.65162445E-21
-0.18402184E-21
 0.70965070E-17
 0.55358438E-16
-0.39132266E-16
-0.37003114E-16
-0.59781350E-16
-0.87561796E-16
 0.19912281E-16
-0.26577055E-21
 0.48467614E-23
 0.21148964E-21
 0.23387480E-21
 0.36288696E-22
 0.10053085E-15
 0.57592423E-17
 0.33676161E-16
-0.12860725E-15
-0.65774018E-16
-0.47568067E-16
-0.19500889E-16
-0.14213393E-15
-0.49032861E-16
 0.19634709E-16
 0.53497040E-17
-0.70613018E-17
 0.10251233E-15
 0.13239021E-15
-0.37973613E-16
-0.11441095E-15
-0.49230838E-16
-0.51089656E-16
 0.43959226E-18
-0.36560091E-21
-0.66691437E-22
 0.40874354E-21
 0.24843853E-21
 0.25492886E-16
-0.65335895E-16
-0.60992533E-22
 0.18367062E-21
 0.29737751E-21
 0.40583549E-22
 0.17308754E-21
 0.14767759E-21
 0.20861753E-22
 0.17490993E-21
 0.17779213E-21
 0.14619140E-16
 0.39479780E-21
 0.37628963E-21
-0.10068095E-21
-0.27797608E-21
-0.21638752E-21
-0.12408807E-21
 0.11877797E-21
-0.70465126E-16
 0.68917184E-17
-0.12135875E-16
 0.33766693E-16
 0.84010450E-16
-0.98938688E-17
-0.28647781E-16
 0.66906486E-16
-0.14116902E-16
 0.52978072E-16
-0.99214940E-16
 0.49444235E-16
-0.77582664E-17
-0.30408040E-16
-0.73972898E-17
 0.50162633E-16
 0.55605249E-16
 0.20315014E-16
 0.55706403E-16
-0.87293199E-17
-0.20506138E-16
 0.62568664E-16
-0.10655324E-16
-0.59920393E-16
-0.93557736E-16
 0.80002392E-16
 0.52947410E-17
-0.13373377E-15
 0.10088743E-15
 0.26358908E-16
-0.14553672E-15
-0.10364297E-15
 0.29406570E-16
 0.65527922E-16
-0.40493076E-22
 0.15007741E-21
-0.86892738E-22
 0.26381344E-21
 0.89348431E-22
 0.81138677E-22
-0.14695381E-22
 0.26892930E-21
 0.14147373E-21
 0.19673507E-21
 0.16981759E-21
 0.14398500E-22
 0.52507864E-16
 0.11010539E-18
-0.30437302E-16
-0.91193626E-16
 0.17331325E-16
-0.15398564E-21
-0.26662558E-21
 0.68345606E-16
-0.97762882E-17
-0.80820247E-17
 0.38216380E-16
 0.10510705E-16
 0.57766671E-16
 0.54758915E-16
 0.56820503E-16
 0.10321600E-15
 0.16142547E-16
-0.25615908E-16
 0.32411379E-16
 0.39928033E-16
-0.14560279E-16
-0.71655821E-17
 0.35785593E-16
 0.39124973E-16
-0.37053086E-16
 0.18427423E-16
-0.37809199E-16
-0.29797103E-16
-0.49820169E-16
 0.16598757E-16
-0.52004598E-17
-0.27810016E-16
-0.32917255E-16
 0.48744368E-17
 0.96663809E-22
 0.28208331E-16
 0.71768777E-17
 0.62906078E-16
-0.91899460E-16
-0.53275332E-16
 0.19645540E-23
-0.74678900E-22
 0.43574113E-21
-0.31529349E-16
 0.84837081E-17
 0.93415031E-17
-0.43906357E-16
-0.80164773E-17
-0.38832079E-16
-0.25103888E-16
-0.66471679E-16
 0.19764047E-16
-0.14282573E-16
 0.17322161E-16
-0.22663409E-16
-0.21031560E-17
-0.16737966E-16
-0.18017106E-16
 0.45723016E-16
 0.12036522E-16
 0.26883032E-16
-0.34409917E-16
 0.33180467E-16
 0.25030740E-16
 0.85242253E-17
 0.45936841E-16
 0.64380603E-16
 0.84295303E-17
-0.12269415E-21
-0.33027164E-22
-0.36308059E-21
 0.25127941E-21
 0.55317703E-23
 0.10306764E-22
-0.76229863E-22
-0.19887426E-22
 0.12542126E-21
 0.21124726E-21
 0.15300256E-21
 0.63986287E-21
 0.30205017E-22
 0.29732683E-21
 0.17184677E-21
-0.25021765E-21
 0.84902335E-22
-0.73101781E-21
 0.60177390E-22
-0.33920238E-22
-0.20421021E-22
 0.79716864E-21
-0.15607864E-21
 0.23344774E-21
 0.17753364E-21
 0.35717322E-21
-0.28089244E-21
 0.88768964E-22
-0.28830251E-16
 0.52412457E-16
 0.45654404E-16
 0.18777121E-16
 0.21518328E-21
-0.23949464E-22
 0.10625609E-21
 0.17780404E-16
-0.15642761E-16
-0.31028274E-18
 0.90619402E-16
 0.76515940E-17
-0.47867646E-16
 0.65697873E-16
 0.75059372E-16
 0.93341768E-16
-0.37974817E-16
 0.37108018E-16
-0.11312031E-15
 0.48221399E-16
-0.21575461E-16
-0.32518944E-16
 0.50458153E-16
-0.35263463E-16
 0.59657503E-16
-0.13246798E-21
-0.59771459E-22
 0.22553596E-22
-0.17627173E-16
-0.19933288E-16
-0.24536171E-16
 0.50012608E-16
-0.11785374E-16
 0.25149176E-17
-0.62787568E-17
-0.15355065E-16
 0.19124932E-16
 0.71338461E-16
 0.30260567E-16
-0.60668551E-16
 0.16786915E-16
-0.60665623E-16
-0.29208450E-16
 0.11251352E-17
-0.12098239E-16
 0.75075237E-16
-0.13095489E-16
 0.81758085E-17
 0.34845721E-16
 0.87915537E-16
-0.14252905E-16
 0.18870942E-18
-0.88718669E-16
 0.91800530E-16
 0.13778012E-16
-0.26796613E-16
-0.36418312E-16
 0.91029514E-16
 0.21853557E-16
-0.51334566E-16
-0.28364421E-16
 0.33918481E-16
 0.56771064E-16
-0.16096478E-16
 0.28708088E-16
-0.76584906E-16
 0.13357577E-15
-0.29897999E-16
-0.71939825E-16
-0.23157357E-16
 0.11040859E-16
 0.66087751E-16
 0.67059301E-16
 0.33166552E-16
 0.62532453E-16
 0.75389758E-22
-0.35275720E-22
 0.99484884E-17
-0.30995621E-16
-0.41178958E-16
-0.21592397E-16
 0.28931559E-16
-0.98994276E-17
 0.41111716E-16
 0.26120192E-17
-0.23864639E-16
-0.12552231E-21
 0.12321114E-21
 0.49592063E-22
-0.68241668E-22
 0.14734155E-21
 0.24613793E-21
-0.17374341E-21
 0.66995432E-16
-0.53733518E-17
 0.78634095E-16
-0.19581238E-16
 0.16106757E-21
-0.89091441E-17
-0.10115530E-16
-0.49369152E-16
 0.62631728E-16
 0.27108285E-16
 0.14111083E-16
-0.26124618E-16
 0.59985996E-16
 0.13043238E-16
 0.19705147E-16
 0.18125595E-21
 0.11397756E-16
-0.44863686E-17
-0.86944342E-17
 0.15945783E-16
-0.99248749E-22
-0.50607051E-16
 0.37033953E-16
 0.26869939E-16
-0.41190932E-16
-0.70204370E-21
 0.48801484E-17
 0.22923284E-16
-0.21978770E-16
 0.25794572E-16
-0.14159512E-17
-0.47747735E-16
-0.14091943E-21
-0.41284251E-21
-0.18074541E-16
 0.66591512E-16
-0.18324411E-16
 0.17370740E-16
-0.89757502E-22
-0.25051504E-21
-0.17706835E-22
 0.22921271E-21
 0.43799732E-21
-0.54606845E-22
 0.71572238E-22
-0.10064428E-21
-0.17771458E-22
 0.46183170E-21
 0.52691087E-21
 0.29384299E-21
 0.93818161E-21
 0.36696562E-21
 0.92411584E-22
-0.26309513E-21
-0.63229197E-21
-0.19661049E-21
-0.47824672E-22
-0.33455578E-21
-0.53936567E-21
-0.35881544E-21
 0.36572800E-21
 0.18404450E-21
-0.21514451E-21
 0.24609916E-21
 0.38194891E-16
-0.58232623E-17
 0.85134070E-17
 0.36257001E-16
-0.35124542E-16
-0.18328913E-16
-0.27497427E-16
 0.89863497E-17
-0.58870639E-16
-0.17246716E-21
-0.64667868E-22
 0.25909037E-21
 0.18029952E-21
 0.41684733E-21
-0.13526924E-21
 0.17459505E-22
-0.27490534E-22
-0.17505705E-21
 0.87685676E-16
 0.99583843E-17
 0.42052577E-16
-0.78071945E-17
 0.10424561E-16
-0.36886315E-16
 0.13193638E-16
-0.81824013E-16
 0.24822491E-16
-0.27521850E-21
-0.14165468E-22
 0.57734622E-22
 0.38514536E-16
 0.10746390E-16
-0.57023828E-17
 0.65785863E-16
-0.14457566E-21
-0.26443930E-22
-0.44241238E-22
-0.88536360E-21
-0.33546719E-21
 0.22067628E-21
 0.17066102E-21
-0.37849984E-21
-0.32845533E-21
 0.10019486E-16
 0.37294036E-16
 0.31460028E-16
 0.22264493E-16
 0.21339385E-16
 0.13729906E-21
-0.12489135E-21
 0.72417078E-22
-0.79562832E-16
-0.41516301E-16
-0.10250651E-15
-0.55621961E-16
 0.24663172E-17
-0.87787180E-16
-0.37740304E-17
-0.24674058E-16
 0.13734418E-16
-0.22324008E-16
-0.71675760E-17
-0.14294635E-16
-0.13978060E-21
-0.26125983E-21
-0.79786066E-21
 0.18077774E-21
 0.29341647E-21
 0.10319342E-16
-0.33822454E-21
 0.99023133E-23
 0.61409662E-22
-0.28872481E-21
 0.57134102E-16
 0.70266702E-16
 0.17798470E-16
 0.50416349E-16
 0.96410252E-16
-0.20748518E-16
-0.65089650E-16
 0.12168545E-15
-0.13018094E-16
-0.10010055E-15
-0.67388078E-21
 0.55140297E-22
 0.31555177E-21
 0.11058153E-15
-0.40371842E-16
 0.14780614E-16
 0.44071546E-17
-0.16778590E-15
 0.14855647E-21
 0.17369500E-21
 0.72675572E-22
 0.66692721E-22
-0.25204452E-21
-0.47556423E-21
 0.31949377E-16
 0.12093338E-15
-0.43149249E-16
 0.15285226E-16
 0.33350315E-16
 0.91379605E-16
-0.10227238E-17
 0.72446031E-17
-0.80217840E-17
 0.56739420E-23
 0.12765723E-21
 0.40777665E-21
-0.31612447E-22
 0.50070276E-22
 0.15509636E-23
 0.33259123E-21
-0.23645483E-21
 0.83437416E-16
-0.24375610E-16
-0.66513233E-16
-0.78242982E-17
-0.47819040E-16
-0.39018388E-16
-0.41070273E-16
-0.25359924E-16
 0.62734995E-16
-0.25884544E-16
-0.36245769E-16
 0.28940283E-16
 0.18126043E-16
-0.87834363E-16
-0.80924409E-17
-0.12134427E-15
 0.37060310E-16
-0.14496845E-21
 0.65532630E-23
-0.47564632E-17
-0.31350145E-21
-0.39885615E-21
 0.80581859E-17
 0.16346889E-16
 0.13699103E-17
-0.30749623E-16
-0.44717906E-16
 0.32015798E-16
 0.61302005E-16
-0.34043652E-22
-0.27696333E-21
 0.10804204E-16
-0.24976698E-21
 0.75984294E-22
 0.72391228E-22
-0.10417306E-22
 0.37840396E-16
-0.12506804E-16
 0.84336340E-16
 0.24562015E-16
-0.43700565E-17
-0.36201526E-16
 0.10105981E-15
-0.28136890E-21
-0.35221407E-21
 0.51219503E-22
 0.74396088E-22
-0.11524680E-22
-0.20093042E-21
-0.29564505E-21
 0.74462959E-22
-0.54295326E-22
-0.27333923E-21
 0.30462509E-21
 0.35956507E-22
 0.16531550E-21
-0.59967173E-22
 0.15663466E-21
-0.16651187E-21
-0.38088370E-21
-0.35291486E-21
-0.90929392E-21
 0.96506966E-16
-0.63501012E-16
 0.37003858E-16
 0.61886352E-16
-0.48934668E-16
-0.39722205E-16
-0.10897598E-17
-0.45540835E-16
-0.38592778E-17
-0.59445737E-16
-0.25760495E-16
 0.12679483E-16
 0.14076801E-17
-0.99835529E-17
 0.72397944E-16
 0.67572142E-16
 0.27067922E-16
 0.10350775E-15
-0.12328497E-15
-0.23422474E-16
-0.71033643E-17
 0.81605580E-16
-0.33929811E-16
 0.54443017E-18
 0.32526884E-17
 0.37479747E-16
 0.15521198E-16
-0.18870600E-17
-0.99381338E-17
 0.24330395E-16
 0.34596406E-16
 0.24548103E-16
 0.70905015E-16
 0.97200640E-16
 0.35580761E-16
 0.12813281E-15
 0.33719162E-16
 0.52259213E-16
 0.10054553E-15
 0.10367311E-15
 0.50937582E-16
 0.40026486E-16
 0.21624730E-16
 0.32131663E-16
 0.75511654E-16
-0.35489891E-16
 0.12215964E-16
-0.80785828E-16
 0.75095298E-16
-0.17470076E-17
 0.57741407E-16
-0.40468587E-16
 0.47523037E-16
-0.51899393E-16
 0.64543407E-16
 0.12616211E-17
 0.81607248E-16
 0.24280948E-16
 0.99257350E-16
-0.19942829E-16
-0.54912306E-16
-0.17686729E-16
 0.54342430E-16
 0.25512225E-16
 0.10269829E-16
 0.43348142E-21
 0.66693819E-17
 0.42877433E-16
-0.40796393E-16
 0.88484943E-16
 0.21975862E-21
-0.53053250E-16
-0.13167005E-16
 0.41160326E-16
 0.15120196E-16
 0.21232750E-16
 0.22734036E-16
 0.60423758E-16
-0.34772987E-16
-0.95543187E-16
-0.18961991E-16
 0.10747580E-16
-0.15261196E-16
-0.19839143E-16
-0.11440099E-18
-0.29792395E-16
-0.79174893E-18
 0.46554919E-16
-0.38953325E-16
 0.35633201E-16
-0.31743056E-22
 0.33892918E-21
 0.93070744E-22
-0.19319001E-21
 0.22930998E-21
-0.31727830E-22
 0.96573337E-22
 0.10140663E-21
-0.13622631E-21
-0.90360846E-22
 0.37029257E-22
-0.26423353E-21
-0.23628931E-21
-0.82961686E-22
-0.89955892E-22
 0.38181164E-21
 0.68177777E-22
-0.10575436E-21
 0.17724930E-21
 0.34685129E-21
-0.30282565E-22
 0.45166688E-21
 0.73127936E-22
-0.14128383E-21
-0.21977155E-21
-0.34241210E-21
-0.14800071E-21
 0.63149747E-22
 0.72856517E-22
 0.18238465E-21
-0.59156338E-22
 0.85732036E-22
-0.52977800E-17
 0.22520993E-17
 0.42824561E-16
 0.31049953E-16
 0.70025861E-16
-0.29923185E-16
-0.80650565E-17
 0.73020688E-16
 0.52299361E-16
 0.40953244E-16
-0.19478680E-17
 0.16480881E-15
-0.16514246E-16
 0.77336216E-16
-0.63222427E-16
 0.37798656E-16
 0.17839860E-16
 0.42802453E-16
-0.27258186E-21
 0.43135637E-16
 0.79619352E-16
-0.19474290E-17
 0.20591599E-16
 0.70154981E-17
 0.15282562E-16
 0.52789617E-18
 0.39210305E-16
 0.61724616E-16
 0.54474001E-16
 0.12709488E-16
-0.74560201E-17
 0.62671528E-16
 0.16448611E-16
 0.12684707E-16
-0.38121864E-16
-0.45933098E-16
-0.48170447E-17
 0.13865615E-21
-0.59267836E-16
 0.47065818E-16
 0.21893846E-16
-0.14712639E-16
 0.93162993E-17
-0.20705690E-16
-0.14303387E-16
-0.42591922E-16
 0.38819550E-16
-0.10145291E-15
 0.49283162E-21
 0.78065250E-16
-0.35731457E-16
-0.19100725E-16
 0.67071994E-16
-0.13865615E-21
-0.41653057E-16
 0.52460558E-16
 0.13126993E-17
 0.93810794E-17
-0.39484950E-22
 0.28361483E-16
-0.53660601E-16
-0.82407974E-16
 0.50500979E-16
 0.13581272E-21
-0.26357215E-16
-0.29412421E-16
-0.12763493E-15
-0.54242547E-16
 0.30709468E-16
-0.60478222E-16
 0.46997413E-16
-0.28947182E-16
 0.99636652E-16
-0.71374167E-17
 0.32584299E-16
 0.69327628E-16
 0.18113780E-21
-0.47268539E-21
-0.19794334E-21
 0.47645047E-21
-0.16626267E-22
 0.98764368E-22
 0.11107485E-21
 0.85949236E-22
-0.24613985E-21
-0.59285585E-22
-0.30334264E-22
 0.18063998E-21
-0.21201673E-21
-0.20201302E-22
-0.56601420E-22
-0.76940722E-22
 0.86595470E-22
-0.36949866E-21
-0.51840960E-22
-0.83105802E-23
 0.59152634E-21
 0.40971290E-23
 0.12920814E-21
-0.23096434E-22
 0.47423452E-21
-0.30734930E-22
 0.27503463E-21
 0.55097984E-22
-0.25467981E-21
 0.28036253E-21
-0.41728818E-21
 0.92644229E-22
 0.69029505E-22
-0.15474740E-21
 0.12263847E-21
-0.81709935E-22
-0.40910619E-24
-0.12993198E-21
-0.19093540E-21
-0.84398272E-22
-0.21035783E-21
-0.21825936E-21
-0.52773142E-23
 0.79822929E-22
 0.32725829E-21
 0.31537553E-21
 0.30262197E-21
 0.60578055E-22
-0.24971965E-21
 0.15270530E-21
-0.13895936E-21
 0.10843821E-21
 0.19263208E-21
-0.72520475E-22
 0.10910036E-21
 0.20161235E-21
-0.16815867E-21
-0.13733783E-21
-0.25841712E-16
 0.62495364E-17
 0.72163627E-16
 0.78217445E-17
-0.29886437E-16
-0.29609309E-16
-0.44120268E-16
-0.20330548E-22
 0.62808905E-16
 0.77764394E-16
-0.39798907E-16
 0.15026213E-21
-0.90541270E-22
-0.11262928E-21
 0.40443997E-16
-0.20777625E-16
-0.54644692E-16
-0.24849059E-16
-0.69470142E-16
 0.12140668E-16
-0.59607710E-18
 0.23855797E-16
 0.56465417E-21
 0.20319396E-16
 0.13280663E-16
 0.37209943E-16
 0.13299513E-21
 0.24560802E-21
 0.22476048E-22
-0.32185559E-21
 0.39689684E-21
 0.39458408E-21
 0.31662959E-21
 0.10449938E-21
-0.15913455E-21
 0.78122747E-22
-0.84942203E-22
 0.46371197E-21
-0.89904193E-22
 0.15715139E-21
 0.28733366E-23
 0.53682451E-22
-0.11632227E-23
-0.21080181E-22
-0.12669909E-16
 0.21460167E-21
 0.29570270E-21
-0.24883538E-16
-0.24219640E-16
 0.30396303E-21
-0.34381976E-16
 0.23792618E-16
 0.26487976E-16
-0.58413035E-16
 0.56664120E-16
 0.57255747E-16
 0.24045884E-17
-0.74226535E-22
-0.30931007E-21
-0.12423283E-22
-0.20413353E-21
-0.16585848E-21
 0.33953179E-22
 0.91403458E-22
-0.37485934E-22
-0.53918407E-21
-0.11267751E-21
 0.18955361E-21
-0.39517054E-16
-0.33849782E-22
 0.77548182E-25
-0.19774787E-22
-0.16507423E-21
 0.72460262E-17
-0.21804861E-16
-0.37610773E-16
 0.13717762E-21
 0.15080105E-22
-0.10200012E-21
-0.41086278E-17
 0.13875136E-16
-0.10749471E-21
 0.52882167E-16
-0.33372606E-16
 0.10811878E-15
 0.69780439E-22
 0.26443930E-22
 0.99145351E-22
 0.41695073E-22
-0.15479910E-21
-0.20382247E-22
-0.13528363E-21
 0.27803608E-21
 0.61288914E-22
-0.13435939E-21
-0.15513218E-21
-0.22426579E-21
 0.18732341E-21
 0.27838060E-21
-0.37137726E-23
-0.51827968E-21
 0.13241455E-21
-0.13970305E-21
 0.14380018E-21
 0.97400517E-22
 0.16401441E-22
-0.19043984E-21
 0.26395825E-21
-0.19149231E-21
 0.11088098E-21
-0.87935777E-23
-0.28224946E-21
-0.33908249E-21
 0.18852095E-21
 0.28875730E-21
 0.36764301E-21
 0.12058742E-22
 0.48793887E-21
-0.28073200E-21
-0.30479106E-21
-0.32986612E-22
-0.75731545E-21
 0.37217861E-16
 0.31162879E-16
 0.36324042E-16
 0.10509964E-15
 0.13272332E-15
 0.49194733E-16
-0.30671369E-16
-0.71826383E-16
 0.14218292E-17
-0.23857420E-16
 0.42139845E-16
-0.54251716E-18
-0.14601327E-16
 0.81253038E-16
-0.59495844E-16
 0.25732892E-16
 0.55112095E-16
-0.10355162E-15
 0.16921208E-16
 0.56397506E-16
 0.11676509E-15
 0.52993332E-16
-0.44442643E-16
 0.99369374E-16
-0.93333694E-16
-0.91017890E-16
-0.10875213E-15
 0.91988184E-16
-0.84586859E-16
 0.61761166E-16
-0.11549077E-16
-0.29039151E-16
 0.86482233E-16
-0.39896872E-16
-0.23589804E-16
-0.36621657E-16
-0.20344391E-16
 0.32121387E-16
 0.42786690E-16
-0.68230962E-16
-0.74051771E-16
-0.54856558E-16
 0.19022709E-17
 0.47873404E-16
-0.50381013E-16
 0.17294448E-16
-0.47660823E-17
 0.83452891E-16
-0.11838106E-15
-0.34047323E-16
-0.75561811E-16
-0.18533753E-16
 0.55186623E-16
 0.87823358E-16
-0.10483012E-15
-0.48036803E-16
 0.60457427E-17
 0.12953408E-15
 0.36846941E-16
 0.56955593E-16
 0.64862789E-16
-0.67460253E-16
-0.60553724E-17
 0.90619238E-16
-0.17197364E-16
 0.17024124E-16
 0.21129660E-16
 0.14543775E-15
-0.74455075E-16
-0.76739344E-16
 0.21819789E-16
 0.34896286E-16
 0.37982591E-16
-0.26669647E-16
-0.25696313E-16
 0.31900914E-16
-0.13914357E-16
-0.26307887E-16
-0.24115620E-16
-0.14998334E-16
 0.43808929E-17
 0.53433071E-16
 0.50986772E-17
 0.48059428E-16
 0.88875930E-16
 0.14962297E-15
-0.97174119E-16
 0.15461729E-16
 0.20968818E-16
-0.87218080E-17
-0.53395317E-16
-0.58970659E-16
-0.73019364E-17
 0.42962499E-16
 0.99020499E-18
-0.24303530E-16
 0.19376587E-16
 0.50157469E-16
-0.54315398E-16
-0.33044590E-16
-0.42392935E-16
-0.26268771E-16
-0.76270626E-16
 0.65366837E-17
-0.35970911E-16
 0.11392436E-15
 0.66588383E-16
-0.64492980E-16
 0.12706236E-16
-0.73048559E-17
-0.32842594E-16
-0.14124343E-16
 0.92137323E-16
 0.51895189E-16
-0.37342827E-16
 0.14561164E-17
-0.20393095E-16
-0.21167956E-16
-0.75895227E-18
 0.68239130E-16
-0.32410146E-16
 0.47637460E-16
-0.30188081E-16
-0.73984171E-16
 0.82256677E-16
-0.43329494E-16
 0.88208811E-16
 0.50381470E-16
 0.26253303E-16
-0.10041993E-16
 0.40990058E-16
-0.78661566E-16
-0.98523520E-16
-0.11881255E-16
-0.47094724E-16
-0.75213428E-17
 0.39089380E-16
-0.76469049E-17
 0.43220299E-17
 0.65522284E-16
-0.25197522E-16
 0.85724741E-16
 0.49625506E-16
-0.47273548E-16
-0.28956551E-16
-0.20990979E-15
 0.10250053E-15
-0.69314760E-17
-0.68358549E-16
 0.13999893E-16
 0.25556749E-16
 0.88361731E-16
-0.44895283E-16
 0.38732450E-16
-0.14621162E-16
 0.53643431E-17
-0.30530351E-16
-0.82147977E-16
 0.12289398E-15
-0.10132432E-15
-0.61510613E-17
-0.53201733E-16
-0.17844804E-16
-0.29926215E-16
 0.69838670E-17
-0.44841909E-16
 0.11244339E-17
 0.19727620E-17
-0.51572057E-16
 0.26778243E-16
 0.66263050E-16
-0.24634049E-16
-0.20035115E-16
-0.56972647E-16
-0.48299696E-16
-0.10821042E-15
-0.11426011E-16
-0.13853551E-16
-0.35460254E-16
-0.34244995E-16
-0.28576935E-16
-0.39866596E-16
 0.10055632E-15
-0.24068440E-16
-0.14735287E-15
-0.98869974E-16
 0.98319758E-16
 0.87753605E-17
-0.31825004E-17
-0.53854150E-16
-0.42158782E-17
 0.35304440E-16
-0.41484540E-16
 0.43027641E-16
 0.62585416E-17
-0.45622763E-16
 0.61933929E-16
 0.39662299E-16
 0.53956343E-16
-0.79674636E-16
 0.97055962E-16
 0.60886414E-16
-0.61205916E-16
 0.28564807E-17
-0.36575166E-16
 0.27035572E-16
-0.58972146E-16
-0.55314269E-16
-0.12072884E-16
-0.25153155E-16
 0.13074709E-16
-0.52824351E-16
 0.70312525E-16
 0.50321274E-16
-0.34340129E-16
 0.56969629E-16
-0.78113983E-16
-0.13231244E-17
 0.33482347E-16
-0.24726165E-17
 0.61293773E-16
-0.36920173E-16
 0.54461716E-16
 0.49178086E-16
 0.77738946E-16
 0.13464855E-16
 0.49564044E-16
 0.73745662E-16
 0.30387908E-16
 0.94016346E-16
-0.11901924E-15
-0.52325050E-16
-0.36105428E-16
 0.17808043E-16
-0.21661151E-16
-0.39641262E-16
 0.43746234E-16
 0.17226816E-16
-0.23835374E-16
 0.91450416E-17
 0.72650946E-16
 0.18390103E-16
-0.14080559E-16
-0.63433620E-16
 0.44999437E-16
-0.92549017E-16
 0.74118509E-16
-0.40431029E-17
-0.32391290E-16
-0.43066719E-16
-0.70078339E-16
-0.63310931E-16
-0.16407842E-16
-0.64676688E-16
-0.69772564E-16
 0.12841649E-15
 0.22986174E-17
 0.66734349E-16
 0.22341553E-16
-0.14098375E-16
 0.15991975E-16
 0.28977546E-16
 0.43866126E-17
 0.21247123E-16
-0.91505495E-16
-0.48166734E-16
-0.70886023E-16
 0.58478889E-16
 0.13287116E-15
 0.31418937E-16
-0.32088809E-17
 0.91392963E-16
 0.24728793E-16
 0.10750685E-16
 0.33618354E-16
-0.19909866E-16
 0.13257835E-16
-0.36453371E-16
 0.15602520E-16
-0.40054931E-16
 0.39092084E-16
 0.12258059E-15
-0.49443479E-16
-0.63358289E-16
-0.86685862E-16
 0.39107228E-16
-0.68278709E-16
-0.66328465E-16
-0.12496129E-17
 0.12092491E-15
-0.52592378E-16
 0.16176858E-16
-0.84618027E-16
 0.83063866E-16
-0.24964412E-16
 0.45414813E-16
-0.36311318E-16
 0.57885564E-16
 0.26436894E-16
-0.43010811E-16
 0.55975889E-16
 0.39737654E-16
 0.44370126E-16
 0.22682018E-16
 0.86760802E-16
 0.27026160E-16
-0.13310928E-17
 0.79844573E-16
 0.26287646E-16
-0.14274569E-16
-0.98368185E-16
 0.43100009E-16
-0.79019043E-16
 0.66689565E-17
 0.11373853E-16
 0.58211348E-16
-0.97314300E-17
 0.10986517E-15
-0.32054982E-16
-0.11288460E-15
 0.16155007E-16
 0.43321573E-16
 0.39432239E-16
-0.58518312E-17
-0.43002386E-16
 0.96170858E-16
 0.54462875E-16
-0.10812342E-16
 0.57126947E-16
-0.74125112E-16
 0.15775415E-16
 0.97231488E-16
 0.64886575E-17
 0.10702625E-15
-0.30736917E-17
 0.21082107E-17
-0.16791429E-16
-0.38714284E-16
 0.31947765E-16
-0.12234843E-16
-0.67401797E-16
-0.86222466E-17
 0.38310302E-16
-0.43386989E-16
-0.12105672E-15
 0.59880731E-16
-0.17780718E-16
-0.68727541E-16
 0.11751922E-15
 0.57610296E-16
-0.14999270E-16
-0.36506913E-16
-0.90277686E-17
 0.31584286E-16
-0.15958066E-16
-0.60484255E-16
-0.39602463E-16
 0.20427143E-16
 0.79235741E-16
-0.11298075E-15
-0.40496599E-16
-0.36352485E-16
-0.15801446E-16
 0.14040124E-15
 0.90103127E-16
-0.75388770E-16
 0.45347545E-17
 0.37581507E-16
 0.11073865E-15
-0.84229301E-16
-0.41381588E-16
-0.30627247E-17
 0.17466746E-19
-0.11631779E-15
-0.10599668E-15
-0.34278035E-16
 0.25852132E-16
 0.34848012E-16
 0.33794810E-16
-0.37058186E-16
-0.30371372E-16
 0.54081560E-16
-0.92655772E-16
 0.10231834E-16
-0.94959186E-17
 0.18199771E-16
 0.90089561E-16
 0.16763798E-16
 0.10150427E-15
-0.24337163E-16
-0.49530440E-16
-0.59479333E-16
 0.98818369E-16
-0.58720662E-17
 0.43328688E-16
 0.71578887E-16
 0.61652299E-16
-0.25804179E-17
 0.32361468E-16
 0.13228388E-15
-0.10624866E-15
 0.66910335E-16
-0.30149477E-16
-0.36198164E-16
 0.44492893E-16
 0.69915862E-16
 0.10284116E-15
 0.10414338E-15
-0.32491032E-16
 0.73909872E-16
 0.25239990E-16
 0.14009323E-15
 0.42471471E-16
-0.40965579E-16
-0.61001723E-16
 0.20480679E-16
-0.74462824E-16
 0.14391011E-16
-0.41515748E-16
 0.95341646E-16
 0.23505812E-16
 0.19644606E-16
 0.36889049E-17
 0.70229941E-17
-0.85356576E-16
-0.16584819E-16
-0.31266150E-16
-0.27710001E-16
-0.23435653E-16
 0.20316815E-16
-0.54324079E-16
-0.21376189E-16
-0.27406709E-16
 0.34829229E-16
 0.12188067E-15
 0.34064887E-16
 0.19170556E-17
-0.46879008E-16
-0.94030876E-16
-0.35053799E-16
-0.37945546E-16
 0.40601581E-16
 0.45931457E-16
-0.50911342E-16
 0.57225660E-16
 0.20249456E-17
-0.64406750E-17
-0.63384288E-17
 0.46052963E-16
 0.85888571E-16
 0.16957037E-17
-0.27605137E-18
-0.37959132E-16
 0.25983919E-17
-0.62898908E-16
-0.92742977E-17
-0.57542695E-16
-0.48753019E-16
 0.74999749E-16
-0.78779547E-16
 0.44273790E-16
-0.71986559E-16
-0.16006215E-16
 0.10182877E-15
 0.44626934E-16
-0.38440210E-16
-0.13293740E-16
 0.17102873E-15
 0.62774629E-16
-0.20004879E-16
-0.98624910E-17
-0.12496659E-16
-0.19188560E-16
 0.24956142E-16
 0.13000125E-16
-0.12396583E-15
-0.49494461E-16
 0.23165905E-16
 0.49452794E-16
 0.12193313E-16
 0.10943001E-15
-0.60824088E-17
-0.66460933E-16
 0.51426764E-16
-0.67179441E-16
-0.52494387E-16
 0.33711730E-16
 0.97366147E-16
 0.50286622E-16
 0.23511079E-16
-0.79266854E-16
-0.71081279E-16
 0.67310195E-16
-0.80665581E-17
 0.12773899E-16
 0.13516631E-16
-0.37389384E-16
 0.10225191E-15
-0.10888281E-15
 0.30235383E-16
 0.57010578E-16
-0.16526882E-15
 0.22602400E-18
 0.87008181E-16
 0.12039470E-17
 0.21592168E-16
-0.19218118E-16
-0.77259613E-16
 0.16360640E-16
 0.13279799E-16
-0.19150063E-16
-0.11152489E-16
 0.39570117E-16
-0.58542223E-16
 0.32703347E-17
-0.19817424E-16
 0.15249991E-17
-0.39855567E-16
 0.28483940E-17
-0.37998609E-23
 0.62761678E-16
 0.17420941E-16
 0.62379267E-16
-0.51699572E-16
-0.28321594E-16
-0.36877387E-16
 0.45727296E-16
-0.23717613E-16
 0.27969912E-16
-0.57210125E-17
 0.70162026E-16
-0.34146336E-16
 0.15846466E-15
-0.23428598E-21
 0.15432088E-22
 0.38340616E-16
 0.63671210E-16
 0.43556229E-23
-0.73567376E-22
 0.33604212E-24
 0.44150765E-22
-0.27276281E-21
-0.26237135E-22
-0.32557312E-22
-0.43968598E-16
-0.29801219E-16
 0.99704590E-16
 0.60354261E-16
 0.91918709E-17
-0.23009911E-16
-0.36398424E-17
-0.31776961E-16
 0.59273643E-16
 0.98365780E-16
 0.74268118E-17
 0.10498410E-15
-0.56542605E-16
-0.26712449E-16
-0.27878594E-16
 0.90130079E-16
-0.25499248E-16
 0.13369405E-16
-0.17709378E-16
 0.65312219E-16
 0.71120573E-16
 0.99011496E-17
 0.28317516E-16
-0.33491581E-16
 0.90797035E-16
 0.16130854E-16
 0.15159000E-16
-0.37388831E-17
-0.34168938E-16
-0.24957994E-16
 0.86769767E-16
 0.41493913E-17
 0.11493534E-15
 0.14983601E-21
-0.34188365E-21
 0.16764625E-21
 0.27533354E-21
-0.61767127E-22
 0.10673188E-21
-0.40286281E-22
 0.17032084E-22
 0.77646408E-16
-0.20405362E-16
 0.10127154E-16
 0.81637103E-16
-0.81952342E-16
 0.56949136E-16
-0.47779219E-16
-0.41095262E-16
-0.24476760E-16
 0.61522872E-16
-0.60525808E-17
 0.21330847E-16
-0.26937315E-16
-0.33462961E-17
-0.60589280E-16
-0.76629920E-16
-0.80119062E-16
-0.30062123E-16
-0.47174043E-16
-0.97744885E-16
-0.28515464E-16
-0.53015686E-16
 0.62955305E-18
 0.12702535E-15
-0.52949138E-16
-0.12475994E-15
 0.25115920E-16
-0.39783743E-16
 0.13382873E-17
-0.47369776E-16
 0.21860031E-16
-0.10381117E-21
 0.37145579E-22
-0.59192293E-21
-0.16739388E-21
-0.56834197E-21
 0.21785869E-21
-0.34856552E-16
-0.46647933E-16
 0.64160416E-17
-0.22645247E-16
-0.25532496E-16
 0.94342960E-18
 0.45041413E-16
-0.27311924E-16
-0.21024895E-16
 0.30440059E-16
 0.65708395E-16
-0.72749463E-16
 0.30603700E-16
 0.34959406E-16
-0.72736885E-16
 0.44378672E-16
-0.26248828E-16
-0.51988114E-16
 0.49449077E-16
-0.33762303E-16
 0.39750040E-16
-0.93819908E-16
-0.10874050E-16
-0.31269782E-16
 0.14411112E-17
 0.83576941E-16
 0.58916334E-16
-0.36351737E-16
-0.26547546E-16
 0.23810030E-16
-0.26690631E-16
 0.12604324E-15
 0.21617136E-16
-0.28431928E-16
 0.14433012E-15
-0.13500748E-18
-0.16599188E-21
 0.36628779E-21
 0.66717286E-22
 0.43940968E-21
-0.16957203E-21
 0.14755172E-21
 0.13118568E-22
 0.38486024E-21
 0.39549573E-22
 0.10187299E-21
-0.58367932E-22
-0.64612847E-21
-0.46411464E-16
 0.79919865E-16
 0.13691015E-15
-0.52040419E-16
 0.16527975E-16
 0.20803189E-16
-0.25210053E-16
 0.70356896E-16
-0.11888181E-16
-0.10971542E-15
 0.27816893E-16
-0.19453170E-21
 0.45015641E-21
 0.24673247E-22
 0.62374588E-22
 0.60177390E-22
 0.45350998E-21
-0.57252364E-16
 0.29913936E-16
-0.23928649E-16
-0.29752605E-17
 0.32366016E-16
 0.23522546E-16
-0.24112146E-16
 0.20996298E-16
-0.19308283E-16
-0.44268700E-16
 0.82578375E-16
 0.65451775E-16
-0.47340059E-16
 0.49904300E-16
 0.26786970E-16
 0.73390798E-16
-0.47467558E-16
 0.87030799E-17
 0.29109081E-16
-0.60198039E-16
 0.39980290E-16
-0.18382959E-16
 0.78781490E-16
-0.44338112E-16
-0.83276420E-16
-0.50999337E-16
-0.49515081E-16
-0.54305562E-16
-0.64465380E-21
-0.12755384E-21
 0.18575375E-21
 0.57328247E-21
 0.17190062E-16
 0.20181133E-16
 0.34934026E-16
 0.49176977E-16
-0.29232760E-16
-0.22762828E-16
-0.85566616E-16
 0.33659202E-16
-0.56981112E-21
 0.11729133E-16
-0.51019479E-16
-0.30857466E-16
-0.50239432E-17
-0.62788178E-22
-0.10766276E-16
-0.89984182E-16
 0.44203783E-16
 0.65322442E-16
 0.23173599E-16
-0.25361567E-16
 0.12884017E-16
-0.37473885E-16
-0.14527359E-16
-0.95881360E-16
-0.25004548E-16
-0.10701543E-15
 0.89480859E-16
 0.14370950E-16
-0.10766297E-15
 0.56804940E-17
 0.91385696E-16
 0.29477646E-16
 0.37567329E-16
 0.64518769E-16
-0.11036623E-16
-0.66412872E-16
 0.15108618E-16
-0.37366490E-16
-0.18947603E-16
 0.22067483E-16
 0.35016988E-16
-0.13587629E-16
-0.11185477E-15
 0.12438259E-15
 0.60581607E-16
 0.39531763E-16
-0.10164063E-15
-0.25903678E-21
 0.40557699E-22
 0.30641748E-16
 0.14697097E-16
 0.12185783E-16
 0.12829413E-15
 0.23700098E-16
-0.30815169E-16
 0.76235113E-16
 0.85004750E-16
-0.92535249E-16
 0.91427012E-16
 0.68261969E-16
 0.58150195E-16
 0.83904655E-16
 0.86269910E-16
 0.22162580E-16
 0.20387005E-16
 0.22174446E-16
-0.80918061E-17
-0.27223453E-16
 0.29249259E-16
 0.32198078E-16
-0.53753815E-22
-0.54451749E-22
-0.66378747E-16
-0.60958756E-16
-0.90694120E-16
 0.14834708E-16
-0.52786403E-16
 0.29313064E-16
 0.41846194E-16
-0.68284484E-16
-0.60116758E-16
 0.31180832E-21
 0.59951932E-16
 0.93901788E-17
-0.31359073E-16
 0.68983901E-16
 0.55613747E-16
-0.13474153E-15
-0.31538305E-17
-0.58386438E-18
 0.86614993E-16
-0.16193205E-16
-0.80391612E-16
 0.47903336E-16
 0.31263157E-21
-0.15464906E-21
-0.62904190E-16
-0.23862868E-21
 0.41757587E-16
 0.47370754E-16
 0.15682596E-16
 0.78225252E-17
-0.61586135E-16
-0.19157761E-16
-0.47418129E-21
 0.79446341E-17
-0.22220906E-16
 0.10188500E-17
 0.20282727E-21
 0.95224749E-21
 0.95099921E-22
-0.15173594E-22
-0.27875987E-21
-0.51075381E-18
 0.30231097E-21
 0.31208717E-21
 0.47197878E-21
-0.17945942E-21
-0.32570237E-22
-0.54205367E-16
 0.22699554E-16
-0.27542316E-16
 0.34473784E-16
-0.79102974E-16
 0.50452245E-16
-0.68334410E-16
 0.91733800E-16
-0.93469234E-16
-0.86299326E-16
 0.46242585E-16
-0.54102753E-16
-0.93919128E-16
-0.86628000E-16
 0.68249201E-17
 0.21740085E-16
-0.25322405E-16
-0.24725685E-16
 0.34213577E-16
 0.62419355E-16
 0.14278390E-16
 0.42683069E-16
 0.15851891E-16
 0.25026091E-21
 0.32909980E-21
 0.11805418E-21
-0.15556926E-21
 0.23963681E-21
-0.24984277E-21
 0.99959607E-22
 0.69742864E-24
-0.96504544E-17
-0.16079205E-16
 0.21142145E-17
-0.28880787E-16
-0.16082357E-16
-0.17529767E-16
 0.36016626E-16
 0.39521636E-16
 0.10031199E-16
 0.53731622E-16
 0.66430646E-16
-0.25600406E-16
-0.42996118E-16
-0.50190786E-17
 0.81849217E-17
-0.56252947E-16
 0.40325055E-23
 0.13172554E-17
 0.19737654E-16
-0.91998189E-17
-0.35077628E-22
 0.23065414E-21
 0.21877635E-21
 0.11024269E-20
 0.28456983E-21
 0.27246861E-21
-0.13815209E-21
 0.13236085E-15
-0.10228912E-15
-0.24195823E-16
-0.25398291E-16
 0.32851399E-16
 0.37830588E-22
 0.16592201E-21
 0.91829973E-22
-0.32789490E-21
-0.12553758E-21
-0.21565503E-21
-0.14350291E-21
 0.22840930E-21
 0.24828343E-22
-0.11645085E-21
 0.25892046E-21
-0.44177919E-21
 0.41139311E-22
-0.10701417E-21
 0.66575115E-22
 0.42950416E-22
 0.26487874E-21
-0.48857813E-21
 0.13833303E-21
 0.76912381E-21
-0.15022375E-21
 0.39502378E-22
-0.28938397E-22
 0.60947886E-21
 0.22491413E-16
-0.46636706E-16
 0.45328392E-16
-0.28842042E-16
 0.37508117E-16
-0.38028057E-16
-0.86730373E-16
 0.45423318E-16
 0.14343019E-16
-0.80247947E-16
-0.49416909E-16
-0.40813456E-17
-0.32404523E-16
 0.68799711E-16
-0.70533884E-16
 0.46855304E-16
-0.43644331E-17
-0.58611472E-17
-0.45635940E-16
 0.28327306E-16
 0.11641275E-21
-0.18589079E-17
 0.50252638E-22
-0.39637443E-21
 0.24207958E-22
 0.14119085E-21
-0.16806565E-21
 0.33176405E-21
 0.14814288E-21
-0.87695069E-21
 0.14131798E-21
 0.11397777E-21
-0.11920804E-16
 0.10482487E-15
-0.90007157E-16
-0.17750415E-16
 0.10883995E-16
-0.78288701E-16
 0.10292557E-15
-0.18351724E-16
 0.33389429E-16
 0.29404978E-21
 0.19699209E-17
 0.25816615E-16
-0.28872770E-16
 0.56138281E-16
-0.61366462E-22
-0.11638224E-21
 0.39536648E-22
-0.37773521E-16
 0.12609334E-21
-0.68445144E-17
-0.29154024E-16
-0.33088517E-21
-0.50341695E-22
 0.55286278E-21
-0.90123913E-22
 0.81761634E-22
 0.18289118E-21
 0.38979657E-21
-0.16416401E-21
 0.13065576E-21
 0.11302457E-21
 0.41714264E-21
 0.26237135E-22
 0.12801120E-16
 0.32566618E-16
-0.46356323E-16
-0.20685978E-21
 0.57255342E-21
 0.80456239E-22
-0.24702931E-21
-0.56093185E-23
 0.28046555E-21
 0.11438357E-21
 0.43908654E-21
 0.11606378E-21
-0.57263255E-21
 0.27197440E-21
 0.47582376E-21
-0.19610643E-21
 0.56684190E-21
 0.11864872E-22
-0.68631150E-21
-0.17536229E-21
-0.81970611E-21
 0.84849843E-22
 0.26288501E-21
-0.21926654E-21
 0.61275989E-22
 0.24155839E-21
 0.32554727E-21
-0.21575197E-21
 0.10762395E-21
-0.10554578E-21
-0.20708645E-16
 0.21824497E-16
 0.53118276E-16
-0.58934969E-16
-0.43347834E-21
 0.40221225E-21
-0.30451879E-21
-0.31933444E-23
-0.51131611E-21
-0.13203871E-21
 0.18232254E-21
 0.83212073E-22
-0.26412911E-21
-0.18443543E-22
 0.25535324E-21
-0.74574269E-21
-0.16534565E-21
-0.16630208E-21
 0.10820556E-21
 0.45882675E-22
 0.21236129E-16
 0.57907607E-16
-0.83898539E-17
 0.30036863E-16
-0.74039747E-18
-0.32868817E-16
 0.10262209E-22
 0.27079825E-21
 0.22267961E-21
 0.86311127E-22
-0.53973535E-22
-0.42294546E-21
 0.60532079E-21
 0.36938784E-22
 0.11700728E-21
 0.23722211E-21
 0.71022405E-21
-0.78012386E-17
-0.74213097E-16
 0.29805074E-16
 0.52185105E-16
 0.86955154E-16
 0.46210230E-17
 0.38109762E-21
-0.16547490E-21
 0.16445385E-21
 0.79940835E-17
 0.84786013E-23
-0.38506161E-21
 0.31202998E-21
-0.36634467E-21
 0.20111847E-21
-0.24275011E-21
 0.51941931E-22
-0.52238042E-21
-0.87469808E-21
-0.88790296E-21
 0.49259982E-21
 0.23394108E-21
-0.11732069E-21
 0.26547328E-22
 0.22839232E-21
-0.82285169E-21
 0.48015250E-22
 0.22564735E-16
 0.15357125E-21
-0.52547855E-21
-0.22450199E-22
 0.10267379E-21
 0.73631999E-22
-0.22781071E-21
-0.12988028E-21
 0.28091413E-16
-0.19976209E-16
-0.24134608E-16
 0.55971054E-16
 0.14721917E-21
 0.22141715E-21
-0.57632816E-21
-0.33737404E-21
-0.42477113E-21
-0.38639334E-21
-0.41193737E-21
 0.43957424E-21
-0.15290748E-21
-0.10133763E-21
-0.45558794E-21
-0.11983486E-22
-0.22201035E-16
-0.97549668E-16
-0.18703245E-15
 0.67750072E-16
 0.21949149E-16
-0.89336582E-16
 0.45275595E-16
 0.40838172E-16
 0.88351093E-16
-0.29679284E-16
 0.40774476E-16
 0.92536417E-17
-0.33805991E-16
-0.50192705E-17
 0.55280502E-16
-0.98883834E-17
-0.71334247E-18
 0.10479538E-15
-0.62133141E-16
 0.49684956E-16
-0.84812681E-16
-0.20140459E-16
-0.23774391E-16
 0.26830727E-16
-0.11802553E-16
 0.33382243E-16
-0.26224725E-16
 0.30029745E-16
 0.57841719E-17
-0.71842146E-16
-0.43401581E-16
 0.29483819E-17
 0.46267156E-16
-0.47214724E-16
-0.36666539E-16
-0.30352750E-17
-0.51728915E-16
 0.22347802E-16
-0.29095400E-16
-0.53066553E-16
-0.80004332E-16
-0.15415178E-16
 0.87820342E-16
-0.41905372E-16
 0.19800517E-16
-0.89735506E-16
-0.19529438E-16
 0.28661581E-16
-0.26223442E-17
 0.43320870E-16
-0.12057019E-16
-0.51571501E-16
-0.59608717E-16
 0.67282314E-16
-0.16226056E-17
-0.17975548E-16
 0.19842723E-16
 0.66697954E-16
-0.90634380E-16
-0.24306529E-17
 0.32559259E-16
-0.64768478E-16
 0.47754499E-16
-0.50659879E-16
 0.10543386E-16
-0.89033525E-16
-0.10065816E-15
 0.19930216E-16
 0.65950295E-16
 0.69698786E-16
-0.85399786E-16
 0.33435972E-16
-0.23421298E-16
 0.33341957E-16
 0.12372724E-16
 0.63966898E-16
-0.25294522E-16
-0.10433340E-16
 0.54883449E-16
-0.21221060E-21
-0.44682423E-16
-0.62173910E-16
-0.12057257E-15
 0.15115355E-16
 0.26666235E-21
 0.32545653E-17
-0.35137237E-16
 0.37235452E-16
 0.20200106E-16
-0.29950554E-16
-0.40503477E-16
-0.34487609E-16
-0.34726062E-16
 0.50435262E-17
 0.52465216E-16
-0.46873531E-16
-0.64035057E-17
-0.17254982E-16
 0.12802776E-15
 0.10755526E-15
-0.11046791E-15
 0.11886735E-15
-0.90465012E-17
-0.42796096E-16
 0.38508975E-16
 0.19386364E-16
 0.22667975E-16
 0.64110044E-16
 0.28022147E-16
-0.50071608E-16
 0.62490015E-16
 0.45608503E-17
 0.99135380E-16
-0.10077128E-15
-0.62951191E-16
-0.72436000E-16
 0.64868676E-16
-0.50197001E-17
 0.10736386E-15
 0.87367998E-17
 0.19300450E-21
-0.13425000E-21
 0.26605489E-21
 0.28525570E-21
 0.11667124E-21
 0.46035645E-21
-0.27061731E-21
-0.25041651E-21
 0.68888635E-23
-0.96772201E-22
 0.98214773E-22
 0.21936650E-21
 0.48984602E-22
-0.84008488E-22
 0.84204401E-22
-0.13562427E-21
-0.10536213E-21
 0.49079149E-22
-0.14526067E-21
 0.31367502E-21
-0.12929867E-21
-0.67025413E-22
-0.56222432E-22
 0.83650660E-22
-0.12936329E-21
 0.56559336E-23
-0.22513530E-21
 0.17804896E-21
-0.15151622E-21
-0.15217729E-22
-0.61056269E-22
-0.43287054E-21
-0.13382003E-16
-0.74282416E-16
 0.17879318E-16
 0.95023872E-17
 0.10299346E-16
 0.22310186E-17
-0.37793557E-16
-0.85422078E-16
-0.38318313E-16
-0.23602023E-16
-0.58506150E-17
 0.11031854E-16
-0.11145199E-15
-0.10111231E-15
 0.65183570E-16
 0.10788297E-15
-0.31263575E-16
-0.27027306E-16
-0.38538797E-16
-0.53850450E-16
-0.65063535E-16
 0.12779177E-16
-0.14139310E-16
 0.63257295E-16
 0.11737808E-16
-0.29115609E-16
-0.32528878E-21
 0.11386942E-16
 0.32234833E-16
 0.47820300E-16
-0.55674242E-16
 0.42265527E-21
 0.65393728E-21
 0.10020518E-21
 0.22683490E-16
 0.25631767E-17
 0.26407177E-16
-0.11762688E-15
-0.41710872E-17
-0.11011564E-15
-0.39039666E-16
 0.56235997E-17
-0.70035895E-16
-0.33552676E-16
 0.55100929E-16
 0.14907518E-16
-0.19892804E-16
-0.83087519E-16
-0.73609488E-16
 0.10488607E-16
-0.60570607E-16
-0.45000827E-16
-0.42420915E-16
-0.93475581E-16
 0.15984358E-16
-0.12792461E-16
-0.61119418E-16
-0.89766322E-18
-0.89808219E-17
-0.16458155E-15
-0.56612187E-16
 0.88943306E-16
-0.53002619E-16
-0.91080053E-17
 0.13382201E-16
 0.21312983E-16
-0.96661397E-16
-0.63403839E-16
 0.46762012E-16
-0.24276387E-16
-0.19389488E-16
-0.78578673E-16
 0.83381628E-17
-0.46132033E-16
 0.52356666E-16
 0.48834185E-22
 0.37510615E-21
-0.19681798E-16
-0.14783290E-17
-0.25825267E-16
 0.51662854E-17
 0.51865517E-21
-0.31918751E-16
-0.34125517E-16
-0.46070568E-16
-0.19772364E-16
-0.45005088E-21
-0.49570172E-16
 0.30928149E-16
 0.35407618E-17
-0.23000204E-16
-0.13720858E-21
 0.11814408E-15
-0.34063605E-16
 0.33960198E-16
 0.70327789E-16
-0.58380506E-16
 0.15001355E-16
 0.89383988E-16
 0.16641840E-21
 0.56364604E-22
 0.16297710E-21
-0.46209874E-16
 0.12123416E-16
-0.76415287E-16
-0.45881736E-16
 0.18072604E-21
-0.32415140E-21
-0.78596676E-22
-0.26663650E-22
 0.14396820E-21
 0.18081672E-21
 0.72158584E-22
 0.96211445E-22
 0.18193224E-21
-0.42005265E-23
-0.14966799E-22
 0.41160518E-21
 0.54878264E-22
 0.14977139E-21
 0.50169724E-22
-0.29275731E-21
-0.10611176E-22
-0.36779290E-22
-0.96082198E-22
-0.26167342E-21
 0.13869798E-22
 0.50417951E-21
-0.51206810E-21
 0.58520443E-21
-0.27703992E-21
-0.53249752E-22
-0.23431757E-21
 0.20198717E-21
 0.18985027E-21
-0.15393314E-22
 0.70377107E-22
 0.26127275E-21
-0.82744656E-22
-0.13766095E-21
 0.55584243E-22
-0.36355880E-21
 0.55973154E-22
 0.20026359E-16
-0.58636762E-16
 0.87333593E-16
 0.12306197E-15
 0.38988886E-16
-0.42649827E-17
-0.78584518E-16
-0.84215084E-16
-0.17124652E-15
 0.38554005E-16
 0.12323837E-15
 0.18798893E-16
-0.27504790E-17
-0.27185520E-16
-0.48067525E-16
-0.45512006E-16
 0.12234599E-16
 0.33469443E-16
 0.20924159E-16
-0.13191010E-16
-0.41619017E-16
 0.18212585E-16
-0.11132599E-15
 0.89035406E-16
-0.47148317E-17
-0.56215453E-16
-0.30441945E-16
-0.13573448E-16
 0.37593121E-16
-0.44716867E-21
-0.41834574E-16
 0.12967179E-16
 0.27891361E-16
-0.35068773E-16
-0.31260098E-18
-0.21681393E-16
 0.46689003E-17
-0.29269864E-21
-0.19123483E-21
-0.20540275E-21
-0.41383098E-22
 0.24606847E-21
-0.16431718E-21
 0.23374315E-21
 0.27193563E-21
-0.29027606E-21
-0.28750989E-21
 0.30142979E-21
 0.18965469E-21
 0.76601597E-21
 0.48524257E-21
 0.20459795E-21
-0.36359675E-21
-0.36042603E-21
-0.60229088E-22
-0.30158378E-21
 0.19080918E-21
-0.44746352E-21
 0.31065802E-21
 0.43539427E-21
-0.11387951E-21
-0.42760068E-21
 0.64022917E-22
 0.18291927E-16
 0.36856436E-16
-0.10812524E-16
 0.44331354E-17
 0.14010220E-16
 0.24469244E-21
-0.56542636E-21
 0.11816686E-21
-0.27838077E-21
 0.86073785E-23
 0.39872690E-22
-0.63822154E-22
 0.15589738E-21
 0.41495365E-16
-0.12098947E-15
-0.14723532E-16
 0.24165306E-21
 0.68707690E-22
 0.66699192E-21
 0.48440472E-21
-0.40893641E-16
 0.15610288E-16
-0.16187556E-16
 0.53774221E-16
-0.58250941E-16
 0.13196151E-21
 0.13043604E-21
-0.42061202E-22
-0.33237151E-21
-0.35956507E-22
-0.72644963E-17
-0.56470805E-16
 0.28809150E-22
 0.10255747E-21
-0.43484668E-21
-0.33842638E-21
 0.11064304E-21
 0.95035617E-22
 0.15160670E-22
-0.38799941E-22
-0.22246712E-16
 0.73505968E-16
-0.85364317E-16
-0.37727191E-22
-0.36755254E-21
-0.12226582E-21
 0.11736235E-21
 0.31808507E-21
-0.34431393E-22
-0.10448414E-21
-0.45846055E-21
 0.34788941E-21
-0.23460910E-21
-0.15006866E-21
 0.32744720E-21
 0.15910519E-21
-0.11174792E-21
 0.29072814E-21
 0.56196583E-22
 0.27039517E-21
-0.13262282E-21
 0.32546423E-21
 0.23819833E-21
-0.27957365E-21
-0.11360870E-21
-0.68048530E-22
-0.14707247E-23
-0.14028434E-21
-0.32047306E-21
-0.90123913E-22
 0.26250060E-22
-0.43743459E-16
-0.15783265E-16
 0.75389758E-22
-0.10965313E-21
-0.26056884E-16
-0.11659780E-16
-0.52595196E-16
 0.64933494E-16
 0.31066997E-16
-0.20279636E-16
-0.53265280E-16
-0.23561723E-21
 0.26366382E-22
 0.15678950E-21
 0.14087920E-23
 0.72983890E-17
 0.15974926E-21
 0.13930933E-15
 0.26949286E-21
 0.56429850E-16
-0.26149267E-16
 0.38222971E-16
-0.53137402E-16
-0.53906741E-16
 0.26305258E-16
-0.53025626E-17
-0.32899230E-16
 0.33666742E-16
 0.95932892E-16
-0.75112319E-16
 0.11075444E-15
-0.34296305E-16
 0.10589681E-16
-0.54133801E-16
-0.22847389E-16
-0.29163143E-16
-0.14385931E-15
 0.39407981E-16
-0.27764038E-16
-0.98822817E-16
 0.13662714E-16
 0.59963458E-16
-0.11866538E-16
 0.30434852E-16
-0.13351326E-16
-0.88332140E-17
 0.13336703E-16
-0.56463952E-17
-0.50259960E-16
 0.62157239E-17
 0.54999922E-16
 0.11328295E-15
 0.37205516E-17
-0.54652430E-16
-0.90141028E-17
 0.17468400E-16
-0.64312890E-16
-0.14506348E-16
-0.49825749E-16
-0.42446719E-16
-0.18728150E-16
 0.33569588E-16
 0.13748516E-16
 0.27843689E-17
-0.73765827E-17
-0.75660849E-16
-0.27482113E-16
-0.44550294E-16
-0.24762030E-16
 0.65657422E-16
-0.73154344E-16
-0.71171117E-16
 0.89224156E-16
-0.86335491E-16
-0.42305758E-16
 0.30908597E-16
-0.79950421E-16
-0.64921943E-16
-0.30963661E-16
 0.60864625E-17
-0.20617661E-16
 0.72475673E-16
-0.10791158E-15
-0.49400779E-16
 0.84601982E-17
-0.67209579E-16
-0.20928392E-16
 0.44046853E-16
 0.27709542E-16
-0.65515740E-16
-0.96019515E-17
 0.97462156E-17
 0.38790099E-16
 0.12736351E-16
-0.36406857E-17
 0.17197269E-16
 0.13701664E-17
 0.50268615E-16
-0.75832150E-16
-0.81192298E-16
-0.16374462E-16
-0.18129761E-16
 0.13314272E-15
 0.12810842E-15
-0.76670505E-16
 0.31053043E-16
 0.34363109E-16
 0.44271497E-16
 0.43773365E-16
 0.32035445E-17
 0.28793620E-16
-0.11132939E-15
 0.12863942E-15
-0.17500039E-16
-0.37654440E-16
-0.11990318E-16
-0.34444187E-16
-0.46851198E-16
-0.22225592E-16
-0.36785883E-16
 0.13652495E-15
-0.27675440E-17
-0.35603826E-16
 0.13892225E-16
 0.67955850E-16
 0.25952918E-16
 0.54130383E-16
-0.44852265E-16
 0.11117025E-16
-0.63956669E-17
-0.32752665E-17
-0.41847475E-16
-0.38955052E-16
 0.18051731E-16
 0.90422165E-16
-0.20336287E-16
 0.88378510E-17
 0.10332237E-15
-0.13589100E-16
-0.11249484E-16
-0.13734651E-15
-0.22358874E-17
 0.21870448E-17
 0.35074011E-16
 0.70822185E-16
 0.18740302E-16
 0.19441199E-16
 0.23126762E-16
 0.75338611E-16
 0.40561426E-16
-0.23308851E-16
-0.75032948E-17
 0.32629310E-17
 0.10546314E-15
-0.10384850E-15
-0.22047889E-16
-0.55143701E-16
-0.92388778E-16
-0.32526933E-16
 0.22652458E-16
 0.51707400E-16
-0.21281391E-17
 0.39718898E-16
 0.63044413E-16
 0.10761139E-15
-0.51777223E-16
 0.60002873E-16
 0.12493183E-16
 0.10172897E-15
-0.13274511E-16
 0.16804898E-16
 0.92923780E-16
 0.10751768E-15
 0.70385025E-17
 0.85233788E-16
 0.73087814E-16
 0.67439816E-16
-0.89046503E-16
-0.25227786E-16
 0.77894484E-16
-0.51120593E-16
 0.14539620E-16
-0.67495339E-16
-0.16581341E-16
 0.52339860E-16
-0.94545967E-16
 0.32116900E-16
-0.85356790E-16
-0.63718664E-16
-0.54065292E-16
 0.20281154E-16
-0.12544505E-15
-0.16186899E-17
 0.79137567E-16
 0.68274728E-16
 0.28378030E-16
 0.64795142E-16
-0.88699655E-17
-0.12803219E-16
-0.15624233E-16
-0.55995732E-16
 0.28674495E-16
 0.39649825E-16
-0.49544529E-17
 0.19109607E-17
-0.68596260E-16
-0.49110315E-16
 0.50885784E-16
 0.76805530E-16
 0.59329392E-16
-0.44572880E-16
 0.25479450E-16
 0.24870724E-16
-0.77863370E-16
-0.28278687E-16
-0.36729652E-16
 0.11191293E-16
 0.10078917E-15
 0.36880979E-16
-0.15501282E-17
 0.43631457E-16
-0.19263951E-19
 0.45557859E-16
-0.66848320E-16
-0.48826794E-16
 0.19400735E-18
 0.13349114E-16
-0.24423730E-16
-0.10016863E-15
 0.91284372E-18
 0.70817734E-16
-0.54115561E-16
-0.15994310E-16
-0.25995862E-17
-0.60483823E-16
-0.89216057E-17
 0.60415534E-16
 0.13554452E-17
-0.51525189E-16
-0.14692210E-16
-0.29886655E-16
 0.87727681E-17
-0.45302836E-16
 0.40886450E-16
-0.14325464E-16
 0.27162136E-16
 0.50224994E-16
 0.46515001E-16
-0.81393557E-16
 0.36078018E-16
-0.50358045E-16
 0.12805785E-16
-0.87752817E-16
 0.98402291E-16
-0.54187518E-16
-0.56228394E-16
 0.79211247E-16
-0.45792490E-16
 0.84699105E-16
 0.46066060E-16
 0.23520931E-16
 0.47332488E-16
-0.33457264E-18
-0.27164651E-16
 0.68415361E-16
 0.60789788E-16
 0.13189205E-16
-0.53467588E-16
 0.36507609E-16
 0.11636426E-16
 0.20756086E-16
 0.79429521E-17
 0.17757595E-16
 0.11089531E-16
-0.11576657E-16
-0.23163305E-16
-0.36175856E-17
-0.18755281E-16
 0.10966704E-15
 0.15210355E-16
-0.42711700E-16
-0.12852895E-15
-0.12716493E-15
 0.20422369E-17
-0.51298343E-16
-0.25030095E-16
 0.32918120E-16
-0.23209332E-16
 0.28799934E-16
-0.88274192E-16
 0.22636712E-16
-0.27834271E-16
-0.27647757E-17
 0.29331395E-16
-0.33805440E-16
-0.18684548E-15
 0.68906950E-16
 0.96224323E-16
-0.15891875E-15
 0.22199864E-17
-0.78418645E-17
-0.70334609E-18
-0.83940902E-16
-0.89125882E-16
-0.38135432E-16
-0.70453931E-16
-0.76795258E-16
-0.42737203E-16
-0.28707322E-16
-0.10472283E-15
 0.71580143E-17
 0.69599331E-16
-0.17514400E-16
 0.46407554E-16
 0.44357738E-16
-0.35025767E-16
 0.83728466E-16
-0.80402828E-17
-0.11031845E-15
 0.53191372E-16
-0.87156935E-16
 0.10176913E-16
 0.27390753E-16
-0.34162297E-17
-0.47660083E-16
-0.98466313E-16
-0.17671866E-16
 0.72780277E-16
-0.19435606E-16
 0.34403129E-18
 0.22247612E-16
-0.70556360E-16
-0.70062574E-17
 0.67464498E-16
 0.17013170E-16
-0.81363963E-16
 0.49691906E-16
 0.37463332E-16
-0.13847442E-16
-0.35655796E-16
-0.24400321E-16
 0.31005409E-16
-0.82975226E-16
-0.83137682E-16
 0.16229249E-16
 0.28799427E-17
 0.23416770E-16
 0.22941452E-16
 0.22326080E-16
-0.58256732E-16
-0.11100315E-16
 0.70468387E-16
 0.53370835E-16
 0.23087454E-16
-0.79374851E-16
-0.10210032E-15
 0.37510116E-16
 0.36366089E-16
-0.14412162E-15
 0.37660610E-16
-0.26160703E-16
-0.13230550E-15
 0.26438159E-16
-0.47493313E-16
 0.12673847E-15
-0.34852384E-16
 0.34172547E-16
-0.11176713E-15
 0.10449416E-15
 0.10484018E-15
-0.24127680E-16
 0.18385538E-16
-0.11598319E-16
 0.10907712E-15
 0.20783486E-16
-0.87303121E-16
 0.81412548E-17
-0.59059465E-16
-0.11321922E-15
-0.48366298E-16
-0.17585897E-17
 0.12537406E-15
 0.21346670E-16
-0.26530905E-16
-0.65743744E-16
 0.14224748E-16
 0.71193848E-16
-0.58297731E-16
 0.64405311E-16
 0.50462845E-16
 0.12906589E-15
 0.73817893E-16
-0.15340942E-15
-0.72403217E-16
 0.55916114E-16
-0.27204508E-17
-0.71476659E-16
-0.13751836E-15
-0.55174745E-16
 0.73550268E-16
-0.23488904E-16
-0.12683410E-15
-0.14114558E-16
 0.37739197E-16
-0.96722455E-16
-0.43299210E-16
 0.65940144E-17
 0.13970972E-15
-0.11916752E-16
 0.67494793E-16
-0.99312017E-16
-0.10012450E-16
 0.22429717E-16
 0.26585420E-16
-0.98538590E-16
-0.55327585E-17
 0.28213354E-16
 0.72576221E-16
 0.76502633E-17
 0.16246801E-16
-0.50607008E-16
 0.27848347E-16
-0.39847674E-16
-0.23749810E-16
-0.87140226E-16
-0.60011435E-16
 0.24698067E-16
-0.11509895E-16
-0.94889116E-16
-0.93547728E-16
 0.12092291E-16
-0.30721515E-16
-0.74188264E-17
 0.29276889E-16
 0.39978517E-16
 0.15224246E-15
 0.39885302E-16
-0.14722114E-16
-0.35521355E-16
-0.22815905E-16
-0.16599623E-17
 0.23988584E-16
 0.56924742E-17
-0.25757515E-16
-0.25233306E-16
 0.84430199E-17
-0.27220361E-16
 0.10422385E-16
-0.98686772E-16
-0.11610072E-15
 0.24242446E-16
 0.28317948E-16
-0.21724884E-16
 0.37328529E-16
-0.46399254E-16
-0.20092326E-16
 0.89254632E-17
 0.31104507E-17
 0.53004748E-16
 0.61898566E-17
-0.60452815E-16
-0.25757184E-16
 0.11419482E-16
-0.39938729E-16
 0.31003746E-16
-0.41612031E-16
 0.35368457E-16
 0.56846588E-16
 0.96182745E-17
-0.46115247E-16
 0.11834939E-15
 0.64660558E-16
-0.49926234E-16
-0.16466376E-15
 0.48594711E-17
-0.51260223E-16
-0.84153820E-16
 0.11108325E-15
 0.74048127E-16
-0.57289801E-16
 0.14852891E-16
-0.84575776E-16
-0.13594820E-15
-0.76348309E-16
-0.55857640E-16
 0.26625201E-16
-0.84166276E-16
 0.65281852E-16
 0.34621813E-16
-0.27833068E-16
 0.18292857E-16
-0.78381631E-16
-0.28614885E-16
 0.47154452E-16
-0.28353956E-17
 0.50071091E-16
-0.16454038E-16
-0.97797681E-16
-0.61899955E-16
 0.75402259E-16
-0.46471611E-17
 0.14329633E-16
-0.48000202E-16
-0.18682609E-17
-0.15822605E-16
 0.10484006E-15
-0.35827922E-16
 0.47652366E-16
 0.18776732E-16
-0.69526035E-16
-0.17298901E-15
 0.31148311E-16
-0.24101723E-16
 0.66414925E-16
-0.89714594E-17
-0.37471484E-16
-0.45978357E-16
 0.34831628E-17
 0.69277174E-16
-0.13463666E-15
 0.11262671E-15
-0.20257372E-16
-0.38446384E-16
-0.47779460E-16
 0.79035291E-17
-0.43777513E-17
 0.82806975E-16
-0.42596777E-16
 0.55757998E-16
 0.11331963E-15
-0.69746808E-16
-0.80934122E-16
-0.65743554E-16
 0.82199848E-16
 0.60163880E-16
-0.10035872E-15
-0.56525344E-16
 0.40418166E-16
-0.15797224E-16
 0.11756282E-15
-0.16960535E-16
-0.13299404E-17
-0.77459197E-16
-0.69860546E-16
-0.63813572E-16
 0.58172699E-16
 0.48281246E-16
-0.93911815E-16
-0.42433768E-16
 0.18802024E-17
 0.32382767E-16
 0.40674042E-16
 0.31100732E-16
-0.51501133E-16
 0.69462928E-16
 0.20054349E-16
 0.44042743E-16
-0.16853442E-17
 0.98321559E-16
 0.11084269E-16
 0.22086437E-16
-0.57626118E-16
 0.24123642E-16
 0.65634339E-16
 0.26918159E-16
 0.78243211E-16
-0.49070644E-16
-0.74421636E-16
-0.82455416E-16
-0.16809008E-16
 0.34523537E-16
-0.44505173E-16
-0.32991524E-16
-0.22334130E-16
-0.36405533E-16
-0.47933114E-17
-0.23086831E-16
-0.89176857E-17
-0.91497829E-16
-0.91675033E-16
-0.95187752E-16
 0.29738531E-16
-0.66819578E-16
-0.28548291E-16
 0.58253509E-16
-0.18528205E-16
 0.17448445E-16
 0.77902859E-16
 0.15619921E-16
-0.19652785E-16
 0.66675305E-16
 0.86128015E-16
 0.12702200E-16
-0.31218782E-16
-0.62654954E-16
-0.46738041E-16
 0.68552442E-17
 0.16056104E-16
-0.13570000E-15
-0.98284445E-16
 0.36913456E-16
-0.51621001E-16
 0.21041989E-16
-0.30876216E-16
-0.36429486E-16
 0.38763185E-17
-0.74588669E-16
-0.85341082E-16
-0.10828938E-15
-0.11595985E-16
 0.84264740E-17
 0.86186600E-16
-0.54968104E-17
 0.90198391E-16
 0.13542484E-15
 0.47757356E-16
-0.27088579E-16
-0.48089584E-16
 0.49126924E-16
 0.75816376E-19
-0.10359804E-16
 0.32177642E-16
-0.10403562E-16
 0.75202575E-18
 0.36321147E-16
-0.22324338E-18
-0.62483319E-16
-0.17488878E-16
 0.46712415E-16
 0.13008693E-15
-0.33424578E-16
 0.99422521E-16
 0.36089447E-16
 0.29167107E-16
-0.81135843E-17
-0.30238288E-16
 0.87435728E-17
 0.49815424E-16
 0.43022905E-16
-0.73574298E-16
-0.28400920E-16
-0.84279212E-17
-0.12523481E-15
-0.51184641E-16
-0.91992550E-16
-0.22961767E-17
 0.17776496E-16
-0.48729921E-16
-0.48954333E-16
-0.11341387E-16
-0.57130152E-16
-0.37315611E-16
 0.99880381E-16
 0.98894337E-16
 0.10854295E-15
 0.45937149E-17
-0.37690131E-16
-0.38965361E-16
 0.38620361E-16
 0.79952171E-17
-0.15263606E-16
-0.78965706E-16
 0.59686265E-16
 0.38114596E-16
 0.85167315E-16
 0.26280010E-16
-0.29193516E-17
 0.28346426E-16
-0.17940999E-15
-0.17927568E-16
 0.11702213E-15
-0.18609091E-16
-0.47419892E-17
-0.64570521E-16
-0.36040784E-16
-0.59352379E-17
-0.85011238E-16
-0.46595142E-17
 0.17008657E-17
 0.13397605E-16
 0.42025005E-16
-0.45601303E-16
 0.99463802E-16
-0.21532545E-22
-0.10201378E-21
 0.94621707E-22
 0.61324963E-22
-0.15081829E-21
-0.78915582E-22
-0.31153690E-21
 0.23015124E-21
 0.40341010E-16
 0.98924078E-17
 0.17484763E-16
-0.36751806E-16
 0.35493535E-16
 0.67579089E-16
-0.27711070E-16
 0.12556117E-16
 0.28314445E-16
 0.13314253E-16
-0.80102267E-16
-0.33330514E-16
 0.21090896E-16
 0.87737887E-16
 0.17110999E-16
 0.96342806E-16
 0.20601967E-22
 0.16715003E-15
 0.78309691E-17
-0.45160070E-16
 0.90845529E-16
-0.28094893E-16
 0.71816486E-16
-0.39953737E-16
 0.15090166E-17
-0.62959283E-16
 0.29072443E-16
 0.11806711E-21
 0.17727515E-21
-0.78267052E-22
-0.24098173E-21
-0.35409277E-21
-0.71253855E-22
 0.53122689E-16
-0.16300401E-16
-0.26904489E-16
-0.58332744E-16
 0.27361686E-16
-0.92723896E-17
-0.62635441E-16
-0.28322090E-16
 0.21947622E-16
 0.41575938E-17
 0.44110098E-16
 0.30936047E-16
 0.54744493E-16
 0.33169328E-16
 0.11690308E-16
 0.91390533E-22
-0.89877899E-22
-0.28137066E-22
-0.60803129E-22
-0.65670386E-22
 0.31634661E-21
 0.10484514E-21
 0.22107755E-21
 0.38955037E-22
-0.97450742E-22
-0.78956974E-22
 0.31490825E-22
 0.15587185E-22
-0.20561596E-21
-0.93471409E-22
-0.24338952E-21
 0.42572660E-21
-0.10522740E-20
 0.36929737E-21
-0.47526102E-21
 0.45414801E-21
 0.55170471E-21
 0.40301790E-21
-0.33927146E-21
-0.87461425E-22
-0.15984532E-20
 0.12742459E-21
-0.41887059E-21
-0.44260625E-21
 0.28598190E-21
-0.21345137E-21
-0.41392265E-21
-0.43473511E-21
 0.11629392E-20
-0.64911706E-21
 0.63696812E-21
 0.81942579E-22
 0.40773296E-21
 0.37727191E-22
 0.53806231E-21
-0.67092102E-22
-0.36077406E-21
-0.64041874E-22
-0.17472126E-21
-0.33966104E-22
 0.26599604E-21
 0.40699871E-22
-0.11173675E-21
 0.85994424E-16
 0.43634082E-16
 0.77890497E-16
-0.95195588E-16
-0.79920401E-17
-0.14665375E-16
 0.23649335E-17
 0.24974756E-16
 0.12857574E-15
 0.75200022E-16
 0.33019822E-16
-0.81775751E-17
-0.82289011E-17
 0.28443045E-17
-0.70659423E-16
 0.29973272E-16
-0.82361683E-18
 0.42413027E-16
 0.11861093E-15
-0.28817588E-16
 0.32384966E-16
 0.78809188E-17
-0.65602467E-17
-0.52029835E-16
 0.48577821E-16
-0.57858554E-16
 0.10325730E-15
-0.95647510E-16
-0.19148156E-16
 0.20947416E-21
 0.27818819E-22
-0.34286636E-21
-0.57849652E-21
-0.17447204E-21
-0.28177259E-22
-0.19293671E-16
-0.21932495E-16
 0.91834761E-18
-0.44633566E-16
 0.51018949E-21
 0.18644327E-16
 0.63657816E-16
 0.43746387E-16
 0.13456223E-16
 0.38804052E-21
 0.12167310E-21
 0.34948381E-22
-0.86290659E-21
 0.56531297E-16
-0.23563577E-16
 0.43379340E-16
 0.59591862E-16
 0.53666666E-16
 0.66725860E-16
 0.90271858E-17
 0.30750511E-16
 0.57917777E-16
-0.75325135E-22
 0.24581481E-21
 0.97085678E-22
-0.72830668E-22
-0.20997463E-21
-0.10788678E-22
-0.87345103E-22
-0.14045268E-21
-0.53429285E-21
-0.75561802E-21
 0.11451623E-21
-0.13885002E-21
 0.61988951E-21
-0.18300661E-22
-0.13618753E-21
 0.42298537E-21
 0.28753594E-21
-0.21462752E-21
-0.57911354E-23
-0.14773956E-21
-0.17696495E-21
-0.55834691E-22
 0.53818439E-22
 0.80280481E-21
-0.98111375E-22
-0.17598268E-21
-0.19953096E-21
-0.41914793E-22
 0.10057964E-21
-0.12546003E-21
 0.12460187E-21
 0.67738337E-22
 0.70403207E-22
 0.12937622E-21
-0.14156053E-21
-0.13949626E-21
 0.67253764E-21
-0.90692599E-22
 0.23973483E-22
-0.14024589E-21
 0.75541559E-21
-0.27012617E-21
 0.55644860E-21
 0.36636346E-21
-0.80562077E-21
 0.18678772E-21
-0.40253232E-21
-0.38481993E-21
-0.45703650E-21
-0.48726108E-23
-0.36859138E-22
-0.16706463E-21
-0.84049228E-21
 0.65838407E-22
-0.52802145E-21
 0.38585391E-21
 0.77386188E-21
 0.19826485E-21
 0.37403753E-21
-0.19445207E-21
-0.52180548E-22
-0.31924002E-23
 0.27476853E-22
-0.28315426E-21
-0.30958645E-21
 0.28995265E-21
 0.11068585E-21
 0.12650693E-21
 0.13662128E-21
-0.75790424E-22
-0.17739363E-21
 0.26193191E-21
 0.68922256E-22
 0.33306944E-22
 0.37673027E-21
 0.33668836E-21
 0.10244103E-21
 0.15121896E-21
-0.43810265E-21
 0.24121362E-21
 0.15120319E-21
-0.79802763E-22
 0.83273823E-22
-0.27349684E-21
 0.71904174E-22
-0.44570242E-21
-0.52717254E-21
-0.54791668E-21
-0.68216551E-22
 0.66732953E-16
-0.15361897E-17
 0.50013408E-21
 0.92686934E-17
 0.40397438E-16
-0.58134895E-16
-0.15154408E-16
 0.50091214E-17
-0.61101332E-16
-0.34415667E-16
-0.26169927E-21
 0.33593452E-16
 0.12768826E-15
-0.55411359E-16
-0.46490135E-21
 0.86499586E-16
 0.76487055E-16
 0.48705428E-21
 0.40759325E-21
-0.13002245E-21
-0.19460716E-21
 0.97775333E-22
-0.16941930E-21
 0.11425432E-22
-0.12101394E-21
 0.45994738E-21
 0.31765370E-17
 0.84446172E-16
 0.84156191E-16
 0.14051731E-21
-0.73608586E-16
-0.19052296E-21
 0.35097922E-16
 0.60366278E-17
-0.44087118E-16
 0.38274359E-16
-0.14993189E-21
-0.27428659E-21
 0.57722664E-22
-0.26308221E-21
 0.16285118E-23
-0.23259285E-21
 0.15733234E-21
 0.99132427E-22
-0.46756621E-21
 0.60327498E-22
 0.51061737E-21
-0.56966622E-23
 0.23612708E-21
-0.12415758E-21
 0.12787682E-15
-0.11428150E-16
-0.24130739E-16
 0.16197916E-16
 0.28256492E-21
 0.35368693E-21
 0.52004090E-17
 0.31768156E-17
-0.66333542E-16
-0.35015589E-21
 0.39743367E-22
-0.44571081E-21
-0.69625372E-22
-0.12563552E-21
-0.25805695E-21
-0.19382479E-21
 0.10018240E-21
-0.14310459E-21
-0.25798988E-21
-0.21442072E-22
 0.42481477E-22
-0.25411092E-22
 0.31863881E-21
 0.19603959E-21
-0.49081049E-16
 0.41534455E-16
-0.76797915E-17
 0.10977498E-16
 0.62811443E-21
 0.30068015E-21
 0.23148132E-22
 0.53133430E-22
 0.34612339E-22
-0.17849007E-22
-0.14940950E-21
-0.34991813E-16
 0.14217167E-22
 0.36629884E-21
 0.35128034E-21
-0.10078813E-21
 0.61782336E-21
 0.42173287E-22
-0.82388666E-16
-0.46973519E-21
 0.11063453E-16
 0.18529655E-16
-0.38428294E-16
-0.40781915E-16
 0.49804449E-21
 0.25624138E-21
 0.23895180E-21
 0.16379469E-21
-0.68888635E-22
-0.18088114E-21
-0.99390920E-22
-0.20935393E-21
-0.35771417E-21
 0.33891764E-21
 0.67926026E-21
-0.70684374E-21
-0.82800062E-22
-0.39979160E-21
-0.60301262E-22
-0.27503755E-21
 0.20928962E-21
-0.70423851E-21
-0.20233634E-21
 0.37855339E-21
-0.18015815E-21
 0.18274379E-21
-0.12526616E-21
 0.33353446E-21
 0.33925485E-22
-0.10807956E-21
-0.41104850E-21
 0.67672555E-22
-0.71422643E-22
-0.90501161E-22
 0.46864952E-22
-0.10099358E-21
-0.20244783E-21
-0.68281175E-22
-0.67182575E-22
 0.11719876E-20
 0.25451432E-21
-0.32621935E-21
 0.50264147E-22
 0.48293131E-21
 0.30299367E-21
 0.13156049E-21
 0.10719744E-21
-0.17494534E-16
 0.33869169E-21
 0.29485111E-21
 0.52409647E-22
-0.23635394E-21
 0.20590335E-21
 0.65910053E-21
 0.11048066E-21
-0.74110213E-22
 0.22256328E-21
 0.28343861E-21
 0.27960122E-16
-0.39890207E-16
-0.47723026E-16
 0.38973922E-16
-0.34872821E-16
 0.53803738E-18
 0.69772631E-16
 0.17338641E-16
-0.37232228E-16
-0.34290547E-16
-0.31433977E-16
 0.20722029E-16
-0.75912408E-17
 0.20781795E-16
 0.15789297E-16
 0.72761444E-16
 0.80840808E-16
 0.29966033E-16
 0.46492459E-16
-0.67053328E-22
-0.94699255E-22
 0.89923332E-18
-0.22738407E-16
-0.38077972E-16
-0.83093077E-16
 0.46886747E-16
-0.12622293E-16
 0.97346899E-16
 0.35029000E-16
 0.74316304E-16
-0.11312357E-15
-0.42521682E-16
-0.26069114E-22
 0.93225840E-22
 0.38502673E-22
-0.76655378E-16
-0.20183273E-16
 0.16802106E-22
 0.45210590E-22
-0.31936926E-22
-0.94634632E-22
 0.11796371E-21
-0.92897941E-16
 0.18271273E-16
-0.23000247E-17
-0.60637622E-16
-0.23799757E-16
 0.59086089E-16
-0.30608861E-16
-0.41753656E-16
-0.85840767E-17
-0.35564986E-16
 0.61071217E-16
-0.30676457E-16
 0.10952119E-16
 0.13242593E-16
 0.26265118E-16
-0.15969412E-15
-0.19894049E-16
 0.59238030E-16
 0.97994802E-16
-0.78254351E-17
 0.16776257E-22
-0.16070226E-16
 0.36741689E-16
-0.17656892E-16
 0.53511416E-16
 0.13673190E-16
-0.38321701E-16
-0.24075772E-16
-0.19009644E-21
-0.78788953E-22
-0.25720147E-21
 0.47017898E-16
 0.30980544E-16
 0.35801411E-23
-0.14342536E-21
 0.32376366E-22
 0.16058936E-21
-0.30657381E-22
-0.15196859E-21
-0.34738190E-17
-0.22654444E-16
-0.39564392E-16
 0.30575956E-21
-0.21883212E-16
 0.85432248E-23
 0.27282743E-21
 0.51931433E-22
-0.21657915E-21
-0.22224017E-21
-0.15380390E-22
 0.48730937E-21
 0.18442612E-22
 0.28654053E-21
-0.56235357E-22
-0.11981194E-21
-0.36383022E-22
 0.11161768E-21
 0.27516680E-22
-0.33706317E-21
 0.12977688E-21
-0.37551376E-16
 0.20918138E-16
-0.10433389E-16
-0.20988397E-16
-0.57564097E-16
-0.15488036E-15
-0.98900801E-16
 0.15302370E-16
 0.44640270E-16
 0.27354428E-16
-0.18902637E-16
 0.40479569E-16
 0.41215795E-17
-0.34235876E-16
 0.11573553E-15
 0.85180212E-16
 0.28598471E-17
 0.27741212E-17
 0.97422330E-16
 0.16509343E-15
-0.81632124E-17
-0.12320712E-15
-0.18881594E-16
 0.42513859E-16
 0.13064847E-15
-0.26070053E-16
 0.53184120E-16
-0.79108950E-16
-0.68923231E-16
 0.24484765E-16
-0.13937883E-16
-0.32078373E-16
-0.45147622E-16
 0.67224144E-16
 0.65443862E-16
 0.69328075E-22
-0.96418240E-23
 0.70636021E-16
 0.26055973E-16
-0.33916498E-16
 0.16429875E-21
-0.15744866E-21
 0.21866676E-23
 0.14081632E-21
-0.83426825E-16
 0.66156958E-16
-0.29777415E-16
 0.41106210E-16
-0.45276503E-16
 0.31587283E-16
-0.10858912E-15
-0.91814199E-16
-0.22784200E-16
-0.48421002E-16
-0.96894022E-16
-0.93663174E-16
-0.10207839E-16
 0.95382780E-16
 0.10446485E-15
 0.25661735E-16
 0.14597220E-16
 0.17797203E-16
 0.75783098E-16
 0.12781614E-15
 0.54278406E-16
 0.63356772E-18
 0.19801279E-16
-0.68151977E-17
-0.93090658E-18
 0.32119073E-16
-0.56016839E-16
-0.47127323E-21
 0.10939203E-15
 0.26406274E-16
-0.13172773E-17
-0.56448405E-16
 0.56629723E-17
 0.69114425E-16
-0.94646990E-16
 0.29623868E-16
 0.57916444E-16
 0.50456312E-16
-0.94501371E-17
-0.13225641E-16
 0.88691484E-16
 0.13052055E-15
 0.69022383E-16
 0.75478763E-16
 0.41064155E-16
-0.38210977E-16
-0.28758688E-16
 0.42073655E-16
