       1       2    4123
     336       3       1
      41       4       3
      42       5       4
       5    4120       2
      46       7    4080       6
       7    4082    4081       8
      47       9       6     181
       9    4083       8     982
     521      10      11
    1890      12      10
      72      13      12
     197      11      14
      73      14      13
    1899      15      16
     402      16      17
     250      17      18
     488      19      15
     251      18      19
    1894      20      21
     349      21      22
     189      23      24
     190      24      20
     315      22      23
      25    4124      26
      27      77      25
      28      78      27
      29      26    4118
     477      30      29
      30     320      28
      31      32     193
      33      31     194
      34     360      32
     362      34      35
      36      33    4108
      35      36    1892
     254      38      82      37
      38     975      83      39
     255      40      37    1909
      40     986      39    1901
      43     184      44
     185      43      41
      44     477      45
      45    4119      42
     355      46    4079      48
     353      47      48     182
      49      50     403
      51     404      50
      52      49     233
    1888      51      53
      54      52     191
      53      54     192
      55     336      56
      57      56    4111
      58     276      59
     195      60      57
      60     196      58
      59     337      55
      61      62     237
      63      61     238
    1900      64      65
      64     521      66
      65      63     363
      62      66     516
      67      68    1886
      69     242      70
      68      70     488
      69     327     243      71
      67     328      71    1887
      74     350      75
    1891      74      72
      76     198      73
      75     351      76
     321      79      78
     246      80      81
     247      81      79
      80    4073      77
     318      84     357      82
      84     973     358      83
     322      85      86
     323      87      88
     364      88      89
     321      86      87
     422      89      85
     252      90      91
     405      91      92
     429      92      93
     253      94      90
     484      93      94
     485      95      96
     420      97      95
     486      96      98
     428      98      99
     421      99      97
     279     100     101
     280     101     102
     507     103     100
     377     102     104
     435     104     103
     441     105     106
     475     107     108
     345     106     109
     346     109     107
     476     108     105
     446     110     111
     447     112     110
     347     113     114
     424     114     112
     348     111     113
     281     115     116
     520     116     117
     378     118     119
     489     117     118
     280     119     115
     449     120     121
     481     122     123
     463     121     122
     386     123     124
     387     124     120
     352     125     126
     433     127     128
     390     126     127
     330     129     125
     331     128     129
     378     130     131
     490     131     132
     437     133     134
     379     134     130
     491     132     133
     466     135     136
     475     137     135
     413     138     139
     414     139     137
     467     136     138
     140     277     141
     141     361     142
     278     140     143
     144     142     444
     143     144     447
     327     146     325     145
     146     254     319     147
     328     148     145    1911
     148     255     147    1910
     282     150     505     149
     150     985     506     151
     283     152     149     357
     152     974     151     358
     285     154     380     153
     154     971     381     155
     286     156     153     505
     156     972     155     506
     288     158     438     157
     158     976     439     159
     289     160     157     380
     160     984     159     381
     291     162     383     161
     162     980     384     163
     292     164     161     438
     164     977     163     439
     294     166     502     165
     166     989     503     167
     295     168     165     383
     168     987     167     384
     297     170     407     169
     170     978     408     171
     298     172     169     502
     172     988     171     503
     333     174     231     173
     174     981     232     175
     334     176     173     407
     176     979     175     408
     457     178    4077     177
     178     355    4078     179
     458     180     177     300
     180     353     179     301
     354     183     182     231
     183     983     181     232
     186     187     479
     188     338     187
     337     188     185
     184     186     478
     191     234     189
     192     190    1889
     196     193     277
     194     195    4110
     352     199     198
     453     197     200
     391     200     199
     201     434     202
     201     203     387
     204     430     205
     431     204     206
     206     202     432
     203     205     388
     207     208     466
     479     209     210
     207     423     211
     210     211     422
     209     473     212
     212     474     208
     213     489     214
     215     519     213
     340     215     216
     217     218     425
     218     214     442
     216     217     341
     219     449     220
     221     222     416
     222     220     464
     417     223     221
     224     450     219
     223     451     224
     225     226     518
     226     227     418
     517     228     225
     227     229     417
     229     230     452
     228     454     230
     233     406     235
     235     332     236
     236     316     234
     239     240     361
     237     517     241
     238     239     360
     241     445     240
     244     399     245
     245     487     242
     244     329     397     243
     248     247     324
     246     457    4074     249
     248     458     249     367
     403     250     252
     253     251     487
     256     482     257
     258     259     428
     257     483     259
     256     368     494     260
     258     369     260     426
     261     262     496
     263     507     264
     264     497     262
     263     371     508     265
     261     372     265     494
     266     267     491
     268     461     269
     267     269     480
     268     374     459     270
     266     375     270     492
     271     272     467
     272     273     365
     274     366     273
     274     455     367     275
     271     456     275     468
     276     278     339
     515     279     281
     395     282     514     284
     396     283     284     359
     512     285     382     287
     513     286     287     514
     510     288     440     290
     511     289     290     382
     498     291     385     293
     499     292     293     440
     500     294     501     296
     504     295     296     385
     471     297     409     299
     472     298     299     501
     455     302     300     393
     302     354     301     356
     421     304     426     303
     304     395     427     305
     400     306     303     397
     306     396     305     398
     436     308     410     307
     308     498     411     309
     435     310     307     508
     310     499     309     509
     413     312     468     311
     312     470     469     313
     415     314     311     459
     314     471     313     460
     330     317     316
     351     315     317
     326     318     359     319
     478     322     320
     324     323     366
     329     326     398     325
     332     432     331
     394     333     356     335
     470     334     335     409
     339     448     338
     518     340     342
     343     444     344
     341     424     343
     342     344     445
     425     345     347
     474     348     346
    1895     349     350
     363     362    1893
     423     365     364
     368     512     495     370
     369     513     370     427
     371     510     509     373
     372     511     373     495
     374     472     460     376
     375     500     376     493
     436     379     377
     386     389     483
     388     486     389
     392     452     391
     451     392     390
     456     394     393     469
     400     420     401
     401     484     399
    1898     402     404
     406     405     431
     437     412     492     410
     412     504     493     411
     415     414     462
     416     520     419
     418     419     519
     429     485     430
     450     433     434
     443     480     441
     443     442     490
     448     446     473
     516     453     454
     462     476     461
     515     464     465
     465     463     497
     482     496     481
     522     523     664
     524     522     665
     889     525     524
     526    4145     527
     525    4143     526
     527    4146     523
     779     528     529
     685     530     528
    1903     529     531
     844     531     532
     686     532     530
     780     533     534
    1883     535     533
     596     536     535
     534     537     740
     536     597     537
     891     538     539
    4155     540     538
     541     542     674
     814     539     541
     540     675     542
     543     544     657
     561     545     543
     544     546     889
     545     562     547
     548     547    4147
     546     548    4144
     975     550     601     549
     550     682     602     551
     986     552     549    1902
     552     683     551    1908
     566     554    4127     553
     554    4134    4133     555
     567     556     553     732
     556    4135     555     745
     983     558     982     557
     558     566    4084     559
     981     560     557     661
     560     567     559     662
     563     564     734
     564     561     658
    4071     565     563
     565    4142     562
     666     568     569
     784     570     568
     667     569     571
     857     571     572
     785     572     570
     845     573     574
     669     575     576
    1896     577     575
     846     574     577
     576     578     670
     573     737     578
     579     580     968
     581     970     580
     582     579     966
    4150     581     583
     584     582     786
     583     584     787
     585     586     776
     587     735     586
     588     585     817
     736     587     589
     590     588     930
     589     590    4058
     591     592    4131
     592     593     676
     594     677     593
     829     591    4132     595
     830     594     595     754
     931     598     599
     599     596    4038
     598     678     600
     597     600     679
     973     603     850     601
     603     743     848     602
     966     604     605
     967     605     606
     865     606     607
     938     608     604
     866     607     608
     892     609     610
     893     610     611
     869     612     613
     895     613     609
     870     611     612
     939     614     615
     900     615     616
     901     616     617
     944     618     614
     956     617     618
     915     619     620
     873     620     621
     874     621     622
     757     622     623
     758     623     619
     776     624     625
     624     777     626
     625     627     818
     627     628     902
     626     887     628
     782     630     823     629
     630     952     897     631
     783     632     629    1906
     632     953     631    1905
     985     634     961     633
     634     788     962     635
     974     636     633     850
     636     789     635     848
     971     638     864     637
     638     791     862     639
     972     640     637     961
     640     792     639     962
     976     642     907     641
     642     794     905     643
     984     644     641     864
     644     795     643     862
     980     646     924     645
     646     797     925     647
     977     648     645     907
     648     798     647     905
     989     650     843     649
     650     800     841     651
     987     652     649     924
     652     801     651     925
     978     654     813     653
     654     811     812     655
     988     656     653     843
     656     825     655     841
     657     890     659
     658     660     735
     660     659     778
     979     663     661     813
     663     733     662     812
     665     668     890
     666     664    4157
     668     667     858
     953     671     672
     750     672     673
     671    1904     669
     673     670     738
     755     674     677
    4156     676     675
     678     932     680
     681     680     928
     741     679     681
     682     782     744     684
     683     783     684    1907
     687     832     688
     820     687     689
     689     685     781
     688     845     686
     933     690     691
     836     691     692
     929     693     690
     692     694     837
     694     695     903
     693     928     695
     944     696     697
     696     916     698
     950     699     700
     875     700     701
     955     697     699
     701     698     873
     964     702     703
     702     867     704
     935     705     706
     936     706     707
     947     703     705
     707     704     868
     917     708     709
     896     709     710
     918     711     708
     710     712     869
     711     937     713
     712     713     871
     714     915     715
     716     941     714
     942     716     717
     717     718     940
     718     719     939
     719     715     916
     720     913     721
     722     723     941
     721     969     724
     911     720     725
     725     722     912
     724     943     723
     726     911     727
     860     726     728
     728     729     857
     729     730     859
     727     904     731
     730     731     887
     733     746     732     747
     734     736    4059
     751     738     739
     847     739     737
     821     742     741
     781     740     742
     743     824     849     744
     746     829     745     748
     811     749     747     826
     749     830     748     827
     751     901     752
     952     750     753
     753     752     954
     756     815     755
     831     756     754     880
     964     759     760
     943     760     758
     965     757     759
     761     762     882
     763     896     764
     764     895     762
     851     761     880     765
     852     763     765     920
     766     767     947
     768     959     769
     767     769     965
     854     766     948     770
     855     768     770     957
     771     772     955
     773     954     774
     772     774     956
     899     771     910     775
     898     773     775     897
     778     888     777
    1884     780     779
     786     861     785
     787     784    4151
     788     908     963     790
     789     885     790     849
     791     945     863     793
     792     960     793     963
     794     927     906     796
     795     946     796     863
     797     922     926     799
     798     923     799     906
     800     883     842     802
     801     884     802     926
     960     804     958     803
     804     951     957     805
     908     806     803     909
     806     950     805     910
     923     808     877     807
     808     919     878     809
     927     810     807     949
     810     935     809     948
     814     816     892
     815     882     816
     817     819     932
     818     903     819
     833     820     822
     822     821     929
     824     898     886     823
     825     828     826     842
     828     831     827     881
     834     900     835
     832     835     847
     934     834     833
     838     942     836
     837     902     839
     912     838     840
     840     839     904
    1897     844     846
     883     851     881     853
     884     852     853     921
     946     854     949     856
     945     855     856     958
     858     859     888
     861     914     860
     969     865     867
     868     866     937
     968     870     872
     872     871     938
     951     875     876
     876     874     959
     922     879     921     877
     879     917     920     878
     885     899     909     886
    4152     891     894
     970     894     893
     914     967     913
     919     936     918
     930     931    4039
     940     934     933
    4064     990     991
    1029     992     993
    1178     994     992
    1874     991     994
    1030     993     990
     995     996    1034
     997    1112     996
     998     995    1035
    1880     997     999
    1000     998    1888
     999    1000    1881
    4053    1001    1002
    1321    1003    1001
    1143    1002    1004
    1144    1004    1005
    1269    1005    1003
    1296    1006    1007
    1265    1007    1008
    1139    1008    1009
    1897    1010    1006
    1140    1009    1010
    1119    1011    1012
    1254    1013    1014
    1120    1012    1013
    1011    1876    1015
    1014    1015    1328
    1899    1016    1017
    1300    1018    1016
    1018    1061    1019
    1147    1020    1021
    1886    1017    1020
    1021    1019    1062
    1022    1023    1116
    1024    1022    1186
    1025    1065    1023
    1026    1066    1025
    4049    1027    1024
    1028    1884    1026
    1027    1885    1028
    1029    1031    1179
    1127    1032    1033
    1032    1128    1031
    1033    1030    4063
    1034    1113    1036
    1036    1176    1037
    1035    1038    1898
    1038    1037    1300
    1879    1039    1040
    1039    1180    1041
    1040    1042    1329
    1043    1044    1131
    1042    1043    1330
    1041    1132    1044
    4056    1045    1046
    1047    1183    1048
    1045    1187    1047
    1046    1049    1321
    1048    1135    1050
    1049    1050    1136
    1051    1052    1904
    1053    1141    1054
    1054    1142    1052
    1188    1051    1905    1055
    1189    1053    1055    1268
    1056    4051    1057
    1058    1059    1145
    1057    1146    1059
    1190    1058    1272    1060
    1191    1056    1060    4052
    1299    1063    1061
    1290    1064    1063
    1148    1062    1064
    1066    1903    1067
    1067    1296    1068
    1068    1123    1069
    1069    1117    1065
    1299    1070    1071
    1176    1072    1070
    1177    1073    1072
    1297    1071    1074
    1248    1074    1073
    1075    1076    1301
    1077    1325    1076
    1250    1078    1079
    1251    1077    1078
    1302    1079    1075
    1366    1081    1288    1080
    1081    1190    1289    1082
    1367    1083    1080    4066
    1083    1191    1082    4065
    1276    1085    1194    1084
    1085    1366    1195    1086
    1277    1087    1084    4068
    1087    1367    1086    4067
    1346    1089    1197    1088
    1089    1276    1198    1090
    1347    1091    1088    4070
    1091    1277    1090    4069
    1257    1093    1200    1092
    1093    1346    1201    1094
    1258    1095    1092    4060
    1095    1347    1094    4061
    1324    1097    1907    1096
    1097    1188    1906    1098
    1322    1099    1096    1284
    1099    1189    1098    1285
    1281    1101    1902    1100
    1101    1324    1908    1102
    1279    1103    1100    1203
    1103    1322    1102    1204
    1356    1105    1909    1104
    1105    1281    1901    1106
    1357    1107    1104    1206
    1107    1279    1106    1207
    1192    1109    1911    1108
    1109    1356    1910    1110
    1193    1111    1108    1273
    1111    1357    1110    1274
    1114    1119    1115
    1877    1114    1112
    1113    1115    1121
    1183    1116    1118
    1124    1118    1117
    1121    1122    1177
    1122    1120    1249
    1184    1124    1125
    1293    1126    1123
    1260    1125    1126
    1129    1181    1128
    1129    1257    1245    1130
    1127    1258    1130    4062
    1301    1131    1133
    1179    1134    1132
    1182    1133    1134
    1185    1137    1135
    1320    1136    1138
    1263    1138    1137
    1141    1266    1139
    1142    1140    1896
    4054    1143    1146
    1270    1145    1144
    1147    1192    1887    1149
    1148    1193    1149    1291
    1255    1150    1151
    1249    1151    1152
    1314    1153    1154
    1326    1154    1150
    1153    1298    1155
    1152    1155    1248
    1156    1294    1157
    1158    1159    1266
    1157    1267    1159
    1282    1158    1268    1160
    1283    1156    1160    1295
    1161    1264    1162
    1163    1164    1261
    1162    1262    1164
    1310    1163    1295    1165
    1311    1161    1165    1318
    1166    1270    1167
    1168    1169    1319
    1167    1271    1169
    1286    1168    1318    1170
    1287    1166    1170    1272
    1171    1290    1172
    1173    1174    1298
    1172    1297    1174
    1171    1292    1291    1175
    1173    1337    1175    1315
    1875    1178    1180
    1246    1182    1181
    1185    1184    1262
    4055    1186    1187
    1278    1196    1331    1194
    1196    1365    1332    1195
    1345    1199    1333    1197
    1199    1278    1334    1198
    1259    1202    1335    1200
    1202    1345    1336    1201
    1280    1205    1203    1348
    1205    1323    1204    1349
    1358    1208    1206    1350
    1208    1280    1207    1351
    1364    1210    1316    1209
    1210    1286    1317    1211
    1365    1212    1209    1288
    1212    1287    1211    1289
    1304    1214    1354    1213
    1214    1363    1355    1215
    1305    1216    1213    1331
    1216    1364    1215    1332
    1343    1218    1361    1217
    1218    1304    1362    1219
    1344    1220    1217    1333
    1220    1305    1219    1334
    1341    1222    1308    1221
    1222    1343    1309    1223
    1342    1224    1221    1335
    1224    1344    1223    1336
    1353    1226    1312    1225
    1226    1310    1313    1227
    1363    1228    1225    1316
    1228    1311    1227    1317
    1306    1230    1348    1229
    1230    1352    1349    1231
    1307    1232    1229    1354
    1232    1353    1231    1355
    1359    1234    1350    1233
    1234    1306    1351    1235
    1360    1236    1233    1361
    1236    1307    1235    1362
    1337    1238    1338    1237
    1238    1359    1339    1239
    1340    1240    1237    1308
    1240    1360    1239    1309
    1323    1242    1284    1241
    1242    1282    1285    1243
    1352    1244    1241    1312
    1244    1283    1243    1313
    1247    1302    1246
    1247    1259    1303    1245
    1252    1326    1251
    1252    1341    1327    1253
    1250    1342    1253    1303
    1255    1256    1325
    1254    1330    1256
    1294    1261    1260
    1264    1319    1263
    1293    1265    1267
    1271    1269    1320
    1292    1275    1273    1338
    1275    1358    1274    1339
    1314    1340    1315    1327
    1329    1328    1878
    1368    1424    1369
    1368    1370    1776
    1892    1371    1372
    1372    1369    1425
    1371    4109    1373
    1373    4126    1370
    4161    1374    1375
    1676    1375    1376
    1377    1429    1378
    1376    1378    1574
    1430    1377    1374
    1807    1379    1380
    1503    1381    1382
    1598    1383    1381
    4097    1380    1383
    1504    1382    1379
    1691    1384    1385
    4072    1386    1387
    4106    1387    1384
    1578    1388    1386
    1385    1389    1507
    1388    1508    1389
    1434    1390    1391
    1390    1435    1392
    4099    1391    1393
    1393    1394    1595
    1392    1596    1394
    1395    1396    1894
    1800    1397    1395
    1511    1398    1399
    1512    1399    1400
    1603    1400    1397
    1398    1882    1396
    1401    1677    1402
    1402    1747    1403
    1404    1403    1780
    4159    1405    1404
    1406    1676    1401
    4160    1406    1405
    1407    1860    1408
    1408    1591    1409
    1870    1407    1410
    1410    1411    1876
    1409    1592    1411
    1412    4057    1413
    1412    1414    1607
    1703    1415    1416
    1416    1413    1874
    1415    1516    1417
    1414    1417    1517
    1418    4040    1419
    1419    4047    1420
    1579    1418    1421
    1420    1770    1422
    1421    1423    1580
    1422    1731    1423
    1424    1570    1426
    1893    1425    1427
    1678    1427    1428
    1428    1426    1571
    1864    1431    1432
    1432    1433    4095
    1431    1575    1429
    1433    1430    4130
    1436    1780    1437
    1438    1434    4114
    1435    1437    1778
    4129    1436    1438
    1844    1439    1440
    1845    1441    1439
    1758    1442    1441
    1759    1440    1442
    1692    1443    1444
    1581    1445    1446
    1693    1444    1447
    1582    1448    1445
    1733    1446    1443
    4113    1447    1448
    1586    1449    1450
    1449    1706    1451
    1451    1775    1452
    1450    1453    1587
    1453    1454    4121
    1452    1777    1454
    1754    1455    1456
    1457    1704    1458
    1455    1705    1457
    1458    1879    1459
    1456    1460    1593
    1459    1594    1460
    1461    4036    1462
    1822    1461    1463
    1464    1465    1608
    1466    1464    1681
    1462    1609    1465
    1463    1466    1781
    1467    4044    1468
    1469    1699    1467
    1700    1469    1470
    1468    1823    1471
    1471    1819    1472
    1470    1472    1749
    1473    1890    1474
    1744    1473    1475
    1474    1679    1476
    1475    1477    1736
    1476    1680    1478
    1477    1478    1689
    1479    1800    1480
    1480    1895    1481
    1798    1479    1482
    1481    1745    1483
    1483    1746    1484
    1482    1484    1791
    1485    1486    1701
    1487    1485    1702
    1488    4042    1486
    1839    1488    1489
    1490    1487    1752
    1489    1490    1840
    1491    4048    1492
    1492    1841    1493
    1770    1491    1494
    1494    1495    1771
    1495    1496    1722
    1493    1723    1496
    1497    1498    1801
    1832    1499    1497
    1498    1500    1695
    1499    4094    1501
    1501    1595    1502
    1500    1502    1597
    1709    1505    1506
    1599    1503    1505
    1805    1506    1504
    1732    1509    1510
    1692    1507    1509
    1580    1510    1508
    1513    1871    1514
    1515    1855    1513
    1604    1515    1512
    1514    1880    1511
    1682    1518    1519
    1705    1519    1516
    1608    1517    1518
    1849    1520    1521
    1717    1521    1522
    1718    1522    1523
    1830    1523    1524
    1850    1524    1520
    1707    1525    1526
    1772    1527    1528
    1795    1528    1529
    1831    1529    1525
    1708    1526    1527
    1690    1530    1531
    1773    1532    1530
    1737    1533    1534
    1774    1534    1532
    1689    1531    1533
    1808    1535    1536
    1820    1537    1535
    1782    1538    1539
    1784    1536    1538
    1783    1539    1537
    1806    1540    1541
    1709    1541    1542
    1816    1543    1540
    1710    1542    1544
    1865    1544    1543
    1545    1546    1767
    1724    1547    1545
    1725    1548    1547
    1842    1549    1548
    1549    1824    1546
    1726    1550    1551
    1827    1552    1550
    1727    1551    1553
    1553    1554    1825
    1552    1826    1554
    1859    1555    1556
    1828    1557    1555
    1810    1558    1559
    1852    1556    1558
    1811    1559    1557
    1560    1849    1561
    1562    1785    1560
    1786    1562    1563
    1563    1564    1835
    1564    1561    1851
    1565    1566    1747
    1567    1778    1566
    1792    1568    1569
    1568    1779    1567
    1569    1565    1748
    1775    1572    1570
    1690    1573    1572
    1680    1571    1573
    1684    1576    1577
    1685    1577    1575
    1677    1574    1576
    4041    1579    1578
    1807    1583    1584
    4098    1582    1583
    1742    1584    1585
    1734    1585    1581
    1588    1707    1586
    1589    1833    1588
    1590    1587    4092
    1834    1589    1590
    1755    1593    1591
    1594    1878    1592
    1696    1597    1596
    1600    1599    1711
    1862    1601    1600
    1602    4096    1598
    1601    1864    1602
    1854    1604    1605
    1606    1603    1712
    1605    1606    1713
    4037    1607    1609
    1859    1610    1611
    1787    1611    1612
    1785    1612    1613
    1847    1614    1610
    1848    1615    1614
    1850    1613    1615
    1872    1616    1617
    1617    1618    1873
    1857    1619    1616
    1836    1620    1619
    1618    1621    1760
    1620    1761    1621
    1799    1622    1623
    1624    1625    1796
    1623    1624    1813
    1622    1791    1626
    1626    1789    1627
    1625    1627    1790
    1628    1739    1629
    1630    1629    1768
    1631    1630    1817
    1632    1631    1806
    1740    1628    1633
    1633    1632    1743
    1634    1733    1635
    1635    1732    1636
    1771    1637    1638
    1639    1735    1634
    1637    1741    1639
    1638    1636    1731
    1640    1641    1756
    1641    1642    1754
    1869    1643    1640
    1642    1644    1757
    1643    1809    1645
    1645    1784    1644
    1646    1647    1828
    1648    1646    1858
    1866    1649    1650
    1649    1829    1647
    1650    1651    1867
    1651    1648    1857
    1652    1653    1856
    1654    1861    1653
    1655    1652    1854
    1762    1654    1656
    1657    1655    1812
    1656    1657    1763
    1658    1808    1659
    1660    1659    1809
    1661    1660    1868
    1662    1661    1866
    1821    1658    1663
    1663    1662    1843
    1664    1750    1665
    1751    1664    1666
    1665    1821    1667
    1666    1668    1753
    1667    1837    1669
    1669    1838    1668
    1670    1851    1671
    1672    1844    1670
    1673    1671    1804
    1674    1794    1672
    1793    1675    1673
    1675    1792    1674
    1679    1900    1678
    1682    1757    1683
    1681    1683    1782
    1686    1687    1846
    1794    1688    1686
    1687    1685    1862
    1688    1748    1684
    4112    1694    1693
    4107    1691    1694
    1695    1697    1802
    1697    1698    1793
    1698    1696    1779
    1699    1701    4045
    1702    1700    1751
    1704    1703    1875
    1706    1708    1773
    1863    1711    1710
    1712    1798    1714
    1713    1715    1853
    1714    1799    1716
    1716    1814    1715
    1802    1719    1720
    1720    1721    1803
    1721    1718    1831
    1719    1804    1717
    1769    1722    1724
    1840    1725    1723
    1872    1726    1728
    1867    1728    1729
    1843    1729    1730
    1837    1730    1727
    1735    1740    1734
    1736    1738    1746
    1738    1737    1789
    1741    1769    1739
    1743    1805    1742
    1745    1891    1744
    1750    1749    1820
    1752    1753    1842
    1756    1755    1861
    1835    1759    1761
    1865    1760    1758
    1764    1869    1762
    1868    1764    1765
    1765    1766    1829
    1763    1811    1766
    1768    1767    1826
    1772    1790    1774
    1777    1776    4125
    1781    1783    1819
    1858    1787    1788
    1788    1786    1836
    1795    1830    1797
    1796    1797    1848
    1801    1803    1833
    1812    1853    1810
    1813    1847    1815
    1815    1852    1814
    1818    1873    1816
    1817    1827    1818
    1823    4046    1822
    1838    1825    1824
    4093    1832    1834
    1841    4043    1839
    1846    1863    1845
    1855    1856    1860
    1871    1870    1877
    1881    1889    1882
    1885    4050    1883
    1912    1953    1913
    1913    2101    1914
    1954    1912    1915
    1915    1916    4042
    1914    4016    1917
    1916    1917    4018
    2038    1918    1919
    4047    1920    1918
    2039    1919    1921
    2079    1921    1922
    2212    1922    1920
    1970    1923    1924
    2159    1925    1923
    2909    1926    1927
    2161    1927    1925
    1971    1924    1926
    1975    1928    1929
    4019    1930    1931
    2169    1929    1932
    2170    1932    1930
    1976    1931    1928
    2147    1933    1934
    2914    1935    1936
    2046    1937    1935
    4103    1936    1933
    1937    1980    1938
    1934    1938    1981
    1939    2148    1940
    1941    1942    2042
    1943    1941    2043
    4105    1939    1944
    1944    1943    4072
    1942    1940    2113
    2049    1946    1984    1945
    1946    2472    1985    1947
    2050    1948    1945    2921
    1948    2473    1947    2919
    1987    1950    4030    1949
    1950    2464    4029    1951
    1988    1952    1949    2052
    1952    2465    1951    2053
    4043    1955    1954
    1953    1956    2102
    1956    1957    2040
    1955    2041    1957
    1958    2208    1959
    2087    1958    1960
    2044    1960    1961
    4040    1962    1963
    2045    1961    1962
    1963    1959    2212
    1964    1965    2162
    1966    2922    1965
    1967    1964    2136
    2127    1968    1967
    1969    2047    1966
    1968    2048    1969
    1970    1972    2139
    2123    1973    1974
    1973    2124    1972
    1974    1971    2920
    1975    2141    1977
    2125    1978    1979
    1979    1977    2126
    1978    4032    1976
    2149    1981    1982
    2048    1983    1980
    2128    1982    1983
    2083    1986    2204    1984
    1986    2471    2205    1985
    2125    1987    4031    1989
    2109    1988    1989    2085
    2160    1990    1991
    2174    1991    1992
    2139    1993    1990
    2178    1992    1994
    2140    1994    1993
    2172    1995    1996
    2141    1996    1997
    2142    1997    1998
    2153    1999    1995
    2154    1998    1999
    2163    2000    2001
    2192    2002    2003
    2164    2001    2004
    2189    2004    2002
    2210    2003    2000
    2145    2005    2006
    2185    2007    2005
    2143    2006    2008
    2129    2008    2009
    2130    2009    2007
    2211    2010    2011
    2176    2012    2013
    2188    2011    2014
    2177    2014    2012
    2193    2013    2010
    2175    2015    2016
    2016    2017    2209
    2015    2174    2018
    2018    2179    2019
    2017    2019    2192
    2020    2171    2021
    2022    2021    2103
    2023    2119    2020
    2102    2024    2022
    2025    2116    2023
    2024    2104    2025
    2202    2027    2134    2026
    2027    2466    2135    2028
    2203    2029    2026    2204
    2029    2468    2028    2205
    2181    2031    2157    2030
    2031    2474    2158    2032
    2201    2033    2030    2134
    2033    2467    2032    2135
    2196    2035    2197    2034
    2035    2469    2198    2036
    2182    2037    2034    2157
    2037    2475    2036    2158
    4048    2038    2041
    2080    2040    2039
    2042    2088    2044
    2043    2045    4041
    2047    2046    2915
    2105    2049    2084    2051
    2123    2050    2051    2923
    2086    2054    2052    2197
    2054    2470    2053    2198
    2176    2055    2056
    2056    2057    2155
    2167    2058    2059
    2156    2060    2058
    2194    2059    2055
    2060    2154    2057
    2061    2062    2179
    2063    2061    2178
    2183    2064    2065
    2180    2065    2063
    2190    2066    2064
    2066    2189    2062
    2067    2206    2068
    2068    2209    2069
    2186    2067    2070
    2070    2071    2187
    2071    2072    2188
    2072    2069    2210
    2073    2175    2074
    2075    2074    2150
    2076    2137    2073
    2151    2077    2075
    2078    2127    2076
    2077    2128    2078
    2081    2082    2117
    2104    2080    2081
    2082    2079    2146
    2106    2083    2184    2084
    2110    2086    2085    2168
    2088    2114    2089
    2089    2152    2090
    2090    2207    2087
    2091    2165    2092
    2093    2094    2190
    2092    2164    2094
    2091    2201    2199    2095
    2093    2202    2095    2191
    2096    2097    2200
    2098    2194    2099
    2099    2193    2097
    2098    2182    2195    2100
    2096    2181    2100    2199
    2101    2103    4017
    2106    2180    2107
    2105    2108    2124
    2107    2140    2108
    2110    2111    2156
    2109    2126    2112
    2111    2112    2142
    2114    2115    2151
    2115    2113    2149
    2117    2143    2118
    2116    2118    2120
    2119    2121    2169
    2121    2122    2172
    2122    2120    2144
    2131    2173    2132
    2132    2144    2129
    2133    2177    2131
    2187    2133    2130
    2136    2159    2138
    2137    2138    2160
    2145    2146    2208
    4104    2147    2148
    2152    2150    2206
    2173    2155    2153
    2162    2910    2161
    2163    2166    2211
    2165    2200    2166
    2167    2196    2168    2195
    2171    2170    4020
    2183    2203    2191    2184
    2207    2186    2185
    4014    2213    2214
    2293    2215    2216
    2358    2214    2215
    2408    2217    2213
    2294    2216    2217
    2218    2912    2219
    2254    2220    2221
    2312    2221    2222
    2255    2218    2220
    2222    2219    2388
    2223    2325    2224
    2225    2460    2223
    2226    2227    2298
    2224    2299    2227
    2911    2228    2226
    2228    4013    2225
    2472    2230    2258    2229
    2230    2318    2259    2231
    2473    2232    2229    2918
    2232    2319    2231    2917
    2464    2234    4028    2233
    2234    2261    4027    2235
    2465    2236    2233    2384
    2236    2262    2235    2382
    2237    2238    2389
    2238    2239    2328
    2300    2240    2241
    2241    2242    2905
    2240    2301    2239
    2237    2388    2242
    2243    2359    2244
    2244    2302    2245
    4011    2243    2246
    2246    2247    2461
    2247    2248    2462
    2248    2245    2303
    2249    2250    4033
    2251    2409    2252
    2252    2410    2250
    2323    2249    4022    2253
    2324    2251    2253    2402
    2256    2913    2255
    2441    2254    2313    2257
    2442    2256    2257    2903
    2471    2260    2417    2258
    2260    2340    2415    2259
    2261    2315    4024    2263
    2262    2316    2263    2346
    2326    2264    2265
    2329    2265    2266
    2412    2266    2267
    2425    2267    2268
    2327    2268    2264
    2379    2270    2349    2269
    2270    2441    2350    2271
    2380    2272    2269    2907
    2272    2442    2271    2904
    2318    2274    2341    2273
    2274    2379    2377    2275
    2319    2276    2273    2916
    2276    2380    2275    2908
    2466    2278    2455    2277
    2278    2352    2456    2279
    2468    2280    2277    2417
    2280    2353    2279    2415
    2474    2282    2406    2281
    2282    2355    2407    2283
    2467    2284    2281    2455
    2284    2356    2283    2456
    2469    2286    2320    2285
    2286    2398    2321    2287
    2475    2288    2285    2406
    2288    2399    2287    2407
    2438    2290    4009    2289
    2290    2323    4010    2291
    2436    2292    2289    2385
    2292    2324    2291    2386
    2360    2293    2295
    2411    2296    2297
    2409    2297    2294
    2429    2295    2296
    2906    2298    2300
    2299    2326    2301
    2360    2304    2302
    2463    2303    2305
    2430    2305    2304
    2306    2463    2307
    2434    2308    2309
    2306    2310    2426
    2309    2307    2452
    2308    2428    2311
    2311    2425    2310
    2314    2312    2342
    2445    2314    2343    2313
    2315    2438    4023    2317
    2316    2436    2317    2347
    2470    2322    2384    2320
    2322    2383    2382    2321
    2325    2427    2327
    2390    2328    2329
    2330    2331    2429
    2332    2452    2333
    2331    2333    2430
    2419    2330    2431    2334
    2420    2332    2334    2453
    2335    2336    2428
    2337    2413    2338
    2338    2412    2336
    2450    2335    2435    2339
    2443    2337    2339    2414
    2340    2378    2416    2341
    2344    2345    2391
    2342    2389    2345
    2444    2344    2414    2343
    2383    2348    2346    2400
    2348    2437    2347    2401
    2381    2351    2421    2349
    2351    2445    2422    2350
    2352    2392    2457    2354
    2353    2393    2354    2416
    2355    2395    2404    2357
    2356    2396    2357    2457
    4021    2358    2359
    2423    2362    2459    2361
    2362    2443    2451    2363
    2424    2364    2361    2421
    2364    2444    2363    2422
    2446    2366    2448    2365
    2366    2454    2449    2367
    2447    2368    2365    2459
    2368    2450    2367    2451
    2439    2370    2432    2369
    2370    2419    2433    2371
    2440    2372    2369    2448
    2372    2420    2371    2449
    2398    2374    2400    2373
    2374    2439    2401    2375
    2399    2376    2373    2404
    2376    2440    2375    2405
    2378    2381    2418    2377
    2437    2387    2385    2432
    2387    2403    2386    2433
    2413    2391    2390
    2392    2423    2458    2394
    2393    2424    2394    2418
    2395    2446    2405    2397
    2396    2447    2397    2458
    2403    2411    2402    2431
    2410    2408    4015
    2462    2426    2427
    2454    2434    2453    2435
    4012    2461    2460
    4100    2476    2477
    2794    2477    2478
    2518    2478    2479
    2519    2479    2476
    2480    2481    2561
    4170    2482    2480
    2481    2483    2562
    2483    2484    2834
    2482    4171    2485
    2484    2485    4173
    2876    2486    2487
    2910    2487    2488
    2666    2489    2486
    2780    2488    2490
    2667    2490    2489
    4025    2491    2492
    2628    2492    2493
    2629    2493    2494
    2523    2494    2495
    2524    2495    2491
    4101    2496    2497
    2633    2498    2499
    2528    2497    2500
    2690    2499    2496
    2529    2500    2498
    4176    2501    2502
    2677    2503    2501
    2566    2502    2504
    2567    2504    2505
    2678    2505    2503
    2506    2507    2684
    2720    2508    2506
    2509    2510    2912
    2721    2511    2508
    2509    2685    2507
    2511    2905    2510
    2512    2513    2662
    2514    2794    2513
    2515    4117    2514
    2571    2516    2512
    2517    4115    2515
    2516    2572    2517
    2694    2518    2520
    2651    2521    2522
    2652    2520    2521
    4075    2522    2519
    2525    2526    2911
    2640    2527    2525
    2526    2524    4026
    2527    2637    2523
    2528    2530    4102
    2648    2531    2532
    2634    2532    2529
    2531    2914    2530
    4175    2533    2534
    2784    2535    2533
    2857    2534    2536
    2698    2536    2537
    2699    2537    2538
    2785    2538    2535
    2807    2539    2540
    2791    2541    2539
    2913    2540    2542
    2542    2543    2685
    2541    2655    2544
    2543    2544    2656
    2545    2546    2922
    2547    2681    2548
    2546    2549    2876
    2649    2550    2545
    2550    2650    2547
    2549    2548    2779
    2551    2552    2854
    2553    4162    2554
    2552    2554    2858
    2703    2551    2829    2555
    2704    2553    2555    4163
    2556    2920    2557
    2558    2559    2781
    2559    2557    2782
    2556    2659    2923    2560
    2558    2660    2560    2727
    2563    2564    2730
    2561    2563    2786
    2562    2835    2565
    2564    2565    2731
    2568    2569    2771
    2569    2567    2679
    2834    2570    2568
    2570    4174    2566
    2663    2573    2571
    2572    2574    4116
    2574    2575    2691
    2573    2692    2575
    2837    2576    2577
    2732    2577    2578
    2787    2579    2580
    2797    2580    2576
    2733    2578    2579
    2875    2581    2582
    2779    2583    2581
    2776    2584    2585
    2865    2582    2584
    2777    2585    2583
    2724    2586    2587
    2725    2588    2586
    2796    2589    2588
    2802    2590    2589
    2778    2587    2590
    2772    2591    2592
    2773    2593    2591
    2774    2594    2593
    2788    2595    2594
    2836    2592    2595
    2901    2597    2845    2596
    2597    2703    2830    2598
    2902    2599    2596    4091
    2599    2704    2598    4128
    2811    2601    2734    2600
    2601    2901    2735    2602
    2812    2603    2600    4089
    2603    2902    2602    4090
    2883    2605    2737    2604
    2605    2811    2738    2606
    2884    2607    2604    4087
    2607    2812    2606    4088
    2826    2609    2740    2608
    2609    2883    2741    2610
    2827    2611    2608    4085
    2611    2884    2610    4086
    2868    2613    2904    2612
    2613    2807    2903    2614
    2869    2615    2612    2743
    2615    2805    2614    2744
    2841    2617    2908    2616
    2617    2868    2907    2618
    2839    2619    2616    2746
    2619    2869    2618    2747
    2893    2621    2917    2620
    2621    2841    2916    2622
    2894    2623    2620    2749
    2623    2839    2622    2750
    2810    2625    2919    2624
    2625    2893    2918    2626
    2808    2627    2624    2752
    2627    2894    2626    2753
    2630    2677    2631
    4034    2628    2632
    2632    2631    4177
    2630    2629    2638
    2635    2636    2682
    2650    2634    2635
    2636    2633    2692
    2641    2639    2637
    2644    2638    2639
    2642    2643    2721
    2643    2640    2906
    2645    2641    2642
    2646    2645    2686
    2680    2647    2646
    2647    2678    2644
    2915    2648    2649
    2653    2695    2652
    2653    2826    2800    2654
    2651    2827    2654    4076
    2792    2657    2655
    2684    2656    2658
    2722    2658    2657
    2659    2810    2921    2661
    2660    2808    2661    2728
    2662    2795    2664
    2693    2663    2665
    2665    2664    2725
    2875    2668    2666
    2783    2669    2670
    2781    2667    2669
    2874    2670    2668
    2671    2672    2792
    2673    2789    2672
    2806    2674    2675
    2790    2673    2676
    2849    2676    2674
    2793    2675    2671
    2679    2680    2687
    2683    2726    2681
    2682    2693    2683
    2686    2720    2688
    2687    2689    2773
    2689    2688    2723
    4122    2691    2690
    2694    2696    2795
    2696    2697    2796
    2695    2801    2697
    2855    2700    2701
    2854    2698    2700
    2798    2701    2702
    2702    2699    2787
    2705    2847    2706
    2707    2708    2849
    2708    2706    2848
    2820    2707    2850    2709
    2821    2705    2709    2852
    2710    2803    2711
    2712    2713    2801
    2711    2802    2713
    2710    2843    2862    2714
    2712    2828    2714    2800
    2715    2874    2716
    2717    2718    2864
    2716    2865    2718
    2715    2823    2872    2719
    2717    2824    2719    2862
    2723    2722    2775
    2726    2724    2777
    2783    2729    2727    2872
    2729    2809    2728    2873
    2731    2836    2732
    2730    2733    2785
    2813    2736    2891    2734
    2736    2900    2899    2735
    2885    2739    2886    2737
    2739    2813    2892    2738
    2828    2742    2844    2740
    2742    2885    2882    2741
    2870    2745    2743    2851
    2745    2806    2744    2850
    2840    2748    2746    2814
    2748    2870    2747    2815
    2895    2751    2749    2817
    2751    2840    2750    2818
    2809    2754    2752    2877
    2754    2895    2753    2878
    2859    2756    2853    2755
    2756    2856    2852    2757
    2846    2758    2755    2830
    2758    2855    2757    2829
    2889    2760    2866    2759
    2760    2861    2867    2761
    2890    2762    2759    2899
    2762    2859    2761    2860
    2897    2764    2887    2763
    2764    2889    2888    2765
    2898    2766    2763    2892
    2766    2890    2765    2891
    2880    2768    2831    2767
    2768    2897    2832    2769
    2881    2770    2767    2882
    2770    2898    2769    2886
    2771    2772    2835
    2774    2775    2789
    2804    2776    2778
    2782    2909    2780
    4172    2786    2784
    2838    2788    2790
    2805    2793    2791
    2856    2798    2799
    2799    2797    2847
    2803    2864    2804
    2842    2816    2814    2866
    2816    2871    2815    2867
    2896    2819    2817    2887
    2819    2842    2818    2888
    2871    2820    2851    2822
    2861    2821    2822    2853
    2823    2879    2873    2825
    2824    2880    2825    2863
    2879    2833    2877    2831
    2833    2896    2878    2832
    2838    2848    2837
    2843    2881    2863    2844
    2900    2846    2860    2845
    2858    4182    2857
    3091    2924    2925
    4136    2926    2924
    3092    2925    2927
    3405    2927    2928
    4139    2928    2926
    2929    2930    3372
    3994    2931    2932
    2990    2933    2931
    2933    2991    2930
    4051    2932    2929
    2934    2935    4149
    2936    2986    2937
    2935    2937    2987
    2938    3088    2936
    4148    2938    2934
    2939    3107    2940
    2941    4071    2939
    4140    2942    2943
    2942    4141    2941
    2944    2940    3108
    2943    2944    3405
    3096    2945    2946
    3346    2947    2948
    3097    2946    2947
    3324    2948    2945
    2949    2950    2986
    2951    2988    2950
    3366    2952    2953
    3089    2953    2949
    4158    2951    2952
    2995    2954    2955
    3083    2955    2956
    2996    2957    2954
    4015    2958    2957
    3084    2956    2958
    3171    2959    2960
    3172    2960    2961
    3358    2961    2962
    3571    2963    2959
    3996    2962    2963
    3102    2964    2965
    3359    2966    2964
    4002    2967    2968
    3360    2968    2966
    3103    2965    2967
    3109    2969    2970
    3110    2971    2969
    4058    2972    2971
    3352    2973    2972
    3328    2970    2973
    2974    3392    2975
    3187    2974    2976
    2977    4179    2978
    2977    2979    4180
    2976    2978    3188
    2975    3393    2979
    2980    2981    3112
    4013    2982    2980
    2981    2983    3113
    2983    2984    3347
    2982    4026    2985
    2984    2985    3348
    4153    2987    2989
    4154    2989    2988
    2991    2992    3350
    3995    2993    2990
    2993    3078    2994
    2994    3079    2992
    2995    3336    2997
    3998    2998    2999
    2998    4033    2996
    2999    2997    3337
    3382    3000    3001
    3395    3001    3002
    3383    3003    3000
    3501    3002    3003
    3561    3004    3005
    3562    3006    3004
    3006    4167    3007
    3005    3008    3167
    3009    3007    3394
    3009    3168    3008
    3373    3010    3011
    3359    3011    3012
    3172    3012    3013
    3173    3013    3010
    3569    3014    3015
    3442    3016    3014
    3175    3017    3016
    3176    3015    3017
    3088    3018    3019
    3019    3020    3090
    3341    3021    3022
    4138    3023    3018
    3342    3022    3023
    3021    3317    3020
    3175    3024    3025
    3024    3443    3026
    4006    3027    3028
    3177    3025    3027
    3398    3028    3029
    3029    3026    3399
    4000    3030    3031
    3487    3031    3032
    3437    3032    3033
    3034    3179    3035
    3030    3338    3034
    3033    3035    3180
    4054    3036    3037
    3036    3372    3038
    3468    3037    3039
    3039    3040    3464
    3040    3041    3369
    3038    3370    3041
    3042    3043    4021
    3043    3044    3530
    3376    3045    3042
    3044    3046    3531
    3045    3183    3047
    3046    3047    3184
    3048    4056    3049
    3540    3048    3050
    3049    3469    3051
    3051    3408    3052
    3050    3053    3355
    3052    3356    3053
    3054    3541    3055
    3056    3055    3361
    3057    4049    3058
    3362    3059    3056
    3059    3457    3057
    3058    3542    3054
    3060    3061    3458
    3062    3060    3459
    3063    4038    3061
    3353    3063    3064
    3065    3062    3451
    3064    3065    3354
    3066    3067    3189
    3068    3066    4164
    3518    3069    3068
    3067    3070    3190
    3070    3071    3384
    3069    3431    3071
    3072    3073    3519
    3073    3074    3391
    3520    3075    3072
    3074    3076    3367
    3075    4166    3077
    3076    3077    3368
    4001    3080    3078
    3400    3081    3080
    3081    3320    3082
    3082    3321    3079
    3085    3084    4014
    3530    3086    3085
    3087    3339    3083
    3086    3379    3087
    3089    3090    3318
    3545    3091    3093
    3092    3386    3094
    3546    3093    3095
    3095    3094    3387
    3098    3097    4035
    3099    3325    3096
    3100    3098    4168
    3461    3099    3101
    3101    3100    3562
    3374    3102    3104
    3485    3104    3105
    4003    3106    3103
    3488    3105    3106
    3329    3111    3109
    4059    3110    3107
    3406    3108    3111
    3112    3114    4012
    3114    3115    3377
    3115    3116    3332
    3113    3333    3116
    3531    3117    3118
    3380    3119    3120
    3532    3121    3117
    3379    3118    3119
    3475    3120    3121
    3356    3122    3123
    3409    3124    3122
    3538    3125    3126
    3454    3126    3124
    3357    3123    3125
    3411    3127    3128
    3412    3129    3127
    3557    3130    3129
    3563    3131    3130
    3507    3128    3131
    3536    3132    3133
    3509    3134    3135
    3510    3135    3132
    3570    3136    3134
    3563    3133    3136
    3417    3137    3138
    3515    3139    3137
    3418    3138    3140
    3514    3141    3139
    3511    3140    3141
    3504    3142    3143
    3501    3143    3144
    3502    3144    3145
    3533    3146    3142
    3564    3145    3146
    3547    3147    3148
    3543    3148    3149
    3522    3149    3150
    3419    3150    3151
    3420    3151    3147
    3409    3152    3153
    3466    3154    3155
    3455    3153    3154
    3465    3155    3156
    3410    3156    3152
    3432    3157    3158
    3516    3159    3157
    3433    3158    3160
    3492    3160    3161
    3517    3161    3159
    3445    3162    3163
    3163    3164    3351
    3165    3350    3164
    3162    3371    3166
    3165    3166    3370
    3395    3169    3170
    3392    3170    3168
    3503    3167    3169
    3174    3569    3171
    3434    3174    3173
    4007    3178    3177
    3178    3572    3176
    3340    3181    3182
    3336    3182    3179
    3438    3180    3181
    3401    3185    3186
    3448    3184    3185
    3378    3186    3183
    3190    3382    3187
    3189    3188    4178
    3548    3191    3192
    3193    3194    3388
    3191    3387    3194
    3407    3195    3193
    3192    3196    3515
    3195    3453    3196
    3547    3197    3198
    3470    3198    3199
    3526    3200    3197
    3199    3201    3471
    3521    3202    3200
    3202    3517    3201
    3460    3203    3204
    3205    3514    3206
    3451    3204    3207
    3208    3206    3453
    3483    3205    3203
    3452    3207    3208
    3209    3533    3210
    3559    3211    3212
    3555    3212    3213
    3214    3210    3534
    3560    3209    3211
    3535    3213    3214
    3421    3215    3216
    3550    3217    3218
    3566    3218    3219
    3422    3216    3217
    3215    3507    3220
    3219    3220    3570
    3539    3221    3222
    3524    3222    3223
    3476    3224    3225
    3477    3223    3224
    3536    3225    3226
    3537    3226    3221
    3472    3227    3228
    3528    3229    3230
    3554    3228    3229
    3230    3231    3529
    3227    3473    3232
    3232    3475    3231
    3233    3486    3234
    3489    3233    3235
    3474    3235    3236
    3236    3237    3440
    3234    3439    3238
    3238    3438    3237
    3239    3546    3240
    3240    3548    3241
    3396    3239    3242
    3243    3244    3470
    3397    3242    3243
    3241    3549    3244
    3245    3246    3480
    3481    3247    3245
    3248    3249    3537
    3246    3248    3482
    3249    3250    3510
    3247    3494    3250
    3251    3446    3252
    3495    3253    3254
    3255    3447    3251
    3254    3256    3444
    3253    3481    3255
    3256    3252    3443
    3257    3258    3493
    3258    3259    3504
    3260    3257    3492
    3527    3261    3262
    3262    3260    3521
    3261    3534    3259
    3263    3264    3496
    3567    3265    3263
    3264    3266    3495
    3265    3566    3267
    3266    3268    3494
    3267    3509    3268
    3269    3526    3270
    3270    3543    3271
    3272    3535    3273
    3556    3272    3274
    3273    3527    3269
    3274    3271    3544
    3275    3276    3489
    3277    3435    3278
    3490    3279    3275
    3276    3278    3436
    3280    3567    3277
    3279    3550    3280
    3281    3505    3282
    3463    3281    3283
    3284    3285    3401
    3283    3286    3403
    3286    3284    3402
    3282    3449    3285
    3287    3462    3288
    3288    3461    3289
    3426    3287    3290
    3289    3561    3291
    3290    3292    3427
    3291    3565    3292
    3293    3528    3294
    3295    3552    3293
    3296    3294    3505
    3553    3295    3297
    3298    3296    3506
    3297    3298    3559
    3299    3478    3300
    3479    3299    3301
    3300    3558    3302
    3301    3303    3523
    3302    3544    3304
    3303    3304    3522
    3305    3498    3306
    3484    3305    3307
    3306    3525    3308
    3307    3309    3483
    3308    3512    3310
    3309    3310    3511
    3311    3397    3312
    3391    3313    3314
    3315    3389    3311
    3314    3316    3516
    3313    3390    3315
    3312    3471    3316
    3367    3318    3319
    3390    3319    3317
    3446    3322    3323
    3322    3351    3321
    3399    3323    3320
    3404    3326    3325
    3349    3327    3326
    3347    3324    3327
    3330    3452    3331
    3354    3330    3328
    3331    3407    3329
    3349    3334    3333
    3378    3332    3335
    3402    3335    3334
    3999    3337    3338
    3339    3381    3340
    3343    3344    3396
    3344    3345    3545
    3389    3341    3343
    3345    3342    4137
    3346    3348    4025
    4039    3353    3352
    3541    3355    3357
    4004    3360    3358
    3363    3361    3499
    3459    3362    3364
    3365    3363    3484
    3364    3365    3460
    3366    3368    4181
    3465    3369    3371
    3436    3373    3375
    3486    3375    3374
    3377    3376    4011
    3381    3380    3441
    3493    3383    3385
    3385    3384    3433
    3406    3388    3386
    3394    4183    3393
    4008    3398    3400
    3462    3403    3404
    3408    3464    3410
    3413    3414    3553
    3414    3411    3508
    3558    3412    3415
    3416    3413    3555
    3415    3416    3556
    3549    3417    3420
    3513    3419    3418
    3423    3424    3554
    3424    3422    3551
    3552    3425    3423
    3425    3508    3421
    3428    3463    3426
    3506    3428    3429
    3429    3430    3560
    3430    3427    3564
    3519    3432    3431
    3568    3434    3435
    3485    3437    3439
    3440    3441    3473
    3497    3444    3442
    3467    3445    3447
    3449    3529    3450
    3448    3450    3532
    3539    3454    3456
    3482    3456    3455
    3457    3458    4050
    3480    3466    3467
    3469    4053    3468
    3491    3474    3472
    3478    3476    3557
    3525    3477    3479
    4005    3487    3488
    3551    3490    3491
    3496    3497    3568
    3500    3499    3538
    3498    3500    3524
    3565    3503    3502
    3523    3513    3512
    4165    3520    3518
    3542    4055    3540
    3997    3571    3572
    3613    3573    3574
    4020    3575    3573
    3933    3576    3575
    3614    3574    3576
    4057    3577    3578
    3864    3578    3579
    3619    3580    3577
    3700    3579    3581
    3620    3581    3580
    3582    4045    3583
    3584    3585    3747
    3583    4018    3586
    3888    3582    3584
    3585    3587    3696
    3587    3586    3697
    3721    3589    3623    3588
    3589    3999    3624    3590
    3722    3591    3588    4010
    3591    3998    3590    4022
    3626    3593    4065    3592
    3593    3994    4052    3594
    3627    3595    3592    3723
    3595    3995    3594    3724
    3596    3692    3597
    3889    3596    3598
    4046    3598    3599
    3600    3601    3740
    3741    3599    3600
    3601    3597    3693
    3602    4019    3603
    3602    3604    3933
    3604    3605    3716
    3841    3606    3607
    3607    3603    3842
    3606    3717    3605
    3608    4063    3609
    3610    3611    3865
    3611    3609    3866
    3608    3725    4062    3612
    3610    3726    3612    3867
    3615    3698    3616
    3617    3616    3699
    4017    3613    3617
    3615    3618    3744
    3614    3934    3618
    3732    3621    3622
    3991    3622    3619
    3701    3620    3621
    3736    3625    3925    3623
    3625    4000    3926    3624
    3900    3626    4066    3628
    3898    3627    3628    3738
    3914    3629    3630
    3912    3630    3631
    3930    3632    3629
    3845    3631    3633
    3846    3633    3632
    3932    3634    3635
    3894    3636    3634
    3849    3637    3638
    3895    3638    3636
    3850    3635    3637
    3853    3639    3640
    3992    3641    3642
    3740    3640    3643
    3742    3643    3641
    3990    3642    3639
    3832    3645    3828    3644
    3645    3721    3737    3646
    3833    3647    3644    4023
    3647    3722    3646    4009
    3874    3649    3749    3648
    3649    3832    3750    3650
    3875    3651    3648    4027
    3651    3833    3650    4024
    3959    3653    3752    3652
    3653    3874    3753    3654
    3960    3655    3652    4029
    3655    3875    3654    4028
    3841    3657    3755    3656
    3657    3959    3756    3658
    3843    3659    3656    4031
    3659    3960    3658    4030
    3758    3661    3855    3660
    3661    4003    3856    3662
    3759    3663    3660    3925
    3663    4005    3662    3926
    3761    3665    3988    3664
    3665    4004    3989    3666
    3762    3667    3664    3855
    3667    4002    3666    3856
    3764    3669    3877    3668
    3669    3997    3878    3670
    3765    3671    3668    3988
    3671    3996    3670    3989
    3767    3673    3835    3672
    3673    4006    3836    3674
    3768    3675    3672    3877
    3675    4007    3674    3878
    3739    3677    3723    3676
    3677    4001    3724    3678
    3830    3679    3676    3835
    3679    4008    3678    3836
    3963    3681    4068    3680
    3681    3900    4067    3682
    3961    3683    3680    3770
    3683    3898    3682    3771
    3886    3685    4070    3684
    3685    3963    4069    3686
    3887    3687    3684    3773
    3687    3961    3686    3774
    3725    3689    4060    3688
    3689    3886    4061    3690
    3726    3691    3688    3880
    3691    3887    3690    3881
    3890    3694    3692
    3854    3693    3695
    3871    3695    3694
    3745    3696    3698
    3699    3697    4016
    3838    3702    3703
    3865    3700    3702
    3733    3703    3701
    3853    3704    3705
    3706    3707    3872
    3704    3854    3707
    3923    3708    3709
    3913    3709    3706
    3979    3705    3708
    3710    3711    3932
    3710    3914    3712
    3713    3712    3891
    3748    3714    3713
    3714    3745    3715
    3715    3746    3711
    3718    3896    3719
    3716    3719    3934
    3844    3720    3717
    3868    3718    3720
    3727    3728    3979
    3729    3915    3730
    3728    3730    3990
    3729    3892    3916    3731
    3727    3893    3731    3980
    3732    3992    3734
    3839    3733    3735
    3735    3734    3915
    3829    3736    3929    3737
    3899    3739    3738    3831
    4036    3741    3743
    3743    3742    3993
    3746    3744    3935
    3747    3748    3890
    3876    3751    3921    3749
    3751    3834    3919    3750
    3957    3754    3958    3752
    3754    3876    3922    3753
    3844    3757    3869    3755
    3757    3957    3942    3756
    3927    3758    3857    3760
    3928    3759    3760    3929
    3936    3761    3987    3763
    3937    3762    3763    3857
    3985    3764    3879    3766
    3986    3765    3766    3987
    3949    3767    3837    3769
    3950    3768    3769    3879
    3962    3772    3770    3858
    3772    3899    3771    3859
    3884    3775    3773    3861
    3775    3962    3774    3862
    3902    3777    3940    3776
    3777    3927    3941    3778
    3903    3779    3776    3919
    3779    3928    3778    3920
    3955    3781    3938    3780
    3781    3902    3939    3782
    3956    3783    3780    3922
    3783    3903    3782    3921
    3946    3785    3906    3784
    3785    3955    3907    3786
    3943    3787    3784    3942
    3787    3956    3786    3958
    3904    3789    3969    3788
    3789    3936    3970    3790
    3905    3791    3788    3940
    3791    3937    3790    3941
    3953    3793    3975    3792
    3793    3904    3976    3794
    3954    3795    3792    3938
    3795    3905    3794    3939
    3944    3797    3973    3796
    3797    3953    3974    3798
    3945    3799    3796    3906
    3799    3954    3798    3907
    3908    3801    3983    3800
    3801    3985    3984    3802
    3909    3803    3800    3969
    3803    3986    3802    3970
    3947    3805    3981    3804
    3805    3908    3982    3806
    3948    3807    3804    3975
    3807    3909    3806    3976
    3971    3809    3977    3808
    3809    3947    3978    3810
    3972    3811    3808    3973
    3811    3948    3810    3974
    3910    3813    3951    3812
    3813    3949    3952    3814
    3911    3815    3812    3983
    3815    3950    3814    3984
    3965    3817    3966    3816
    3817    3910    3967    3818
    3968    3819    3816    3981
    3819    3911    3818    3982
    3892    3821    3917    3820
    3821    3965    3918    3822
    3893    3823    3820    3977
    3823    3968    3822    3978
    3882    3825    3880    3824
    3825    3884    3881    3826
    3883    3827    3824    3917
    3827    3885    3826    3918
    3834    3829    3920    3828
    3901    3830    3831    3837
    3838    3882    3867    3840
    3839    3883    3840    3916
    3843    3842    4032
    3847    3913    3845
    3847    3972    3924    3848
    3846    3944    3848    3931
    3851    3930    3850
    3851    3945    3931    3852
    3849    3946    3852    3897
    3964    3860    3858    3951
    3860    3901    3859    3952
    3885    3863    3861    3966
    3863    3964    3862    3967
    3864    3866    4064
    3870    3895    3868
    3870    3943    3897    3869
    3891    3873    3871
    3912    3872    3873
    4044    3888    3889
    3894    3935    3896
    3923    3971    3980    3924
    3993    3991    4037
    4035    4034    4169
