       620         1
         1       621
        93         1
         1        36
         1        95
        68         2
       140         2
        21         2
         2       311
         2       303
       130         3
        58         3
        21         3
         3       303
         3       309
        50         4
        22         4
         4       314
        51         4
         4       308
         4       304
         5       118
        52         5
         5      1354
         5      1358
         5      1374
        23         5
       120         6
       122         6
         6       315
         6       313
        37         6
         7       307
        67         7
         7      1338
        53         7
        24         7
         7      1375
         8      1318
         8        55
        73         8
         8        35
         9       617
         9        93
        25         9
         9        69
        10       625
        10        51
        54        10
        10        50
        65        10
       624        10
       129        11
       130        11
        61        11
        11        87
        11       305
        11       316
        12       112
        12       628
       614        12
        36        12
        12        70
        60        12
        37        13
        13       302
        13       312
        13       140
       136        13
        81        13
        87        14
        14       306
        14        67
        14       310
        88        14
        77        14
        15        65
        15        75
        15       618
       111        15
       112        15
       627        15
        16        74
        16        72
        16        73
        62        16
        17        62
        17        97
        17       141
       135        17
       108        18
        18        91
        18       135
        18        63
        64        19
        19        78
        19       109
        19       108
        20       132
        20       133
        20        79
        64        20
        68        21
        21       303
        58        21
        50        22
        22       314
        83        22
        22       315
       122        22
        23      1358
        52        23
      1319        23
        55        23
        56        23
        53        24
        24      1375
      1374        24
       118        24
        57        24
        25        69
        25        59
       132        25
        26        94
        90        26
        69        26
        93        26
        26        95
        27        66
        74        27
        72        27
        85        27
        27        86
       149        28
       110        28
        28       106
        28        80
       114        28
        80        29
       106        29
        29       105
        29       121
       119        29
        30       110
        30       149
        99        30
       131        30
        30       151
        31        96
        97        31
       139        31
        31       123
       141        31
        32        76
       117        32
       116        32
        32        71
       100        32
       117        33
        33        76
        33       118
       115        33
        33        57
       127        34
       150        34
       103        34
        34        98
        34        89
        73        35
        35        55
        74        35
        35        66
        35        56
       621        36
        95        36
        36       614
        36        60
        37       313
       120        37
        37       302
        81        37
       126        38
       127        38
       125        38
        38       128
        38       100
        38       101
       109        39
       107        39
        91        39
        39       134
        39       145
        39       146
       149        40
       151        40
       147        40
        40       102
        40       144
        40       143
        79        41
        41       131
        78        41
        41       107
        41       151
        41       147
       106        42
       113        42
        42       105
       111        42
        42        75
        42        84
        43        81
        43       137
       138        43
        43       120
       121        43
       119        43
        44       116
        44       117
       124        44
        44        86
        96        44
        85        44
        45       124
        45       125
        45       126
        82        45
       148        45
       123        45
        90        46
        99        46
        46       110
        46       114
        46        92
        94        46
        47       120
        47       122
       121        47
        84        47
        47        83
       105        47
        48       148
        48       150
        48       142
       146        48
       102        48
       145        48
       143        49
       142        49
        49       137
       138        49
        49       104
        49       103
        50        51
        54        50
        83        50
        51       308
        51       625
        51       626
        52       118
        56        52
       115        52
        66        52
        53        67
        57        53
        77        53
        76        53
        65        54
        54        83
        84        54
        75        54
      1318        55
        55      1319
        55        56
        66        56
       118        57
        76        57
        58       130
        68        58
       129        58
        98        58
        89        58
        59        69
       132        59
        59        90
        59        99
       133        59
        60        70
        95        60
        60        92
        94        60
       129        61
        61        87
       128        61
        61        88
       101        61
        62        72
        62        97
       135        63
        91        63
        63       141
        63       139
        63       134
        64        78
        64        79
        65       624
        75        65
       618        65
        74        66
        66        86
        66       115
        67       307
        67       310
        77        67
        68       140
        89        68
       136        68
       104        68
        69        93
        69        90
        70       112
        92        70
        70       111
        70       113
        71        76
       100        71
        71        77
        71        88
       101        71
        72        74
        72        85
        97        72
        73        74
       111        75
        75        84
       117        76
        76        77
        88        77
        78       109
        78        79
        78       107
        79       133
        79       131
        80       106
       149        80
        80       119
       144        80
        81       136
       120        81
       137        81
        82       148
        82       123
       146        82
       139        82
       134        82
        83       122
        84        83
       105        84
        85        86
        96        85
        97        85
        86       117
        86       115
        87       316
        87       306
        88        87
       101        88
        89        98
       103        89
       104        89
        90        94
        90        99
       108        91
       109        91
        91       134
        94        92
        92       114
        92       113
        93       620
        93        95
       617        93
        95        94
        97        96
       123        96
        96       124
       141        97
       127        98
        98       129
        98       128
        99       110
       131        99
       133        99
       116       100
       125       100
       100       101
       128       101
       147       102
       102       143
       102       142
       145       102
       150       103
       142       103
       103       104
       137       104
       104       136
       105       121
       106       105
       114       106
       113       106
       109       107
       107       145
       107       147
       108       109
       110       149
       110       114
       112       111
       113       111
       628       112
       112       627
       114       113
       115       118
       117       115
       116       117
       124       116
       125       116
       118      1374
       119       121
       119       138
       144       119
       120       122
       121       120
       122       315
       139       123
       123       124
       124       125
       126       125
       126       127
       148       126
       126       150
       150       127
       127       128
       128       129
       129       130
       130       309
       130       305
       131       151
       133       131
       132       133
       134       146
       134       139
       135       141
       136       140
       137       136
       138       137
       143       138
       144       138
       141       139
       140       311
       140       312
       142       150
       143       142
       144       143
       149       144
       145       146
       147       145
       146       148
       151       147
       148       150
       151       149
       307       152
       310       152
       152      1337
       152      1368
       191       152
       152       161
       153       162
       153       622
       615       153
       308       153
       304       153
       153       254
      1371       154
       189       154
       154      1324
       163       154
       154      1382
       154      1323
       155      1305
       155      1290
       231       155
       223       155
       155       163
       156       174
       156       195
       156       215
       315       156
       314       156
       157      1340
       157      1341
       221       157
       175       157
       157      1353
       244       157
       158       248
       247       158
       176       158
       158      1295
       158      1293
       623       158
       159      1353
       159      1376
       241       159
       159       244
       159      1390
       159      1322
       194       159
       160      1299
       160      1308
       160      1298
       268       160
       216       160
       177       160
       161      1368
       191       161
       161       219
       161      1387
       210       161
       622       162
       254       162
       162       619
       162       213
       162       192
       163      1324
       189       163
       223       163
       163      1290
       164       211
       225       164
       164       190
       226       164
       310       165
       306       165
       228       165
       165       212
       165       210
       165       191
       166       272
       302       166
       215       166
       166       234
       166       273
       313       166
       193       167
       167      1302
       214       167
       232       167
       167       231
       167      1300
       168       211
       225       168
       168      1363
       168      1362
       219       168
       220       168
       298       169
       169       261
       169       217
       169       249
       309       169
       303       169
       170       296
       170       298
       311       170
       170       272
       170       238
       312       170
       294       171
       171      1371
       262       171
       171       218
       230       171
       171      1370
       172       229
       172       250
       172       228
       316       172
       217       172
       305       172
       173      1321
       173       194
       283       173
       237       173
       284       173
       173      1320
       174       195
       314       174
       304       174
       174       254
       174       255
       221       175
       175      1340
       175      1336
       218       175
       222       175
       176       247
       176       623
       233       176
       616       176
       213       176
       177      1298
       216       177
       279       177
       177      1306
       196       177
       247       178
       178       248
       259       178
       178       279
       178       280
       250       179
       249       179
       179       224
       179       236
       246       179
       180       221
       180       241
       242       180
       180       222
       243       180
       238       181
       272       181
       273       181
       181       270
       181       271
       277       182
       182       216
       182       267
       235       182
       182       268
       290       183
       183       263
       183       295
       297       183
       183       301
       184       276
       239       184
       184       274
       297       184
       184       295
       298       185
       296       185
       261       185
       185       299
       185       291
       186       242
       276       186
       274       186
       186       230
       186       262
       291       187
       246       187
       187       293
       187       282
       236       187
       286       188
       188       269
       290       188
       188       263
       188       245
       189      1371
       223       189
       294       189
       300       189
       211       190
       226       190
       190      1392
       190      1339
       284       190
       190      1320
       310       191
       191       210
       192       213
       254       192
       192       233
       192       240
       255       192
       193      1302
       214       193
       193      1308
       268       193
       267       193
       194      1322
       194       241
       194      1321
       237       194
       215       195
       195       255
       195       234
       195       253
       196       279
       196       216
       277       196
       280       196
       197       271
       273       197
       234       197
       253       197
       197       252
       197       266
       198       226
       198       225
       227       198
       251       198
       258       198
       198       256
       199       237
       199       243
       285       199
       199       242
       276       199
       275       199
       200       278
       265       200
       200       277
       200       280
       260       200
       259       200
       201       294
       201       262
       274       201
       295       201
       201       300
       301       201
       202       232
       202       223
       245       202
       263       202
       202       300
       301       202
       238       203
       296       203
       203       299
       203       270
       203       288
       203       289
       281       204
       204       285
       204       283
       204       256
       257       204
       258       204
       205       239
       205       275
       205       281
       292       205
       293       205
       282       205
       206       264
       206       292
       289       206
       206       293
       291       206
       299       206
       207       290
       207       286
       287       207
       207       264
       288       207
       289       207
       208       265
       208       287
       266       208
       208       288
       271       208
       270       208
       209       259
       209       247
       209       260
       252       209
       233       209
       240       209
       210       219
       212       210
       210       220
       225       211
       211      1363
       211      1392
       228       212
       212       220
       229       212
       212       227
       619       213
       213       233
       213       616
       214       232
       267       214
       245       214
       269       214
       315       215
       215       234
       313       215
       216       268
       277       216
       217       249
       309       217
       217       250
       305       217
       230       218
       218      1370
       218      1336
       222       218
       219      1387
       220       219
       219      1362
       220       225
       227       220
       221       244
       222       221
       241       221
       242       222
       230       222
       223       231
       300       223
       232       223
       250       224
       236       224
       251       224
       224       258
       224       257
       225       226
       227       225
       226       284
       256       226
       251       227
       229       227
       306       228
       316       228
       228       229
       250       229
       229       251
       262       230
       242       230
       231      1305
       232       231
       231      1300
       245       232
       233       247
       240       233
       234       273
       234       253
       235       267
       277       235
       235       269
       286       235
       278       235
       246       236
       236       282
       236       257
       283       237
       237       241
       237       243
       285       237
       272       238
       238       296
       238       270
       239       276
       297       239
       239       275
       292       239
       255       240
       240       252
       253       240
       241       244
       243       241
       242       243
       276       242
       244      1353
       269       245
       263       245
       249       246
       246       291
       261       246
       247       248
       259       247
       248      1295
       248       279
       248      1303
       261       249
       249       250
       250       251
       251       258
       253       252
       252       266
       252       260
       255       253
       304       254
       254       255
       258       256
       256       283
       256       284
       257       281
       257       258
       282       257
       259       280
       260       259
       260       265
       266       260
       298       261
       261       291
       262       294
       274       262
       290       263
       263       301
       264       292
       289       264
       264       290
       264       297
       265       278
       265       287
       266       265
       271       266
       267       268
       269       267
       268      1308
       286       269
       271       270
       270       288
       273       271
       302       272
       272       273
       312       272
       276       274
       295       274
       275       285
       275       276
       281       275
       280       277
       278       277
       278       286
       287       278
       279      1306
       280       279
       279      1303
       281       285
       282       281
       293       282
       283       284
       285       283
       284      1320
       286       290
       287       286
       288       287
       288       289
       299       289
       290       297
       299       291
       291       293
       293       292
       292       297
       294      1371
       300       294
       297       295
       295       301
       298       296
       296       299
       303       298
       311       298
       301       300
       302       312
       313       302
       311       303
       303       309
       308       304
       314       304
       305       316
       309       305
       306       310
       316       306
       307      1338
       310       307
       307      1337
       626       308
       308       615
       312       311
       315       313
       315       314
       608       317
       610       317
       317       349
       317       324
       325       318
       371       318
       318      1441
       318      1411
       319      1426
       319      1311
       373       319
       319       326
      1309       319
       388       319
       320      1427
      1431       320
       320       327
       320      1423
       366       320
       378       320
       321      1417
       321      1418
       444       321
       321      1419
       382       321
       355       321
       322       340
       322      1296
       604       322
       602       322
       322       354
       404       322
       323      1316
       323      1297
      1304       323
       395       323
       323       353
       394       323
       349       324
       324       367
       324       390
       325       371
       347       325
       368       325
       373       326
       326      1426
       352       326
       326      1430
       326      1440
       327      1423
       366       327
       348       327
       327      1439
       327      1428
       600       328
       328       432
       328       350
       607       328
       385       328
       328       372
       329       371
       329      1432
       329       420
       380       329
       400       329
       330       351
       330      1307
       435       330
       436       330
       330       437
      1294       330
       331       392
       331       367
       349       331
       599       331
       331       370
       421       332
       420       332
      1432       332
       332       379
       332       378
       332      1444
       415       333
       333       414
       605       333
       603       333
       333       432
       333       376
       334       415
       334       406
       612       334
       334       384
       370       334
       606       334
       352       335
       335      1437
       335      1417
       424       335
       381       335
       444       335
       385       336
       609       336
       336       441
       336       412
       613       336
       336       440
       440       337
       611       337
       337       405
       337       377
       601       337
       337       404
       338      1317
       353       338
       338      1301
       374       338
       338       435
       386       338
       390       339
       391       339
       339       383
       339       368
      1296       340
       354       340
       340      1312
       340       395
       340       375
       341       430
       433       341
       427       341
       341       428
       341       413
       342       420
       342       421
       410       342
       387       342
       342       419
       449       343
       343       451
       445       343
       423       343
       343       434
       392       344
       391       344
       344       383
       344       401
       402       344
       345       408
       345       393
       389       345
       403       345
       345       396
       418       346
       346       381
       346       388
       399       346
       346       373
       347       371
       368       347
       380       347
       383       347
       348      1439
       366       348
       348      1419
       382       348
       369       348
       610       349
       349       367
       599       349
       432       350
       372       350
       350       431
       350       422
      1307       351
       437       351
       351      1309
       351       388
       351       399
       373       352
       352      1440
       352      1437
       381       352
       353      1316
       394       353
       353      1317
       374       353
       404       354
       354       375
       405       354
       354       389
       355       382
       355       444
       397       355
       409       355
       443       355
       356       409
       426       356
       429       356
       419       356
       356       398
       356       397
       357       425
       357       418
       450       357
       451       357
       438       357
       434       357
       441       358
       412       358
       439       358
       416       358
       358       449
       358       445
       449       359
       359       451
       446       359
       447       359
       359       450
       359       448
       360       411
       360       410
       407       360
       360       400
       401       360
       402       360
       406       361
       414       361
       427       361
       407       361
       361       411
       361       428
       362       436
       362       437
       362       438
       417       362
       423       362
       434       362
       448       363
       450       363
       442       363
       363       443
       363       424
       363       425
       447       364
       364       448
       364       442
       430       364
       364       426
       413       364
       365       446
       365       447
       422       365
       365       430
       431       365
       433       365
       378       366
       369       366
       379       366
       367       390
       367       392
       367       391
       383       368
       369       382
       379       369
       398       369
       397       369
       599       370
       370       392
       370       384
       606       370
       371      1441
       371      1432
       380       371
       385       372
       372       422
       372       412
       372       416
       388       373
       381       373
       374       386
       394       374
       396       374
       393       374
       375       395
       389       375
       375       394
       375       396
       432       376
       376       414
       376       427
       376       433
       376       431
       377       405
       440       377
       377       439
       377       403
       441       377
       378      1431
      1444       378
       379       378
       421       379
       398       379
       400       380
       383       380
       401       380
       381       424
       418       381
       425       381
       382      1419
       397       382
       391       383
       383       401
       384       406
       392       384
       384       407
       384       402
       607       385
       609       385
       385       412
       386       435
       393       386
       386       436
       417       386
       410       387
       387       419
       428       387
       387       429
       411       387
      1309       388
       399       388
       389       403
       389       396
       405       389
       390       391
       392       391
       392       402
       408       393
       396       393
       393       417
       395       394
       396       394
       395      1304
      1312       395
       409       397
       398       397
       419       398
       421       398
       399       418
       437       399
       438       399
       400       420
       410       400
       401       400
       402       401
       402       407
       403       408
       403       439
       405       403
       602       404
       404       405
       601       404
       415       406
       406       414
       406       407
       407       411
       408       417
       439       408
       408       445
       408       423
       409       443
       426       409
       442       409
       410       420
       411       410
       428       411
       412       441
       412       416
       428       413
       430       413
       413       426
       413       429
       415       414
       414       427
       605       415
       612       415
       416       449
       422       416
       416       446
       423       417
       417       436
       418       425
       438       418
       419       421
       429       419
       420      1432
       420       421
       431       422
       422       446
       445       423
       423       434
       424       444
       443       424
       425       424
       450       425
       429       426
       426       442
       433       427
       427       428
       428       429
       433       430
       430       447
       432       431
       431       433
       600       432
       603       432
       451       434
       434       438
       435       436
       435      1294
       435      1301
       436       437
       438       437
       441       439
       439       445
       440       441
       613       440
       611       440
       448       442
       442       443
       443       444
       444      1417
       445       449
       446       449
       446       447
       447       448
       448       450
       449       451
       451       450
       452       472
       452       615
       626       452
       625       452
       452       582
       453       460
       453       478
       453       620
       617       453
       454       524
       454       622
       615       454
       454       490
       472       454
       621       455
       520       455
       455       482
       614       455
       455       511
       473       456
       456       599
       491       456
       456       606
       456       514
       623       457
       457      1293
       457      1291
       512       457
       457       552
       485       457
       527       458
       458      1313
       458       604
       458      1315
       474       458
       492       458
       475       459
       510       459
       459       541
       459       608
       460       478
       460       479
       460       480
       525       461
       461       546
       461       532
       461       518
       462       595
       462       585
       627       462
       628       462
       543       462
       482       462
       568       463
       564       463
       463       611
       463       601
       463       515
       483       463
       484       464
       547       464
       464       609
       464       613
       529       464
       464       564
       525       465
       465       518
       524       465
       619       465
       465       485
       465       616
       466       593
       466       605
       466       612
       594       466
       526       466
       514       466
       467       562
       467       600
       467       603
       593       467
       517       467
       521       467
       468       486
       468       624
       468       523
       618       468
       585       468
       522       468
       552       469
       469      1292
       469       487
       469      1310
       550       469
       551       469
       570       470
       470       488
       470       513
       470       557
       557       471
       471       558
       471       489
       471       519
       615       472
       582       472
       472       490
       472       584
       473       599
       491       473
       473       610
       540       473
       541       473
       474       604
       492       474
       474       602
       516       474
       515       474
       475       510
       519       475
       475       493
       558       476
       476       556
       476       563
       476       569
       535       476
       578       477
       477       589
       560       477
       477       586
       477       536
       620       478
       478       479
       478       520
       478       621
       480       479
       479       520
       479       481
       480       481
       480       570
       481       520
       570       481
       481       573
       481       534
       614       482
       511       482
       482       628
       482       543
       568       483
       483       515
       537       483
       483       516
       547       484
       484       609
       561       484
       484       607
       562       484
       485       623
       485       512
       616       485
       518       485
       624       486
       523       486
       486       548
       486       582
       486       625
       487      1310
       550       487
       487      1314
       487       527
       531       487
       570       488
       488       513
       573       488
       488       572
       558       489
       489       519
       489       533
       489       556
       490       524
       584       490
       490       545
       490       525
       491       514
       540       491
       491       526
       530       491
       492       527
       516       492
       531       492
       538       492
       519       493
       493       510
       533       493
       493       542
       595       494
       596       494
       522       494
       494       592
       494       591
       494       523
       495       589
       578       495
       495       597
       495       598
       528       495
       575       495
       532       496
       546       496
       549       496
       496       553
       496       550
       496       551
       572       497
       573       497
       497       559
       497       544
       497       571
       534       497
       498       592
       596       498
       580       498
       498       578
       498       560
       579       498
       499       584
       582       499
       548       499
       499       581
       499       583
       590       499
       500       553
       549       500
       554       500
       500       567
       500       538
       500       537
       565       501
       501       547
       501       529
       566       501
       501       567
       501       568
       583       502
       555       502
       502       554
       502       549
       545       502
       502       546
       581       503
       503       555
       503       566
       588       503
       503       565
       587       503
       504       580
       504       596
       543       504
       504       595
       559       504
       544       504
       505       579
       505       580
       505       577
       559       505
       571       505
       569       505
       506       539
       506       542
       533       506
       556       506
       506       576
       563       506
       507       594
       507       597
       539       507
       575       507
       507       526
       530       507
       508       588
       508       590
       508       536
       591       508
       592       508
       560       508
       587       509
       509       565
       509       561
       509       547
       586       509
       574       509
       510       541
       542       510
       510       540
       520       511
       511       543
       511       544
       534       511
       512       552
       518       512
       512       551
       532       512
       557       513
       513       572
       513       558
       513       535
       514       606
       514       612
       526       514
       515       601
       515       602
       516       515
       537       516
       538       516
       517       562
       521       517
       517       561
       574       517
       598       517
       525       518
       518       532
       519       533
       621       520
       520       534
       521       593
       598       521
       594       521
       597       521
       585       522
       522       523
       595       522
       523       548
       523       591
       622       524
       524       525
       524       619
       525       546
       545       525
       526       594
       530       526
       527      1313
       527      1314
       531       527
       528       578
       528       575
       579       528
       576       528
       577       528
       547       529
       529       564
       529       568
       540       530
       539       530
       542       530
       550       531
       538       531
       553       531
       546       532
       532       551
       556       533
       533       542
       573       534
       534       544
       535       558
       535       569
       572       535
       535       571
       536       586
       560       536
       536       588
       536       587
       537       568
       537       538
       567       537
       553       538
       542       539
       576       539
       539       575
       540       541
       542       540
       541       608
       541       610
       543       595
       544       543
       544       559
       584       545
       583       545
       545       546
       546       549
       561       547
       565       547
       548       582
       548       590
       591       548
       549       553
       554       549
       551       550
       553       550
       551       552
       552      1291
       552      1292
       554       567
       555       554
       566       554
       583       555
       581       555
       555       566
       558       556
       556       563
       557       558
       571       559
       559       580
       560       578
       592       560
       561       562
       574       561
       562       600
       562       607
       569       563
       563       576
       563       577
       568       564
       564       611
       564       613
       565       566
       587       565
       566       567
       567       568
       569       577
       571       569
       570       573
       572       571
       573       572
       586       574
       598       574
       589       574
       575       597
       576       575
       577       576
       577       579
       578       589
       579       578
       580       579
       580       596
       581       583
       590       581
       588       581
       625       582
       582       584
       584       583
       585       595
       627       585
       585       618
       589       586
       586       587
       588       587
       590       588
       589       598
       591       590
       592       591
       596       592
       593       605
       594       593
       593       603
       597       594
       595       596
       597       598
       610       599
       599       606
       607       600
       600       603
       611       601
       601       602
       602       604
       605       603
       604      1296
       604      1315
       612       605
       606       612
       607       609
       608       610
       609       613
       613       611
       614       628
       621       614
       615       622
       626       615
       616       623
       619       616
       617       620
       627       618
       618       624
       622       619
       620       621
       623      1293
       624       625
       625       626
       628       627
       944       629
       629       781
       938       629
       629       645
       647       630
       747       630
       630      1380
       630      1377
      1388       630
       630      1391
      1461       631
       631      1467
      1459       631
       631      1458
       695       631
       631       646
       632      1289
       743       632
       632      1277
       708       632
       632       659
       940       633
       947       633
       633       792
       633       676
       633       654
       949       634
       943       634
       634       655
       634       677
       634       698
       656       635
       674       635
       635       697
       635      1466
      1357       635
       635      1470
       945       636
       636       937
       636       657
       704       636
       636       678
       696       637
       637       673
       637      1275
       637      1457
       646       637
       728       638
       723       638
       658       638
       638      1378
       638      1343
      1361       638
       639      1286
       699       639
       679       639
       639      1280
       659       639
       747       640
       680       640
      1380       640
       640       660
       640      1355
       640      1379
       737       641
       936       641
       641       738
       641       661
       641      1367
      1381       641
       642      1342
       642      1351
      1345       642
       762       642
       642       702
       722       642
      1369       643
      1384       643
       643       647
       643      1383
       643       681
       706       643
       644      1287
       644      1282
       701       644
       720       644
       644       699
       939       644
       938       645
       645       781
       645       780
       716       645
       646      1458
       695       646
       646      1457
       696       646
       647       747
       647      1388
      1383       647
       681       647
       780       648
       781       648
       648       759
       648       777
       649       710
       649       673
       696       649
       709       649
       650      1365
      1351       650
       702       650
       675       650
       650       793
       650       787
       651      1463
       651      1465
       715       651
       697       651
       651       731
       730       651
       652      1460
      1462       652
       652       700
       718       652
       767       652
       652       707
       653       733
       653       759
       944       653
       781       653
       653       704
       948       653
       654       676
       940       654
       654       737
       941       654
       654       703
       943       655
       655       698
       946       655
       655       716
       655       725
       656       674
       656      1357
      1356       656
       793       656
       714       656
       937       657
       678       657
       657       942
       657       721
       657       720
       728       658
       658      1378
       658      1345
       658       762
       760       658
       708       659
       659      1277
       659      1280
       679       659
       680       660
       660      1355
       705       660
       660      1361
       660      1394
       660       723
       738       661
      1367       661
       661      1384
       661       726
       661       706
       756       662
       662       763
       729       662
       662       760
       662       728
       663       772
       736       663
       725       663
       663       768
       663       771
       763       664
       761       664
       664       762
       760       664
       664       722
       783       665
       777       665
       665       739
       665       773
       665       754
       721       666
       666       711
       734       666
       741       666
       666       744
       727       667
       667       782
       667       789
       784       667
       770       667
       759       668
       733       668
       668       717
       754       668
       668       753
       775       669
       669       776
       769       669
       740       669
       669       774
       749       670
       766       670
       670       767
       670       731
       730       670
       671       709
       671       696
       707       671
       671       695
       700       671
       672       748
       726       672
       672       746
       672       681
       706       672
       696       673
       673      1275
       710       673
       673      1273
       673      1285
       674       697
       714       674
       674       715
       702       675
       675       787
       712       675
       785       675
       792       676
       676       703
       676       791
       676       755
       949       677
       677       698
       947       677
       677       792
       677       735
       704       678
       678       721
       733       678
       678       734
       679       699
       708       679
       701       679
       711       679
       747       680
       680       705
       713       680
       746       680
       706       681
       681       747
       681       746
       682       744
       682       742
       751       682
       752       682
       682       732
       741       682
       683       766
       683       749
       683       765
       775       683
       776       683
       764       683
       684       757
       684       745
       684       748
       758       684
       738       684
       684       726
       685       751
       685       765
       685       752
       753       685
       764       685
       739       685
       686       777
       686       783
       780       686
       686       779
       771       686
       768       686
       736       687
       687       772
       687       790
       791       687
       735       687
       687       770
       719       688
       688       709
       688       710
       688       743
       742       688
       732       688
       765       689
       766       689
       689       718
       751       689
       689       732
       689       719
       690       769
       690       775
       690       773
       778       690
       779       690
       783       690
       755       691
       790       691
       758       691
       691       757
       691       750
       691       784
       756       692
       692       763
       750       692
       692       761
       692       788
       789       692
       693       786
       788       693
       693       740
       782       693
       693       769
       778       693
       785       694
       787       694
       774       694
       694       724
       694       715
       694       714
      1459       695
       695       696
       700       695
       709       696
       697      1466
       715       697
       697      1465
       698       725
       698       735
       698       736
       699      1286
       701       699
       699      1282
      1460       700
       707       700
       700      1459
       720       701
       711       701
       721       701
       702      1351
       722       702
       712       702
       737       703
       703       755
       703       758
       703       738
       945       704
       704       733
       948       704
       705       723
       713       705
       729       705
       705       728
      1384       706
       726       706
       718       707
       707       709
       719       707
       708       743
       711       708
       742       708
       744       708
       709       710
       719       709
       710      1273
       743       710
       710      1289
       721       711
       744       711
       712       785
       722       712
       786       712
       761       712
       746       713
       713       729
       745       713
       748       713
       793       714
       714       715
       787       714
       715       730
       724       715
       716       780
       938       716
       946       716
       716       725
       716       768
       733       717
       753       717
       717       734
       717       752
       717       741
       767       718
       766       718
       718       719
       732       719
       720       939
       721       720
       942       720
       734       721
       762       722
       761       722
       728       723
       723      1361
       774       724
       724       730
       776       724
       724       749
       725       736
       725       768
       738       726
       726       748
       727       782
       770       727
       727       778
       727       779
       771       727
       772       727
       728       760
       729       728
       756       729
       745       729
       730       731
       749       730
       731      1463
       731       767
       731      1462
       751       732
       732       742
       759       733
       733       734
       734       741
       792       735
       735       791
       735       736
       736       772
       936       737
       737       738
       941       737
       738       758
       773       739
       754       739
       739       764
       739       753
       769       740
       740       774
       786       740
       740       785
       741       744
       752       741
       744       742
       742       743
       743      1289
       757       745
       748       745
       745       756
       748       746
       746       747
       747      1380
       749       766
       776       749
       757       750
       784       750
       750       756
       750       789
       752       751
       765       751
       753       752
       754       753
       777       754
       759       754
       791       755
       755       790
       755       758
       756       763
       757       756
       758       757
       781       759
       777       759
       760       762
       763       760
       763       761
       788       761
       761       786
       762      1345
       775       764
       764       765
       773       764
       765       766
       766       767
       767      1462
       768       771
       768       780
       769       775
       778       769
       770       784
       790       770
       772       770
       772       771
       771       779
       783       773
       773       775
       774       776
       785       774
       775       776
       780       777
       777       783
       779       778
       782       778
       779       783
       781       780
       944       781
       789       782
       782       788
       784       789
       790       784
       785       787
       786       785
       788       786
       787       793
       789       788
       791       790
       792       791
       947       792
      1365       793
       793      1356
       875       794
       794      1281
       794      1278
       805       794
       828       795
       806       795
       795      1352
       795       941
       795       936
       855       796
       796      1284
       796      1279
       796      1288
       808       796
       832       797
       853       797
      1312       797
       797      1304
       797       807
      1292       798
       798      1310
       798       881
       929       798
       798       841
      1291       799
       799      1292
       819       799
       799       838
       799       929
      1290       800
       835       800
       800      1325
       800       864
       800       886
      1302       801
      1308       801
       801       820
       801       839
       801       891
      1295       802
       802       865
       802       842
       802       884
      1303       802
       830       803
       833       803
       942       803
       803      1274
       803       939
       803       808
       878       804
       804       840
       804       947
       804       949
       821       804
       805       875
       805      1278
       834       805
       805      1276
       863       805
       806       828
       806       941
       806       940
       879       806
       827       806
       807      1304
       832       807
       807      1297
       807      1272
       807      1283
       829       807
       808      1288
       855       808
       830       808
       808      1274
      1315       809
       809      1296
       809       853
       860       809
       859       809
       809       854
      1310       810
      1314       810
       881       810
       810       907
       810       906
       810       908
       811       927
       811       945
       925       811
       867       811
       871       811
       856       812
       831       812
       812      1359
       812      1373
      1344       812
       812       828
       812       827
       813       883
       813       835
       813       892
      1305       813
       891       813
      1300       813
       814       836
      1298       814
      1306       814
       884       814
       814       897
       814       899
       815      1284
       919       815
       917       815
       815      1271
       815       863
       889       815
       816       944
       816       948
       905       816
       816       871
       877       816
       904       816
       817       946
       817       938
       837       817
       817       905
       882       817
       857       817
      1326       818
       886       818
       887       818
       818       872
       818       856
       818      1393
      1291       819
       819       838
      1293       819
       865       819
       819       866
      1308       820
       820       839
      1299       820
       820       923
       820       895
       878       821
       821       949
       873       821
       821       943
       901       821
       930       822
       822       869
       925       822
       822       927
       822       861
       908       823
       859       823
       907       823
       823       860
       823       868
       906       824
       824       907
       824       896
       824       915
       914       824
       825       903
       825       902
       895       825
       894       825
       825       893
       912       826
       826       913
       826       882
       900       826
       826       904
       879       827
       827       828
       831       827
       828      1352
       828      1373
       832       829
       829      1283
       829      1281
       875       829
       858       829
       833       830
       830       855
       861       830
       870       830
       856       831
       831       879
       880       831
       872       831
       853       832
       858       832
       854       832
       833       942
       861       833
       937       833
       927       833
       834       875
       834       863
       876       834
       890       834
       889       834
      1290       835
       835       864
       835       883
      1305       835
      1298       836
       836       897
      1299       836
       836       923
       836       922
       837       946
       857       837
       901       837
       862       837
       837       943
       838       929
       866       838
       838       910
       838       928
       891       839
       839       895
       839       894
       839       892
       878       840
       840       947
       880       840
       840       879
       841       881
       929       841
       841       874
       841       924
       928       841
       865       842
       884       842
       842       866
       842       898
       842       899
       926       843
       914       843
       843       916
       935       843
       843       918
       843       915
       844       924
       844       934
       909       844
       910       844
       844       933
       928       844
       845       913
       912       845
       845       932
       845       911
       920       845
       921       845
       846       870
       869       846
       846       919
       846       917
       918       846
       916       846
       895       847
       847       903
       923       847
       847       912
       847       900
       922       847
       848       917
       918       848
       848       889
       848       890
       896       848
       915       848
       849       921
       849       920
       897       849
       849       909
       898       849
       899       849
       934       850
       850       935
       850       931
       850       930
       932       850
       933       850
       894       851
       851       893
       892       851
       851       885
       851       888
       883       851
       852       878
       852       880
       852       872
       885       852
       887       852
       888       852
       853      1312
      1296       853
       854       853
       860       854
       854       858
       855      1284
       870       855
       919       855
       856      1344
       872       856
      1393       856
       857       882
       862       857
       900       857
       858       875
       860       858
       876       858
       859       860
       859      1315
       908       859
      1313       859
       868       860
       860       876
       927       861
       869       861
       861       870
       862       901
       900       862
       902       862
       903       862
       863      1276
       863      1271
       889       863
       864       886
       883       864
       864       888
       864       887
      1295       865
      1293       865
       865       866
       866       910
       866       898
       867       925
       867       871
       931       867
       877       867
       911       867
       907       868
       868       876
       868       890
       896       868
       930       869
       869       870
       916       869
       870       919
       871       945
       871       948
       877       871
       887       872
       872       880
       873       878
       873       901
       885       873
       902       873
       893       873
       881       874
       924       874
       874       926
       874       914
       874       906
       875      1281
       876       875
       890       876
       904       877
       911       877
       913       877
       878       880
       885       878
       879       940
       880       879
       879       947
      1310       881
       881       906
       882       905
       900       882
       882       904
       892       883
       883       888
      1303       884
      1306       884
       884       899
       888       885
       893       885
      1325       886
       886      1326
       886       887
       888       887
       917       889
       890       889
       896       890
      1302       891
       891       892
      1300       891
       892       894
       894       893
       893       902
       895       894
       923       895
       895       903
       907       896
       915       896
       899       897
       897       922
       897       920
       899       898
       898       909
       898       910
       912       900
       903       900
       901       943
       902       901
       903       902
       904       905
       913       904
       905       944
       905       938
       906       907
       906       914
       908       907
      1314       908
      1313       908
       910       909
       909       933
       909       921
       910       928
       932       911
       913       911
       911       931
       912       913
       920       912
       922       912
       914       915
       926       914
       915       918
       935       916
       916       918
       930       916
       917       919
       918       917
       919      1284
       920       921
       922       920
       921       932
       921       933
       923       922
      1299       923
       928       924
       924       934
       924       926
       925       927
       930       925
       931       925
       926       935
       934       926
       945       927
       927       937
       929       928
      1292       929
       931       930
       935       930
       932       931
       933       932
       933       934
       934       935
       936      1381
       941       936
      1352       936
       936      1346
       945       937
       937       942
       938       944
       946       938
       939      1287
       942       939
       939      1274
       947       940
       940       941
       943       949
       943       946
       944       948
       948       945
       949       947
       964       950
       989       950
      1422       950
       950      1311
       950      1436
       950      1447
       951      1018
       951      1408
       951      1389
       975       951
      1404       951
      1409       951
       952      1407
      1410       952
       965       952
       991       952
       952      1425
       952      1429
      1259       953
      1327       953
       953      1328
      1264       953
       953       995
       953       966
       998       954
       954       976
      1025       954
       954      1443
       954      1445
      1307       955
       955      1309
       955       989
       990       955
       977       955
       956       978
       956       999
       956      1037
      1260       956
      1258       956
       957      1438
       957      1429
       957      1446
       957      1433
      1062       957
       991       957
      1015       957
       958      1434
       958      1448
       979       958
      1023       958
      1094       958
       958      1442
       959      1405
       959      1406
       959      1055
      1402       959
       980       959
      1056       959
      1281       960
      1278       960
       960       981
       960      1016
      1266       960
       960      1000
      1268       961
      1269       961
      1016       961
       961      1035
       961      1257
       961      1032
       962      1099
       962      1263
      1257       962
      1262       962
      1035       962
       962      1059
      1052       963
       963      1435
       963      1412
      1017       963
       963      1413
      1014       963
       964       989
       964      1422
       964      1413
      1014       964
       990       964
       965      1410
       965       991
      1408       965
      1018       965
       994       965
       995       966
      1328       966
       966      1400
       966      1020
       966       992
      1272       967
       967      1024
       967      1039
      1073       967
       967      1072
       968      1416
       968      1433
       968      1415
      1033       968
      1062       968
      1060       968
      1061       968
       969      1075
       969      1403
       969      1076
      1027       969
      1406       969
      1055       969
       996       970
       970      1420
      1040       970
       970      1421
      1041       970
       970      1025
      1099       971
      1263       971
      1261       971
       971      1022
       971      1098
       971      1097
      1021       972
       972      1033
       972      1414
      1087       972
      1094       972
       972      1442
       973      1049
      1022       973
       973      1089
       973      1090
      1270       973
      1267       973
      1066       974
       974       997
      1317       974
       974      1028
       974      1029
      1301       974
       975      1018
      1404       975
      1075       975
       975      1030
      1043       975
       998       976
       976      1445
      1052       976
       976      1435
      1053       976
       977       990
       977      1307
      1294       977
       993       977
      1028       977
       978       999
      1258       978
       978      1081
       978      1089
      1265       978
      1270       978
       979      1434
      1023       979
       979      1424
      1102       979
      1038       979
       980      1402
       980      1056
      1401       980
      1031       980
      1020       980
      1281       981
       981      1000
      1283       981
       981      1073
       981      1019
       982      1086
       982      1069
      1084       982
      1026       982
       982      1068
       983      1061
       983      1034
       983      1060
      1050       983
      1044       983
      1057       984
       984      1074
       984      1027
       984      1055
      1056       984
       985      1038
       985      1023
      1092       985
       985      1093
      1095       985
       986      1066
       986      1065
      1024       986
      1039       986
       986      1064
       987      1048
       987      1058
      1032       987
      1035       987
       987      1059
       988      1100
       988      1102
      1096       988
      1103       988
       988      1038
       989      1311
      1309       989
       990       989
       990      1014
       993       990
       991      1429
      1015       991
       994       991
       992      1020
       995       992
       992      1046
       992      1031
      1028       993
       993      1014
       993      1017
      1029       993
      1018       994
       994      1015
      1030       994
      1034       994
      1264       995
       995      1046
       995      1047
      1037       995
       996      1420
      1040       996
      1100       996
      1102       996
       996      1424
      1066       997
       997      1029
      1065       997
       997      1036
       998      1025
       998      1053
      1054       998
      1041       998
      1037       999
       999      1081
       999      1082
       999      1047
      1016      1000
      1000      1019
      1000      1048
      1000      1032
      1001      1074
      1001      1057
      1046      1001
      1047      1001
      1001      1083
      1082      1001
      1002      1053
      1045      1002
      1036      1002
      1029      1002
      1002      1052
      1002      1017
      1003      1050
      1003      1044
      1068      1003
      1077      1003
      1003      1043
      1076      1003
      1004      1096
      1004      1103
      1091      1004
      1098      1004
      1004      1101
      1097      1004
      1067      1005
      1051      1005
      1005      1040
      1080      1005
      1005      1041
      1005      1054
      1006      1088
      1090      1006
      1049      1006
      1101      1006
      1006      1095
      1006      1092
      1007      1070
      1007      1079
      1007      1078
      1048      1007
      1058      1007
      1071      1007
      1063      1008
      1008      1051
      1008      1036
      1008      1045
      1064      1008
      1065      1008
      1009      1070
      1071      1009
      1072      1009
      1009      1063
      1039      1009
      1009      1064
      1010      1083
      1010      1084
      1010      1085
      1081      1010
      1082      1010
      1042      1010
      1011      1080
      1011      1100
      1011      1103
      1091      1011
      1078      1011
      1079      1011
      1012      1098
      1012      1091
      1099      1012
      1059      1012
      1012      1078
      1058      1012
      1085      1013
      1013      1086
      1013      1087
      1088      1013
      1013      1093
      1095      1013
      1017      1014
      1014      1413
      1015      1062
      1034      1015
      1061      1015
      1266      1016
      1268      1016
      1016      1032
      1017      1052
      1029      1017
      1018      1408
      1030      1018
      1073      1019
      1019      1048
      1019      1071
      1019      1072
      1400      1020
      1020      1031
      1020      1401
      1021      1033
      1087      1021
      1069      1021
      1021      1060
      1086      1021
      1261      1022
      1022      1097
      1022      1049
      1267      1022
      1023      1094
      1038      1023
      1093      1023
      1272      1024
      1024      1039
      1024      1066
      1297      1024
      1316      1024
      1025      1443
      1025      1421
      1041      1025
      1084      1026
      1026      1068
      1083      1026
      1026      1077
      1074      1026
      1027      1076
      1055      1027
      1074      1027
      1027      1077
      1028      1029
      1301      1028
      1028      1294
      1036      1029
      1043      1030
      1030      1034
      1044      1030
      1031      1056
      1046      1031
      1031      1057
      1032      1035
      1032      1048
      1033      1415
      1060      1033
      1033      1414
      1034      1061
      1044      1034
      1257      1035
      1035      1059
      1065      1036
      1036      1045
      1260      1037
      1037      1047
      1264      1037
      1038      1102
      1092      1038
      1096      1038
      1072      1039
      1039      1064
      1040      1041
      1100      1040
      1080      1040
      1054      1041
      1042      1085
      1081      1042
      1089      1042
      1042      1088
      1090      1042
      1075      1043
      1076      1043
      1043      1044
      1044      1050
      1045      1053
      1051      1045
      1045      1054
      1047      1046
      1046      1057
      1047      1082
      1048      1058
      1048      1071
      1049      1090
      1049      1101
      1097      1049
      1050      1060
      1068      1050
      1069      1050
      1067      1051
      1051      1054
      1063      1051
      1052      1435
      1053      1052
      1054      1053
      1055      1406
      1056      1055
      1057      1056
      1057      1074
      1059      1058
      1058      1078
      1059      1099
      1060      1061
      1069      1060
      1061      1062
      1062      1433
      1064      1063
      1070      1063
      1063      1067
      1064      1065
      1066      1065
      1317      1066
      1316      1066
      1067      1080
      1070      1067
      1079      1067
      1068      1069
      1077      1068
      1086      1069
      1070      1079
      1071      1070
      1072      1071
      1073      1072
      1272      1073
      1283      1073
      1083      1074
      1074      1077
      1403      1075
      1076      1075
      1075      1404
      1077      1076
      1078      1079
      1078      1091
      1079      1080
      1080      1100
      1089      1081
      1081      1082
      1082      1083
      1083      1084
      1084      1086
      1085      1084
      1085      1086
      1088      1085
      1086      1087
      1087      1094
      1093      1087
      1090      1088
      1088      1095
      1089      1090
      1270      1089
      1091      1103
      1098      1091
      1092      1095
      1101      1092
      1096      1092
      1095      1093
      1093      1094
      1094      1442
      1103      1096
      1101      1096
      1098      1097
      1097      1101
      1099      1098
      1263      1099
      1100      1102
      1103      1100
      1102      1424
      1104      1396
      1449      1104
      1104      1395
      1450      1104
      1104      1399
      1108      1104
      1105      1455
      1456      1105
      1105      1151
      1275      1105
      1285      1105
      1105      1129
      1288      1106
      1279      1106
      1214      1106
      1106      1184
      1106      1172
      1286      1107
      1282      1107
      1107      1180
      1107      1249
      1107      1256
      1450      1108
      1108      1399
      1121      1108
      1108      1177
      1109      1194
      1109      1130
      1209      1109
      1109      1331
      1332      1109
      1277      1110
      1110      1158
      1289      1110
      1273      1110
      1110      1178
      1110      1187
      1111      1131
      1287      1111
      1274      1111
      1288      1111
      1111      1213
      1111      1214
      1112      1270
      1112      1265
      1203      1112
      1112      1267
      1154      1112
      1150      1112
      1218      1113
      1113      1185
      1113      1145
      1113      1385
      1113      1350
      1349      1113
      1348      1114
      1114      1398
      1132      1114
      1114      1349
      1217      1114
      1114      1218
      1115      1262
      1115      1161
      1200      1115
      1115      1257
      1199      1115
      1269      1115
      1271      1116
      1116      1122
      1284      1116
      1279      1116
      1116      1144
      1116      1172
      1117      1123
      1156      1117
      1145      1117
      1117      1259
      1117      1366
      1372      1117
      1464      1118
      1468      1118
      1118      1469
      1455      1118
      1151      1118
      1118      1147
      1118      1124
      1119      1454
      1329      1119
      1119      1133
      1330      1119
      1119      1160
      1231      1119
      1120      1452
      1453      1120
      1133      1120
      1120      1451
      1179      1120
      1120      1224
      1121      1177
      1121      1450
      1222      1121
      1451      1121
      1224      1121
      1271      1122
      1144      1122
      1122      1149
      1122      1268
      1122      1266
      1276      1122
      1156      1123
      1123      1259
      1176      1123
      1123      1264
      1123      1260
      1147      1124
      1469      1124
      1124      1334
      1124      1335
      1124      1148
      1125      1146
      1173      1125
      1263      1125
      1125      1261
      1245      1125
      1125      1150
      1207      1126
      1186      1126
      1177      1126
      1126      1157
      1126      1364
      1126      1386
      1158      1127
      1280      1127
      1286      1127
      1127      1197
      1127      1204
      1127      1256
      1196      1128
      1128      1176
      1202      1128
      1128      1258
      1128      1265
      1203      1128
      1285      1129
      1129      1151
      1187      1129
      1129      1188
      1129      1152
      1194      1130
      1331      1130
      1130      1231
      1130      1159
      1130      1330
      1287      1131
      1131      1213
      1282      1131
      1131      1180
      1131      1189
      1132      1348
      1132      1217
      1347      1132
      1251      1132
      1181      1132
      1454      1133
      1160      1133
      1133      1453
      1133      1179
      1226      1134
      1228      1134
      1134      1182
      1134      1190
      1134      1201
      1135      1249
      1135      1254
      1204      1135
      1256      1135
      1135      1220
      1136      1243
      1136      1230
      1248      1136
      1136      1255
      1247      1136
      1137      1184
      1137      1205
      1137      1212
      1214      1137
      1213      1137
      1191      1138
      1138      1223
      1179      1138
      1138      1222
      1138      1224
      1139      1253
      1139      1193
      1252      1139
      1238      1139
      1139      1183
      1152      1140
      1140      1175
      1140      1155
      1140      1148
      1147      1140
      1141      1216
      1141      1217
      1192      1141
      1225      1141
      1181      1141
      1142      1241
      1142      1228
      1244      1142
      1142      1208
      1242      1142
      1217      1143
      1216      1143
      1143      1195
      1143      1218
      1143      1185
      1172      1144
      1144      1149
      1144      1153
      1385      1145
      1185      1145
      1145      1156
      1145      1372
      1173      1146
      1146      1150
      1154      1146
      1151      1147
      1147      1148
      1152      1147
      1148      1334
      1148      1155
      1148      1333
      1149      1268
      1153      1149
      1149      1269
      1149      1199
      1154      1150
      1150      1267
      1150      1261
      1455      1151
      1151      1152
      1188      1152
      1152      1175
      1172      1153
      1153      1199
      1153      1174
      1184      1153
      1154      1203
      1173      1154
      1190      1154
      1182      1154
      1175      1155
      1155      1333
      1155      1211
      1155      1209
      1156      1176
      1185      1156
      1196      1156
      1195      1156
      1157      1364
      1207      1157
      1157      1347
      1250      1157
      1157      1251
      1277      1158
      1158      1178
      1280      1158
      1158      1197
      1159      1231
      1194      1159
      1159      1232
      1159      1233
      1231      1160
      1160      1179
      1233      1160
      1160      1191
      1161      1262
      1200      1161
      1241      1161
      1161      1246
      1161      1245
      1254      1162
      1249      1162
      1234      1162
      1162      1253
      1162      1252
      1162      1219
      1163      1206
      1163      1244
      1205      1163
      1163      1236
      1235      1163
      1212      1163
      1164      1223
      1164      1191
      1164      1240
      1239      1164
      1232      1164
      1233      1164
      1215      1165
      1165      1207
      1165      1250
      1237      1165
      1247      1165
      1165      1255
      1166      1229
      1166      1238
      1221      1166
      1166      1252
      1254      1166
      1220      1166
      1167      1232
      1167      1194
      1167      1229
      1210      1167
      1221      1167
      1211      1167
      1198      1168
      1168      1210
      1168      1221
      1197      1168
      1204      1168
      1168      1220
      1216      1169
      1169      1195
      1227      1169
      1169      1196
      1201      1169
      1169      1202
      1243      1170
      1230      1170
      1170      1225
      1170      1227
      1208      1170
      1170      1226
      1171      1243
      1171      1248
      1219      1171
      1253      1171
      1236      1171
      1171      1242
      1172      1184
      1279      1172
      1245      1173
      1182      1173
      1246      1173
      1184      1174
      1174      1199
      1205      1174
      1174      1200
      1174      1206
      1188      1175
      1175      1211
      1175      1210
      1198      1175
      1176      1260
      1196      1176
      1176      1258
      1177      1399
      1222      1177
      1186      1177
      1177      1386
      1187      1178
      1178      1197
      1178      1188
      1178      1198
      1179      1224
      1191      1179
      1282      1180
      1180      1249
      1180      1189
      1180      1234
      1181      1217
      1251      1181
      1192      1181
      1182      1190
      1228      1182
      1246      1182
      1238      1183
      1183      1193
      1239      1183
      1183      1240
      1183      1237
      1214      1184
      1184      1205
      1218      1185
      1195      1185
      1186      1207
      1222      1186
      1215      1186
      1223      1186
      1273      1187
      1187      1188
      1285      1187
      1188      1198
      1213      1189
      1189      1234
      1189      1235
      1189      1212
      1201      1190
      1190      1203
      1190      1202
      1191      1223
      1233      1191
      1192      1225
      1192      1251
      1230      1192
      1255      1192
      1250      1192
      1253      1193
      1193      1237
      1193      1248
      1193      1247
      1209      1194
      1194      1232
      1211      1194
      1216      1195
      1195      1196
      1202      1196
      1197      1204
      1197      1198
      1198      1210
      1199      1200
      1199      1269
      1200      1241
      1206      1200
      1226      1201
      1227      1201
      1201      1202
      1202      1203
      1203      1265
      1256      1204
      1204      1220
      1212      1205
      1205      1206
      1206      1244
      1206      1241
      1207      1250
      1215      1207
      1242      1208
      1208      1228
      1243      1208
      1208      1226
      1209      1332
      1211      1209
      1333      1209
      1210      1221
      1210      1211
      1213      1212
      1212      1235
      1214      1213
      1288      1214
      1237      1215
      1223      1215
      1240      1215
      1217      1216
      1225      1216
      1227      1216
      1217      1218
      1218      1349
      1219      1253
      1234      1219
      1219      1236
      1235      1219
      1220      1254
      1220      1221
      1221      1229
      1224      1222
      1223      1222
      1240      1223
      1224      1451
      1230      1225
      1225      1227
      1228      1226
      1226      1227
      1241      1228
      1228      1246
      1229      1238
      1229      1232
      1229      1239
      1243      1230
      1255      1230
      1330      1231
      1231      1233
      1232      1233
      1232      1239
      1249      1234
      1234      1235
      1235      1236
      1236      1244
      1236      1242
      1237      1247
      1240      1237
      1252      1238
      1238      1239
      1239      1240
      1244      1241
      1241      1246
      1244      1242
      1242      1243
      1248      1243
      1245      1263
      1262      1245
      1246      1245
      1247      1255
      1248      1247
      1253      1248
      1256      1249
      1249      1254
      1250      1251
      1255      1250
      1251      1347
      1252      1253
      1254      1252
      1286      1256
      1269      1257
      1257      1262
      1258      1260
      1265      1258
      1259      1327
      1259      1264
      1366      1259
      1260      1264
      1263      1261
      1261      1267
      1262      1263
      1265      1270
      1278      1266
      1266      1268
      1276      1266
      1267      1270
      1268      1269
      1284      1271
      1271      1276
      1272      1297
      1283      1272
      1273      1285
      1289      1273
      1274      1288
      1274      1287
      1457      1275
      1275      1285
      1275      1456
      1276      1278
      1289      1277
      1277      1280
      1278      1281
      1284      1279
      1288      1279
      1280      1286
      1281      1283
      1287      1282
      1282      1286
      1305      1290
      1290      1324
      1290      1325
      1293      1291
      1291      1292
      1292      1310
      1295      1293
      1294      1307
      1301      1294
      1295      1303
      1296      1312
      1315      1296
      1297      1316
      1304      1297
      1298      1299
      1306      1298
      1308      1299
      1302      1300
      1300      1305
      1317      1301
      1308      1302
      1303      1306
      1312      1304
      1307      1309
      1309      1311
      1310      1314
      1311      1426
      1311      1436
      1313      1315
      1314      1313
      1316      1317
      1369      1383
      1449      1396
      1318      1319
      1319      1358
      1320      1321
      1320      1339
      1321      1322
      1322      1390
      1324      1323
      1382      1323
      1324      1325
      1325      1326
      1326      1393
      1327      1328
      1366      1327
      1328      1400
      1330      1329
      1331      1330
      1332      1331
      1333      1332
      1334      1333
      1335      1334
      1336      1340
      1370      1336
      1337      1368
      1338      1337
      1375      1338
      1392      1339
      1340      1341
      1353      1341
      1342      1351
      1345      1342
      1343      1378
      1361      1343
      1344      1359
      1393      1344
      1378      1345
      1352      1346
      1346      1381
      1347      1348
      1364      1347
      1348      1398
      1349      1350
      1398      1349
      1350      1385
      1351      1365
      1373      1352
      1353      1376
      1358      1354
      1374      1354
      1379      1355
      1355      1394
      1356      1357
      1365      1356
      1359      1373
      1369      1360
      1383      1360
      1394      1361
      1362      1363
      1387      1362
      1363      1392
      1386      1364
      1372      1366
      1381      1367
      1367      1384
      1368      1387
      1384      1369
      1371      1370
      1371      1382
      1385      1372
      1374      1375
      1390      1376
      1388      1377
      1377      1391
      1380      1379
      1380      1391
      1383      1388
      1399      1386
      1389      1408
      1409      1389
      1404      1409
      1410      1407
      1407      1425
      1329      1454
      1469      1335
      1357      1470
      1396      1395
      1399      1395
      1397      1396
      1449      1397
      1400      1401
      1401      1402
      1402      1405
      1406      1403
      1403      1404
      1405      1406
      1408      1410
      1441      1411
      1435      1412
      1413      1412
      1413      1422
      1442      1414
      1414      1415
      1415      1416
      1433      1416
      1417      1418
      1417      1437
      1418      1419
      1419      1439
      1420      1421
      1424      1420
      1421      1443
      1422      1447
      1427      1423
      1423      1428
      1424      1434
      1429      1425
      1426      1430
      1426      1436
      1431      1427
      1439      1428
      1429      1438
      1430      1440
      1444      1431
      1432      1444
      1432      1441
      1433      1446
      1448      1434
      1445      1435
      1447      1436
      1440      1437
      1446      1438
      1442      1448
      1443      1445
      1450      1449
      1451      1450
      1452      1451
      1453      1452
      1454      1453
      1456      1455
      1455      1468
      1457      1456
      1458      1457
      1467      1458
      1459      1461
      1460      1459
      1462      1460
      1461      1467
      1463      1462
      1465      1463
      1468      1464
      1464      1469
      1466      1465
      1470      1466
