    4104       1       2
     275       3       1
    2011       2       4
       4       5      35
       3      36       5
       6       7    4069
      40       8       6
       9    4124      10
       7      10    4126
       9      11     190
       8      41      11
     420      12      13
     276      13      14
     277      14      15
     322      15      12
      80      16      17
      18     333      19
      17      19     297
    4079      18      20
      81      20      16
    4093      21      22
      23      24     461
      22      23    4095
      25     278      26
      21     279      25
      26     363      24
     995      28      85      27
      28     300      86      29
     996      30      27    2039
      30     301      29    2038
     985      32    4086      31
      32      88    4085      33
     986      34      31     207
      34      89      33     208
     185      37      38
    2012      35      37
      36     264      39
      38      39     186
      42      40    4070
     286      43      42
      43     267      44
      44     191      41
     461      45      46
     192      46      47
     396      48      49
     193      47      48
     462      49      45
     197      50      51
    2014      52      53
     198      53      50
     340      54      52
      54     341      55
      51      55     400
      56      57     270
     411      58      56
      58     412      59
     202      60      61
      60     203      57
      61      59    4058
      62      63    2016
      64     342      63
      65     343      64
      66     500      65
     497      67      62
      67     498      66
      68     280      69
     281      68      70
      69    4123      71
      70      72     268
      71     190      73
      72      73     191
      74      75     356
     326      76      74
      77    4062      78
      75      78     413
      79     287      77
      76     288      79
      82    4072      81
     518      82      83
     398      83      84
      84      80     298
     991      87     369      85
      87     327     367      86
      88     457    4082      90
      89     458      90     273
     514      91      92
     515      93      91
     372      92      94
     289      94      95
     290      95      93
     482      96      97
     414      98      96
     293      97      99
     329     100      98
     294      99     100
     468     101     102
     489     103     104
     384     105     101
     385     104     105
     469     102     103
     493     106     107
     372     108     109
     373     107     108
     494     110     106
     519     109     110
     364     111     112
     388     113     111
     363     112     114
     467     115     113
     462     114     115
     421     116     117
     322     117     118
     370     119     120
     323     118     119
     423     120     116
     442     121     122
     399     123     121
     298     124     123
     299     125     124
     336     122     125
     495     126     127
     425     128     126
     486     127     129
     482     129     130
     426     130     128
     426     131     132
     405     133     134
     483     132     135
     484     135     133
     406     134     131
     388     136     137
     389     138     136
     409     139     138
     452     137     140
     453     140     139
     410     141     142
     375     143     141
     450     144     145
     409     142     144
     376     145     143
     443     146     147
     475     147     148
     427     149     146
     476     148     150
     428     150     149
     512     151     152
     494     153     151
     431     154     155
     471     152     154
     432     155     153
     300     157     328     156
     157     417     359     158
     301     159     156    2037
     159     448     158    2036
     999     161     509     160
     161     344     510     162
     992     163     160     369
     163     345     162     367
     993     165     404     164
     165     347     402     166
     998     167     164     509
     167     348     166     510
     987     169     492     168
     169     350     487     170
     994     171     168     404
     171     351     170     402
    1000     173     392     172
     173     353     390     174
     988     175     172     492
     175     354     174     487
     989     177     338     176
     177     361     339     178
     997     179     176     392
     179     365     178     390
     180     337     181
     181     334     182
     183     182     335
     457     183    4074     184
     458     180     184     444
     499     187     188
     187    2027     185
     188     189     282
     189     186     265
     194     195     421
     196     194     422
    4098     192     196
     195     193     397
     197     446     199
     448     200     201
     201     199     449
     200    2015     198
     204     205     518
     505     206     204
     205     202    4073
     206     271     203
     990     209     207     338
     209     274     208     339
     438     210     211
     379     211     212
     210     424     213
     212     214     380
     215     397     214
     215     213     423
     216     486     217
     501     218     219
     502     216     218
     217     447     220
     219     221     401
     220     400     221
     496     222     223
     223     224     425
     225     407     226
     222     503     227
     227     519     225
     224     226     406
     228     229     443
     230     398     231
     231     399     229
     517     232     228
     233     505     230
     232     506     233
     234     235     515
     235     236     516
     434     237     234
     236     238     517
     238     239     451
     237     435     239
     240     241     463
     241     242     504
     464     243     240
     242     244     434
     243     454     245
     244     245     436
     246     247     495
     248     465     247
     249     246     502
     441     250     249
     251     439     248
     250     438     251
     252     253     501
     500     254     252
     253     255     441
     254     371     256
     255     257     424
     256     370     257
     258     326     259
     324     260     261
     259     357     262
     261     263     364
     260     325     258
     262     389     263
     277     266     264
     283     265     266
     325     268     269
     288     269     267
     375     270     272
     377     272     271
     274     459     273     362
    4103     276     275
     278     281     324
     279    4094     280
     498     282     284
     285     283     323
     371     284     285
     287     286    4063
     477     291     290
     374     289     292
     470     292     291
     447     293     295
     446     295     296
     330     296     294
     299     297     334
     302     303     445
     304     429     305
     303     305     430
     459     302     444     306
     460     304     306     478
     307     432     308
     309     310     489
     308     493     310
     491     309     490     311
     473     307     311     433
     312     313     471
     314     507     315
     313     315     513
     455     312     472     316
     456     314     316     508
     317     318     485
     319     415     320
     318     320     416
     393     317     508     321
     394     319     321     395
     327     360     368     328
     418     331     332
     332     329     415
     331     419     330
    4075     335     333
     445     336     337
     343     401     341
     342     340    2017
     344     393     511     346
     345     394     346     368
     347     455     403     349
     348     456     349     511
     350     473     488     352
     351     474     352     403
     353     481     391     355
     354     491     355     488
     357     358     410
     356     411     358
     360     418     395     359
     361     460     362     366
     365     480     366     391
     374     469     373
     378     451     376
     506     378     377
     381     382     466
     440     379     381
     382     383     467
     383     380     396
     386     384     479
     480     386     478     387
     481     385     387     490
     512     408     407
     513     405     408
     413    4059     412
     416     414     483
     417     449     419
    4102     422     420
     442     430     427
     479     428     429
     474     431     433     472
     435     437     450
     436     453     437
     439     440     464
     466     452     454
     463     496     465
     476     468     470
     516     475     477
     485     484     507
    2028     499     497
     504     514     503
    4071     520     521
    2044     522     520
     688     523     522
     548     524     523
     549     521     524
     688     525     526
    2031     527     525
     607     526     528
     552     529     527
     553     528     529
    2033     530     531
     886     531     532
     613     533     530
     614     534     533
     690     532     534
     618     535     536
     937     537     538
     792     539     537
    2020     538     535
     619     536     539
     611     541     787     540
     541     995     788     542
     612     543     540    2018
     543     996     542    2035
     623     545    4077     544
     545     985    4087     546
     624     547     544     744
     547     986     546     745
    4080     549     550
     602     550     551
     603     551     548
    2032     554     552
     608     553     555
     727     555     554
     556     938     557
     558     557     939
     877     556     559
     741     560     561
     742     559     560
    2030     561     558
     694     562     563
     695     563     564
    4060     565     562
     844     566     565
     564     567     841
     566     842     567
     568     569    4064
     794     570     568
     569     571     952
     746     572     570
     747     573     572
     573     921     571
     574     728     575
     575    2024     576
     577     786     578
     846     577     579
     578     729     574
     579     576     848
     580     581    4076
     581     582     795
     881     583     580
     582     584     796
     584     585     879
     583     882     585
     586     887     587
     588     587     751
     589     886     586
     590     588     752
    2022     589     591
     591     590     849
     592     952     593
     592     594    4066
     699     595     596
     595     700     594
     596     597     730
     597     593     951
     914     599     733     598
     599     611     734     600
    2041     601     598    2040
     601     612     600    2019
     783     604     605
     689     605     603
     845     606     604
    4083     602     606
     609     784     610
     610     689     607
     729     609     608
     615     613    2026
     616     615     983
     897     617     616
     617     691     614
     620     983     621
     622     619     736
     737     620     622
     618     621    2025
     917     623    4078     625
     915     624     625     790
     981     626     627
     891     628     626
     957     627     629
     892     630     628
     958     629     630
     793     631     632
     871     632     633
     938     634     635
     942     633     634
     792     635     631
     863     636     637
     864     638     636
     902     639     638
     884     637     640
     885     640     639
     984     641     642
     907     642     643
     867     644     645
     980     645     641
     868     643     644
     872     646     647
     960     647     648
     940     648     649
     941     649     650
     871     650     646
     909     651     652
     869     653     651
     923     652     654
     943     654     655
     870     655     653
     742     657     878     656
     657     913     910     658
     743     659     656    2043
     659     914     658    2042
     837     661     854     660
     661     992     855     662
     789     663     660     787
     663     991     662     788
     802     665     953     664
     665     998     954     666
     803     667     664     854
     667     999     666     855
     805     669     874     668
     669     994     875     670
     806     671     668     953
     671     993     670     954
     808     673     974     672
     673     988     975     674
     809     675     672     874
     675     987     674     875
     811     677     857     676
     677     997     858     678
     812     679     676     974
     679    1000     678     975
     791     681     744     680
     681     990     745     682
     839     683     680     857
     683     989     682     858
     862     685    4089     684
     685     917    4088     686
     860     687     684     814
     687     915     686     815
     898     692     691
     692     865     693
     690     693     866
     696     797     697
     697     883     698
     798     696     695
     698    4067     694
     701    4084     700
     701     862    4090     702
     699     860     702     731
     784     703     704
     847     705     706
     786     706     703
     843     707     705
     704     708     785
     707     841     708
     709     710     851
     709     852     711
     712     879     710
     880     712     713
     713     714     900
     714     711     885
     715     981     716
     717     718     893
     716     907     718
     719     899     715
     894     720     717
     720     898     719
     721     722     904
     722     723     895
     901     724     721
     723     725     896
     724     900     726
     725     726     902
     728     727    2029
     732     730     949
     732     861     731     933
     913     735     888     733
     735     789     838     734
     736     793     738
     738     873     739
     982     737     740
     740     739     891
     743     741    2034
     748     905     747
     796     749     746
     750     901     748
     749     880     750
     753     751     853
     754     753     850
     755     754     847
     752     755     846
     950     756     757
     946     757     758
     923     758     759
     760     951     761
     762     761     921
     922     759     762
     756     949     760
     763     764     877
     764     765     942
     766     941     765
     766     912     935     767
     763     911     767     878
     768     769     960
     770     918     771
     769     771     958
     770     967     919     772
     768     962     772     961
     773     969     774
     775     776     920
     774     980     776
     773     971     970     777
     775     976     777     919
     778     779     944
     780     946     781
     781     943     779
     780     947     948     782
     778     965     782     970
     783     785     842
     916     791     790     840
     795     794    4065
     799     851     800
     850     799     801
     797     800     882
     801     798     843
     930     802     955     804
     890     803     804     856
     978     805     876     807
     956     806     807     955
     972     808     973     810
     977     809     810     876
     924     811     859     813
     963     812     813     973
     861     816     814     926
     816     916     815     927
     912     818     928     817
     818     890     929     819
     911     820     817     910
     820     889     819     888
     962     822     968     821
     822     956     979     823
     936     824     821     928
     824     930     823     929
     976     826     931     825
     826     977     932     827
     967     828     825     968
     828     978     827     979
     965     830     966     829
     830     963     964     831
     971     832     829     931
     832     972     831     932
     934     834     926     833
     834     925     927     835
     947     836     833     966
     836     924     835     964
     889     837     856     838
     925     839     840     859
    4061     845     844
     849     848    2023
     853     884     852
     887     866     863
     903     864     865
     908     868     869
     945     870     867
     872     892     873
     883     881    4068
     895     893     908
     896     903     894
     899     897     982
     904     909     906
     905     906     922
     918     920     959
     950     934     933     948
     940     936     961     935
    2021     939     937
     969     944     945
     957     959     984
    1224    1001    1002
    4153    1003    1001
    1057    1002    1004
    1058    1004    1005
    4154    1005    1003
    1006    1007    2044
    1008    1006    4056
    1240    1009    1010
    1009    2031    1007
    1011    1008    1062
    1010    1011    1063
    1518    1012    1013
    1421    1013    1014
    1232    1015    1016
    1233    1014    1015
    4151    1016    1012
    1117    1017    1018
    4141    1019    1020
    1243    1021    1017
    1525    1020    1021
    1118    1018    1019
    1122    1022    1023
    1375    1023    1024
    1376    1024    1025
    2030    1025    1026
    1123    1026    1022
    4147    1027    1028
    1596    1028    1029
    1350    1030    1031
    1351    1031    1027
    1391    1029    1030
    1032    1353    1033
    2024    1034    1035
    1036    1033    1236
    1034    1569    1032
    1035    1036    1237
    1037    1038    1127
    1039    4150    1038
    1040    4148    1039
    1128    1041    1037
    1042    1352    1040
    1041    1247    1042
    1043    1346    1044
    1045    1432    1043
    1064    1046    1047
    1048    4107    1045
    1046    4081    1048
    1047    1044    1065
    1251    1050    1132    1049
    1050    1997    1133    1051
    1357    1052    1049    4131
    1052    1998    1051    4133
    1500    1054    2043    1053
    1054    2041    2042    1055
    1361    1056    1053    1135
    1056    2010    1055    1136
    1057    1059    1225
    1394    1060    1061
    1060    1228    1059
    1061    1058    4142
    1062    4057    1064
    1063    1065    1241
    1491    1066    1067
    1564    1068    1069
    1492    1069    1066
    1559    1067    1068
    1431    1070    1071
    1342    1072    1073
    1433    1074    1070
    1343    1073    1074
    1405    1071    1072
    1075    4155    1076
    1077    1078    1496
    1079    1076    1544
    1079    1545    1078
    1234    1080    1077
    1080    1235    1075
    1081    1377    1082
    1082    1378    1083
    1554    1081    1084
    1083    2020    1085
    1086    1085    1593
    1084    1086    1591
    1087    1594    1088
    1088    2026    1089
    1365    1090    1091
    1087    1092    1415
    1091    1089    1483
    1090    1366    1092
    1093    1484    1094
    1485    1093    1095
    1094    2022    1096
    1095    1097    1408
    1096    1238    1098
    1097    1098    1239
    1099    1100    1417
    1101    1596    1100
    1102    1099    1370
    4145    1101    1103
    1104    1102    1371
    1103    1104    1546
    1105    1106    2032
    1107    1438    1106
    1108    1397    1107
    1109    1105    1240
    1348    1108    1110
    1110    1109    1242
    1111    1112    1518
    1113    4144    1112
    1114    1111    1436
    1115    1114    1407
    1395    1113    1116
    1116    1115    1396
    1244    1117    1119
    1357    1120    1121
    4132    1121    1118
    1358    1119    1120
    1122    1466    1124
    1500    1125    1126
    1125    2034    1123
    1126    1124    1501
    1127    4152    1129
    1130    1131    1401
    1248    1128    1130
    1129    1525    1131
    1252    1134    1448    1132
    1134    1999    1449    1133
    1362    1137    1135    1255
    1137    2008    1136    1256
    1487    1138    1139
    1579    1139    1140
    1537    1140    1141
    1538    1141    1142
    1488    1142    1138
    1458    1143    1144
    1445    1144    1145
    1413    1145    1146
    1410    1146    1147
    1411    1147    1143
    1437    1148    1149
    1434    1149    1150
    1435    1150    1151
    1453    1152    1148
    1441    1151    1152
    1466    1153    1154
    1467    1155    1153
    1526    1156    1155
    1498    1157    1156
    1499    1154    1157
    1459    1158    1159
    1563    1159    1160
    1555    1160    1161
    1455    1162    1158
    1456    1161    1162
    1516    1163    1164
    1421    1165    1166
    1517    1166    1163
    1422    1167    1165
    1460    1164    1167
    1560    1168    1169
    1577    1169    1170
    1520    1170    1171
    1559    1172    1168
    1521    1171    1172
    1173    1174    1416
    1592    1175    1176
    1591    1177    1175
    1509    1176    1173
    1177    1415    1174
    1496    1178    1179
    1497    1179    1180
    1542    1181    1182
    1547    1182    1178
    1534    1180    1181
    1431    1183    1184
    1346    1184    1185
    1429    1186    1183
    1349    1187    1186
    1347    1185    1187
    1528    1188    1189
    1409    1189    1190
    1512    1191    1188
    1486    1192    1191
    1408    1190    1192
    1585    1193    1194
    1587    1194    1195
    1513    1195    1196
    1424    1196    1197
    1425    1197    1193
    1568    1198    1199
    1439    1200    1201
    1440    1201    1198
    1450    1199    1202
    1442    1202    1200
    1203    1595    1204
    1506    1203    1205
    1481    1205    1206
    1443    1206    1207
    1207    1204    1444
    1379    1209    1557    1208
    1209    2003    1558    1210
    1380    1211    1208    1448
    1211    2000    1210    1449
    1502    1213    1469    1212
    1213    2001    1470    1214
    1503    1215    1212    1557
    1215    2002    1214    1558
    1383    1217    1574    1216
    1217    2004    1576    1218
    1384    1219    1216    1469
    1219    2005    1218    1470
    1387    1221    1539    1220
    1221    2006    1541    1222
    1388    1223    1220    1574
    1223    2007    1222    1576
    1226    1225    1229
    4129    1224    1227
    1344    1227    1226
    1229    1230    1342
    1396    1231    1228
    1231    1406    1230
    1235    1232    4156
    1423    1233    1234
    1239    1236    1354
    2023    1237    1238
    1242    1241    1347
    1524    1243    1245
    1245    1246    1412
    1244    1359    1246
    1402    1249    1248
    1247    1250    1350
    1249    1392    1250
    1251    1253    1358
    1252    1414    1254
    1253    1254    1360
    1464    1257    1255    1539
    1257    2009    1256    1541
    1528    1258    1259
    1530    1260    1258
    1565    1261    1260
    1580    1262    1263
    1529    1259    1262
    1567    1263    1261
    1264    1527    1265
    1266    1498    1264
    1464    1267    1268
    1540    1268    1269
    1465    1266    1267
    1269    1265    1538
    1270    1271    1585
    1471    1272    1270
    1588    1273    1274
    1582    1274    1275
    1472    1275    1272
    1273    1586    1271
    1578    1276    1277
    1551    1277    1278
    1552    1278    1279
    1276    1537    1280
    1279    1281    1526
    1281    1280    1527
    1282    1552    1283
    1283    1553    1284
    1514    1282    1285
    1284    1554    1286
    1285    1287    1515
    1286    1592    1287
    1288    1560    1289
    1290    1548    1288
    1549    1290    1291
    1292    1293    1578
    1291    1292    1571
    1293    1289    1579
    1294    1565    1295
    1295    1451    1296
    1536    1294    1297
    1296    1452    1298
    1298    1454    1299
    1297    1299    1519
    1300    1522    1301
    1302    1301    1561
    1303    1523    1300
    1507    1304    1302
    1305    1482    1303
    1304    1481    1305
    1306    1307    1493
    1308    1494    1307
    1589    1309    1310
    1309    1562    1308
    1311    1306    1550
    1310    1311    1588
    1312    1535    1313
    1313    1534    1314
    1315    1567    1316
    1584    1315    1317
    1316    1536    1312
    1317    1314    1543
    1318    1555    1319
    1318    1320    1564
    1502    1321    1322
    1321    1505    1323
    1322    1319    1504
    1323    1521    1320
    1324    1325    1510
    1581    1326    1327
    1325    1328    1511
    1329    1324    1512
    1326    1587    1328
    1327    1329    1529
    1330    1331    1590
    1332    1330    1589
    1333    1332    1582
    1476    1334    1335
    1334    1532    1331
    1335    1333    1477
    1336    1434    1337
    1337    1430    1338
    1407    1336    1339
    1338    1429    1340
    1339    1341    1406
    1340    1405    1341
    1345    1343    4110
    4111    1344    1345
    1398    1348    1349
    1352    1351    4149
    1568    1355    1353
    1409    1354    1356
    1531    1356    1355
    1360    1410    1359
    1361    1501    1363
    1362    1364    1465
    1364    1363    1499
    1510    1367    1368
    1367    1416    1366
    1369    1365    1485
    1368    1369    1486
    1370    1418    1372
    1372    1533    1373
    1371    1374    1545
    1373    1547    1374
    1378    1376    2021
    1377    1468    1375
    1380    1381    1446
    1379    1457    1382
    1382    1447    1381
    1383    1575    1385
    1384    1386    1505
    1385    1520    1386
    1388    1389    1489
    1387    1540    1390
    1390    1488    1389
    1444    1393    1392
    1597    1391    1393
    4143    1395    1394
    1397    1399    1439
    1400    1435    1399
    1430    1400    1398
    1403    1401    1524
    1482    1404    1403
    1404    1443    1402
    1523    1412    1411
    1414    1446    1413
    1419    1420    1595
    1418    1419    1532
    1417    1597    1420
    1461    1422    1423
    1426    1551    1427
    1571    1426    1428
    1427    1514    1424
    1428    1425    1572
    4109    1433    1432
    1436    1517    1437
    1438    1440    1570
    1452    1442    1441
    1447    1455    1445
    1451    1566    1450
    1454    1453    1516
    1457    1556    1456
    1522    1458    1459
    1462    1461    1497
    1535    1463    1462
    1463    1519    1460
    1553    1467    1468
    1473    1471    1581
    1583    1472    1474
    1475    1473    1580
    1474    1475    1584
    1533    1476    1478
    1477    1583    1479
    1479    1543    1480
    1478    1480    1542
    1484    1483    2033
    1490    1487    1577
    1575    1489    1490
    1548    1493    1491
    1495    1563    1492
    1494    1561    1495
    1503    1504    1556
    1508    1590    1506
    1562    1508    1507
    1509    1511    1598
    1515    1598    1513
    1566    1530    1531
    1546    1544    4146
    1550    1549    1573
    2029    1570    1569
    1573    1572    1586
    1593    2025    1594
    1762    1599    1600
    1866    1601    1602
    2017    1600    1601
    1739    1602    1603
    1740    1603    1599
    4105    1604    1605
    1650    1605    1606
    1721    1607    1608
    1651    1606    1607
    1924    1608    1604
    1609    1610    1728
    1654    1611    1609
    1612    2013    1613
    1610    1614    1759
    1611    1655    1612
    1613    2012    1614
    1615    1616    1724
    4112    1617    1615
    1616    1618    1722
    1618    1619    1651
    1617    4113    1620
    1619    1620    1652
    1621    1622    4121
    1621    1659    1623
    1794    1624    1625
    1624    4091    1622
    1625    1626    1754
    1626    1623    1660
    1997    1628    1663    1627
    1628    1765    1664    1629
    1998    1630    1627    4134
    1630    1913    1629    4135
    2010    1632    2040    1631
    1632    1666    2019    1633
    2008    1634    1631    1736
    1634    1667    1633    1737
    1635    1863    1636
    1637    1636    1789
    1638    1984    1635
    1760    1639    1637
    1640    2028    1638
    1639    1761    1640
    1913    1642    1914    1641
    1642    1768    1895    1643
    4136    1644    1641    4137
    1644    1769    1643    4138
    1645    1646    2015
    1647    1763    1648
    1648    1764    1646
    1909    1645    2036    1649
    1907    1647    1649    1792
    4106    1650    1653
    1653    1652    4120
    1656    1654    1729
    1922    1657    1656
    1657    1924    1658
    1655    1658    4116
    1972    1661    1659
    1660    1662    1732
    1661    1733    1662
    1999    1665    1871    1663
    1665    1766    1869    1664
    1666    1876    2018    1668
    1667    1874    1668    1757
    1923    1669    1670
    1860    1670    1671
    1925    1672    1669
    1861    1671    1673
    1887    1673    1672
    1867    1674    1675
    1877    1676    1674
    1901    1677    1676
    1868    1675    1678
    1975    1678    1677
    1995    1679    1680
    1976    1681    1682
    1864    1683    1679
    1865    1682    1683
    1983    1680    1681
    1798    1684    1685
    1994    1685    1686
    1918    1687    1688
    1988    1686    1687
    1799    1688    1684
    1941    1690    1912    1689
    1690    1795    1883    1691
    1942    1692    1689    4127
    1692    1794    1691    4092
    1768    1694    1896    1693
    1694    1941    1945    1695
    1769    1696    1693    4139
    1696    1942    1695    4140
    2003    1698    1977    1697
    1698    1803    1978    1699
    2000    1700    1697    1871
    1700    1804    1699    1869
    2001    1702    1939    1701
    1702    1806    1937    1703
    2002    1704    1701    1977
    1704    1807    1703    1978
    2004    1706    1906    1705
    1706    1809    1904    1707
    2005    1708    1705    1939
    1708    1810    1707    1937
    2006    1710    1796    1709
    1710    1858    1797    1711
    2007    1712    1709    1906
    1712    1872    1711    1904
    1958    1714    2038    1713
    1714    1909    2037    1715
    1959    1716    1713    1812
    1716    1907    1715    1813
    1876    1718    2035    1717
    1718    1958    2039    1719
    1874    1720    1717    1815
    1720    1959    1719    1816
    1722    1723    1725
    1723    1721    1750
    1726    1727    1785
    1725    1751    1727
    1724    1726    1973
    1729    1730    1923
    1731    1790    1730
    1728    1760    1731
    1974    1734    1733
    1880    1735    1734
    1755    1732    1735
    2009    1738    1736    1796
    1738    1758    1737    1797
    1867    1739    1741
    1793    1742    1743
    1878    1741    1742
    1763    1743    1740
    1744    1745    1888
    1746    1889    1745
    1890    1746    1747
    1967    1748    1749
    1968    1749    1744
    1970    1747    1748
    1752    1786    1751
    1753    1860    1752
    1750    1922    1753
    1795    1754    1756
    1881    1756    1755
    1758    1875    1757    1859
    1761    1759    2027
    1762    2014    1764
    1766    1915    1870    1767
    1765    1917    1767    1914
    1770    1771    1878
    1772    1902    1773
    1771    1773    1877
    1935    1770    1879    1774
    1936    1772    1774    1948
    1775    1990    1776
    1777    1778    1949
    1778    1776    1983
    1920    1777    1948    1779
    1921    1775    1779    1991
    1780    1781    1970
    1782    1881    1783
    1781    1783    1882
    1910    1780    1950    1784
    1911    1782    1784    1883
    1785    1787    1974
    1786    1862    1788
    1788    1891    1787
    1790    1791    1926
    1791    1789    1864
    1908    1793    1792    1879
    1800    1798    1996
    1800    1995    1801
    1919    1799    1802
    1802    1801    1990
    1803    1892    1979    1805
    1804    1893    1805    1870
    1806    1884    1938    1808
    1807    1885    1808    1979
    1809    1929    1905    1811
    1810    1930    1811    1938
    1960    1814    1812    1933
    1814    1908    1813    1934
    1875    1817    1815    1897
    1817    1960    1816    1898
    1943    1819    1955    1818
    1819    1910    1951    1820
    1944    1821    1818    1945
    1821    1911    1820    1912
    1915    1823    1916    1822
    1823    1943    1954    1824
    1917    1825    1822    1895
    1825    1944    1824    1896
    1927    1827    1993    1826
    1827    1969    1989    1828
    1928    1829    1826    1951
    1829    1967    1828    1950
    1952    1831    1981    1830
    1831    1927    1982    1832
    1953    1833    1830    1954
    1833    1928    1832    1955
    1986    1835    1992    1834
    1835    1919    1991    1836
    1987    1837    1834    1993
    1837    1918    1836    1989
    1963    1839    1965    1838
    1839    1986    1966    1840
    1964    1841    1838    1981
    1841    1987    1840    1982
    1956    1843    1946    1842
    1843    1920    1947    1844
    1957    1845    1842    1966
    1845    1921    1844    1992
    1929    1847    1931    1846
    1847    1956    1932    1848
    1930    1849    1846    1940
    1849    1957    1848    1965
    1961    1851    1933    1850
    1851    1935    1934    1852
    1962    1853    1850    1946
    1853    1936    1852    1947
    1899    1855    1897    1854
    1855    1961    1898    1856
    1900    1857    1854    1931
    1857    1962    1856    1932
    1858    1899    1859    1873
    1862    1861    1889
    1863    1975    1865
    1985    1866    1868
    1872    1900    1873    1905
    1882    1880    1971
    1884    1963    1940    1886
    1885    1964    1886    1980
    1994    1888    1887
    1890    1971    1891
    1892    1952    1980    1894
    1893    1953    1894    1916
    1976    1901    1903
    1949    1903    1902
    1926    1996    1925
    1969    1968    1988
    1973    1972    4115
    1984    2016    1985
    2013    4117    2011
    4034    2045    2046
    2251    2047    2048
    2512    2048    2045
    2252    2046    2047
    2082    2049    2050
    3156    2051    2052
    2083    2052    2049
    2227    2050    2053
    2317    2053    2051
    2516    2054    2055
    4163    2056    2054
    2305    2057    2058
    2351    2055    2057
    2306    2058    2056
    2059    2087    2060
    2061    2060    4049
    2062    2231    2063
    2059    2063    2088
    2061    4069    2064
    2232    2062    2065
    2065    2064    4114
    2066    3149    2067
    2066    2068    2578
    2068    2069    2131
    2369    2070    2071
    2071    2067    3140
    2070    2132    2069
    2072    4128    2073
    2074    2073    2135
    2075    2076    2452
    4101    2072    2075
    2074    2136    2077
    2076    2077    2260
    3146    2079    2140    2078
    2079    2332    2141    2080
    3153    2081    2078    4045
    2081    2333    2080    4044
    2084    2082    2228
    3157    2083    2085
    2086    2084    2307
    2085    2086    4161
    2321    2089    2090
    2089    4033    2087
    2090    2088    2308
    2371    2091    2092
    2372    2093    2091
    2577    2092    2094
    2565    2094    2093
    2424    2095    2096
    2236    2097    2098
    2095    2311    2099
    2097    4048    2100
    2098    2099    2237
    2096    2100    2425
    3144    2101    2102
    2366    2103    2104
    2460    2102    2105
    2457    2105    2103
    2241    2104    2106
    2242    2106    2101
    2107    4099    2108
    2107    2109    2477
    2246    2110    2111
    2110    2433    2112
    2112    2478    2109
    2111    2108    2247
    2113    2114    2426
    4031    2115    2113
    2114    2116    2324
    2115    2253    2117
    2116    2118    2314
    2117    2254    2118
    2119    2461    2120
    2119    2121    3148
    2120    2358    2122
    2123    2124    2318
    2121    2123    2319
    2122    2349    2124
    2125    2417    2126
    2127    2128    4027
    2126    2512    2128
    2129    2353    2125
    2322    2130    2127
    2130    2323    2129
    2256    2131    2133
    2370    2134    2132
    2257    2133    2134
    2516    2137    2138
    2138    2135    4165
    2328    2139    2137
    2139    2261    2136
    3147    2142    2536    2140
    2142    2356    2532    2141
    2487    2143    2144
    2375    2145    2146
    2465    2146    2143
    2499    2144    2147
    2376    2147    2145
    2553    2148    2149
    2476    2149    2150
    2450    2150    2151
    2451    2151    2152
    2561    2152    2148
    2444    2153    2154
    2494    2154    2155
    2496    2155    2156
    2430    2157    2153
    2431    2156    2157
    2541    2158    2159
    2380    2160    2158
    2542    2159    2161
    2468    2161    2162
    2381    2162    2160
    2519    2163    2164
    2466    2165    2163
    2484    2166    2167
    2467    2167    2165
    2520    2164    2166
    2479    2168    2169
    2362    2170    2171
    2363    2171    2172
    2409    2172    2168
    2478    2169    2170
    2551    2173    2174
    2436    2174    2175
    2529    2176    2177
    2437    2175    2176
    2530    2177    2173
    2440    2178    2179
    2513    2180    2181
    2417    2182    2180
    2418    2179    2182
    2515    2181    2178
    2497    2183    2184
    2185    2186    2412
    2546    2184    2185
    2183    2367    2187
    2186    2187    2368
    2548    2188    2189
    2438    2190    2188
    2559    2189    2191
    2439    2192    2190
    2504    2191    2192
    2193    2194    2522
    2195    2427    2194
    2495    2196    2193
    2455    2197    2196
    2197    2428    2195
    2198    2350    2199
    2200    2201    2500
    2198    2200    2352
    2202    2359    2201
    2202    2199    2349
    2421    2204    2385    2203
    2204    2489    2386    2205
    2422    2206    2203    4040
    2206    2555    2205    4041
    2332    2208    2357    2207
    2208    2421    2364    2209
    2333    2210    2207    4042
    2210    2422    2209    4043
    3159    2212    2472    2211
    2212    2388    2470    2213
    3158    2214    2211    2536
    2214    2389    2213    2532
    3154    2216    2570    2215
    2216    2391    2563    2217
    3160    2218    2215    2472
    2218    2392    2217    2470
    3142    2220    2449    2219
    2220    2394    2447    2221
    3155    2222    2219    2570
    2222    2395    2221    2563
    3141    2224    2369    2223
    2224    2415    2370    2225
    3143    2226    2223    2449
    2226    2419    2225    2447
    2229    2230    2350
    2228    2229    2305
    2227    2318    2230
    2233    2309    2231
    4100    2234    2232
    2233    2235    2362
    2234    2477    2235
    2555    2238    2239
    2239    2240    2556
    2238    4055    2236
    2240    2237    2312
    2243    2578    2244
    3150    2243    2242
    2245    2368    2241
    2245    2244    2413
    2248    2453    2249
    2248    2247    4096
    2434    2246    2250
    2250    2249    2454
    2255    2315    2254
    2251    2513    2255
    2253    4032    2252
    2256    2258    2579
    2259    2503    2258
    2416    2259    2257
    2454    2260    2262
    2262    2263    2429
    2261    2329    2263
    2559    2264    2265
    2544    2266    2267
    2265    2268    2469
    2543    2269    2266
    2557    2267    2264
    2269    2468    2268
    2270    2497    2271
    2272    2488    2270
    2273    2271    2547
    2552    2274    2273
    2275    2485    2272
    2274    2486    2275
    2276    2277    2549
    2509    2278    2276
    2277    2279    2521
    2279    2280    2445
    2280    2281    2430
    2278    2432    2281
    2282    2510    2283
    2282    2284    2514
    2285    2286    2476
    2286    2283    2511
    2473    2287    2285
    2287    2474    2284
    2288    2479    2289
    2290    2289    2433
    2291    2292    2494
    2480    2288    2291
    2293    2290    2435
    2292    2293    2455
    2294    2541    2295
    2294    2296    2561
    2490    2297    2298
    2297    2491    2299
    2298    2295    2523
    2299    2562    2296
    2300    2481    2301
    2301    2547    2302
    2303    2304    2565
    2304    2302    2546
    2566    2300    2303    2482
    2307    2306    4162
    2323    2308    2310
    2354    2310    2309
    2562    2312    2313
    2451    2313    2311
    2475    2316    2315
    2325    2314    2316
    2319    2320    3151
    2317    3152    2320
    4028    2321    2322
    2324    2326    2424
    2326    2327    2450
    2327    2325    2473
    2517    2330    2328
    2330    2518    2331
    2329    2331    2427
    2334    2335    2483
    2336    2527    2337
    2335    2337    2529
    2567    2334    2482    2338
    2568    2336    2338    2528
    2339    2557    2340
    2341    2342    2505
    2340    2504    2342
    2569    2341    2528    2343
    2572    2339    2343    2558
    2344    2523    2345
    2346    2347    2543
    2347    2345    2542
    2492    2346    2545    2348
    2493    2344    2348    2524
    2352    2517    2351
    2353    2355    2410
    2355    2354    2363
    2356    2365    2533    2357
    2360    2499    2359
    2358    2457    2361
    2360    2361    2458
    2365    2423    2525    2364
    2459    2366    2367
    2373    2371    2503
    2501    2374    2373    2462
    2374    2566    2372    2463
    2377    2375    2466
    2377    2522    2378
    2379    2500    2376
    2379    2378    2518
    2554    2382    2383
    2383    2380    2553
    2382    2560    2384
    2384    2469    2381
    2423    2387    2526    2385
    2387    2490    2524    2386
    2388    2534    2471    2390
    2389    2535    2390    2533
    2391    2571    2564    2393
    2392    2573    2393    2471
    2394    2537    2448    2396
    2395    2538    2396    2564
    2534    2398    2575    2397
    2398    2492    2576    2399
    2535    2400    2397    2525
    2400    2493    2399    2526
    2571    2402    2507    2401
    2402    2572    2508    2403
    2573    2404    2401    2575
    2404    2574    2403    2576
    2537    2406    2539    2405
    2406    2568    2540    2407
    2538    2408    2405    2507
    2408    2569    2407    2508
    2410    2411    2418
    2411    2409    2441
    2412    2414    2577
    2413    2579    2414
    2415    2501    2416    2420
    2419    2502    2420    2448
    2426    2425    4037
    2456    2429    2428
    2510    2431    2432
    2435    2434    2456
    2550    2436    2438
    2439    2437    2506
    2442    2514    2440
    2443    2496    2442
    2441    2480    2443
    2444    2495    2446
    2445    2446    2519
    4097    2452    2453
    2498    2458    2459
    3145    2460    2461
    2502    2464    2462    2539
    2464    2567    2463    2540
    2485    2467    2465
    2474    2475    2515
    2483    2531    2481
    2551    2484    2486
    2487    2498    2488
    2489    2556    2491
    2505    2506    2527
    2511    2509    2554
    2521    2520    2550
    2531    2530    2552
    2574    2544    2558    2545
    2549    2548    2560
    2634    2580    2581
    2775    2581    2582
    2635    2583    2580
    4023    2582    2583
    2584    2625    2585
    4081    2584    2586
    2587    2588    4125
    2586    2587    4108
    2585    2626    2589
    2589    2778    2588
    4157    2590    2591
    2592    2593    3157
    2591    2592    4159
    2593    2594    2794
    2590    2630    2595
    2594    2595    2631
    2983    2596    2597
    2776    2598    2596
    2775    2599    2598
    4024    2600    2599
    3050    2597    2600
    2636    2601    2602
    2946    2603    2601
    2969    2604    2603
    2637    2602    2605
    4051    2605    2604
    3046    2606    2607
    3144    2608    2606
    3139    2609    2608
    2804    2607    2610
    2805    2610    2609
    3043    2611    2612
    2701    2613    2614
    3044    2615    2611
    4160    2614    2615
    2702    2612    2613
    3026    2616    2617
    2944    2618    2616
    2800    2619    2618
    2617    2620    4118
    2619    2801    2620
    2907    2622    2706    2621
    2622    3146    2707    2623
    2908    2624    2621    4047
    2624    3153    2623    4046
    2884    2627    2628
    4057    2628    2625
    2881    2629    2627
    2629    2779    2626
    3045    2632    2630
    2931    2633    2632
    2795    2631    2633
    2636    2634    2777
    4052    2635    2637
    2949    2638    2639
    3010    2639    2640
    2950    2641    2638
    3108    2640    2641
    2924    2642    2643
    3027    2644    2642
    2780    2645    2644
    2882    2643    2646
    2779    2646    2645
    3091    2647    2648
    2977    2649    2647
    4054    2648    2650
    2903    2650    2651
    2649    2933    2652
    2651    2652    2904
    3110    2653    2654
    2781    2655    2656
    2654    2657    2887
    2782    2658    2655
    4029    2656    2653
    2658    2888    2657
    2659    2660    2991
    2661    3151    2662
    2928    2661    2663
    2929    2663    2659
    2664    3031    2660
    2664    2662    3085
    2665    2666    2786
    2665    2992    2667
    2668    2787    2666
    2891    2668    2669
    2667    3150    2670
    2669    2670    3046
    2895    2671    2672
    2671    3139    2673
    2672    2674    2790
    2675    2930    2676
    2676    2791    2674
    2673    3145    2675
    2677    2678    2905
    3057    2679    2680
    2680    2677    3006
    2681    4030    2682
    2679    3058    2681
    2678    2682    2906
    2683    3083    2684
    2685    2686    3156
    2794    2687    2685
    2684    3085    2688
    2689    2899    2683
    2686    2688    3152
    2687    2796    2689
    2690    2691    2970
    2692    4071    2693
    2694    2690    2919
    2885    2692    2695
    2691    2693    2971
    2695    2694    2886
    2696    2697    2993
    2698    3140    2699
    2697    2699    2994
    2935    2700    2696    2797
    2700    3141    2698    2798
    2701    4164    2703
    2704    2941    2702
    2705    2703    2802
    2803    2704    2705
    2922    2708    3000    2706
    2708    3147    3001    2707
    3123    2709    2710
    3092    2711    2709
    3093    2712    2711
    3125    2710    2713
    3126    2713    2712
    3007    2714    2715
    2978    2716    2717
    3087    2715    2716
    2934    2718    2714
    2933    2717    2718
    3135    2719    2720
    3125    2721    2719
    3104    2722    2721
    3003    2723    2722
    3004    2720    2723
    3008    2724    2725
    3040    2725    2726
    3043    2726    2727
    2931    2727    2728
    2932    2728    2724
    3063    2729    2730
    3075    2730    2731
    3062    2731    2732
    3060    2732    2733
    3061    2733    2729
    3048    2734    2735
    3096    2735    2736
    2938    2737    2738
    2939    2736    2737
    3049    2738    2734
    2924    2739    2740
    3028    2740    2741
    2973    2742    2743
    2925    2743    2739
    2980    2741    2742
    3088    2744    2745
    3069    2746    2744
    3109    2745    2747
    3070    2748    2746
    3120    2747    2748
    2926    2749    2750
    2974    2751    2752
    3115    2750    2753
    2927    2752    2749
    3054    2753    2751
    2955    2754    2755
    2755    2756    3086
    2757    2996    2758
    2754    2956    2757
    2758    3081    2756
    3089    2760    3036    2759
    2760    2907    2923    2761
    3091    2762    2759    4038
    2762    2908    2761    4039
    2960    2764    3133    2763
    2764    3159    3134    2765
    2961    2766    2763    3000
    2766    3158    2765    3001
    2963    2768    3015    2767
    2768    3154    3016    2769
    2964    2770    2767    3133
    2770    3160    2769    3134
    2966    2772    3116    2771
    2772    3142    3117    2773
    2967    2774    2771    3015
    2774    3155    2773    3016
    2947    2777    2776
    2780    4122    2778
    2783    3059    2784
    4025    2783    2781
    2784    2975    2785
    2785    2927    2782
    2892    2788    2787
    2995    2789    2788
    2993    2786    2789
    2896    2790    2792
    2929    2793    2791
    2988    2792    2793
    2796    2795    2900
    2936    2799    2797    3116
    2799    3143    2798    3117
    2942    2803    2800
    2802    4130    2801
    2940    2806    2807
    3138    2807    2805
    2938    2808    2806
    3047    2804    2808
    2988    2809    2810
    2811    3086    2812
    2809    2991    2813
    2989    2810    2814
    2814    2812    3066
    2811    2813    3032
    3008    2815    2816
    3041    2817    2815
    3009    2816    2818
    3061    2819    2820
    3064    2818    2819
    3042    2820    2817
    3022    2821    2822
    3023    2823    2821
    3127    2822    2824
    3105    2825    2823
    2824    2826    3126
    2825    3104    2826
    3029    2827    2828
    2828    2829    3042
    2986    2830    2831
    3053    2832    2830
    2987    2831    2827
    2832    3060    2829
    2833    2834    3077
    2833    3113    2835
    3078    2836    2837
    2837    2835    3101
    2836    3076    2838
    2838    3075    2834
    2839    3107    2840
    2841    2840    3137
    2841    3005    2842
    3106    2839    2843
    2843    2844    3105
    2844    2842    3003
    2845    3098    2846
    2846    3067    2847
    3099    2845    2848
    2847    3066    2849
    2848    2850    3082
    2850    2849    3081
    2851    2852    3088
    2853    3007    2852
    2854    3006    2853
    3055    2854    2855
    2856    2851    3108
    2855    2856    3056
    2857    3029    2858
    2858    3041    2859
    2860    2861    2942
    2862    2860    2945
    2861    2859    2943
    3030    2857    2862
    2863    3051    2864
    2864    3111    2865
    3052    2863    2866
    2865    3077    2867
    2866    2868    3053
    2868    2867    3062
    2869    2870    2984
    2871    2948    2872
    2870    2872    2947
    2972    2871    2873
    2874    2869    2981
    2873    2874    2973
    2875    3124    2876
    2875    2877    3092
    3072    2878    2879
    2879    2880    3121
    2878    3073    2877
    2880    2876    3120
    2886    2883    2881
    2883    2920    2882
    4056    2885    2884
    2926    2889    2888
    3113    2890    2889
    3111    2887    2890
    3034    2892    2893
    2894    2891    3047
    2893    2894    3049
    2897    3137    2898
    2990    2897    2896
    2898    3138    2895
    2899    2901    3065
    2901    2902    3009
    2902    2900    2932
    2906    4036    2903
    2905    2904    2934
    2909    2910    3090
    2911    3018    2912
    2912    3071    2910
    2911    3038    3019    2913
    2909    3037    2913    3036
    2914    2915    3073
    2916    3127    2917
    2917    3093    2915
    2916    3129    3128    2918
    2914    3130    2918    3074
    2919    2972    2921
    2921    2925    2920
    3037    2922    3002    2923
    3148    2928    2930
    3035    2935    2995    2937
    3094    2936    2937    3118
    3107    2939    2940
    2941    2943    3040
    2945    2944    3028
    2970    2946    2948
    2951    2949    3011
    2952    2951    3099
    3114    2950    2953
    2954    2952    3102
    2953    2954    3103
    2957    3064    2958
    3065    2957    2959
    2958    2997    2956
    3084    2959    2955
    3039    2960    3132    2962
    3038    2961    2962    3002
    3130    2963    3017    2965
    3131    2964    2965    3132
    3119    2966    3118    2968
    3129    2967    2968    3017
    2971    4080    2969
    2975    3057    2976
    2976    3055    2974
    3089    2979    2977
    2979    3090    2978
    2981    2987    2982
    2982    3030    2980
    2985    2983    3052
    2984    2985    2986
    3068    2990    2989
    2992    2994    3149
    3063    2998    2997
    2999    3079    2996
    3076    2999    2998
    3136    3004    3005
    3010    3109    3012
    3013    3012    3124
    3100    3011    3014
    3014    3013    3123
    3020    3121    3021
    3018    3021    3070
    3020    3039    3122    3019
    3024    3097    3023
    3024    3094    3095    3025
    3022    3119    3025    3128
    3026    4119    3027
    3083    3033    3031
    3084    3032    3033
    3048    3035    3034    3095
    4158    3044    3045
    3051    3050    3112
    3056    3114    3054
    3059    4026    3058
    3067    3136    3068
    3069    3087    3071
    3072    3131    3074    3122
    3102    3080    3078
    3080    3082    3079
    3097    3096    3106
    3098    3100    3135
    3103    3101    3115
    3112    4035    3110
    4026    3161    3162
    3579    3163    3161
    3312    3164    3163
    3313    3165    3164
    3379    3162    3165
    3399    3166    3167
    3486    3168    3166
    4052    3169    3168
    3230    3170    3169
    3231    3167    3170
    3219    3171    3172
    3171    4066    3173
    3543    3174    3175
    3220    3172    3176
    3358    3176    3174
    3175    3173    4084
    3177    3178    3321
    4035    3179    3177
    3178    3180    3322
    3181    3482    3180
    3182    3487    3181
    3179    4024    3182
    3490    3184    3224    3183
    3184    4018    3225    3185
    3491    3186    3183    4078
    3186    4019    3185    4077
    3227    3188    4046    3187
    3188    4005    4045    3189
    3228    3190    3187    3362
    3190    4006    3189    3363
    3526    3191    3192
    3380    3193    3191
    3381    3194    3193
    3523    3192    3195
    3453    3195    3194
    3317    3196    3197
    3603    3198    3196
    3465    3199    3200
    3318    3197    3199
    4076    3201    3198
    3468    3200    3201
    3202    3203    3579
    3323    3204    3205
    3205    3202    4025
    3203    3206    3513
    3206    3207    3425
    3204    3324    3207
    3208    3365    3209
    3366    3208    3210
    3211    3212    3231
    3209    3400    3212
    3213    3211    3232
    3210    3213    4060
    3214    3215    3428
    3216    4054    3217
    3215    3217    3527
    3216    3325    4038    3218
    3214    3326    3218    3429
    3221    3222    3405
    3469    3223    3221
    3220    3359    3222
    4064    3219    3223
    3508    3226    3377    3224
    3226    4020    3378    3225
    3472    3227    4047    3229
    3470    3228    3229    3397
    3233    3230    4053
    3232    3233    4061
    3582    3234    3235
    3408    3236    3234
    3577    3235    3237
    3496    3237    3238
    3409    3238    3236
    3581    3239    3240
    3488    3240    3241
    3548    3242    3239
    3489    3241    3243
    3549    3243    3242
    3399    3244    3245
    3370    3246    3244
    3483    3247    3248
    3371    3248    3246
    3482    3245    3247
    3593    3249    3250
    3591    3251    3249
    3535    3252    3251
    3459    3253    3252
    3460    3250    3253
    3593    3254    3255
    3583    3255    3256
    3455    3256    3257
    3254    3532    3258
    3257    3258    3456
    3259    3260    3534
    3544    3261    3259
    3570    3262    3261
    3457    3263    3262
    3263    3458    3260
    3264    3461    3265
    3577    3264    3266
    3536    3267    3268
    3569    3266    3267
    3268    3265    3459
    3483    3269    3270
    3426    3270    3271
    3427    3271    3272
    3510    3272    3273
    3484    3273    3269
    3406    3274    3275
    3573    3276    3277
    3466    3275    3276
    3540    3277    3278
    3407    3278    3274
    3279    3492    3280
    3281    3282    3602
    3600    3279    3281
    3282    3283    3532
    3280    3493    3283
    3374    3285    3506    3284
    3285    3490    3507    3286
    3375    3287    3284    4089
    3287    3491    3286    4088
    3518    3289    3589    3288
    3289    4021    3590    3290
    3509    3291    3288    3377
    3291    4022    3290    3378
    3413    3293    3473    3292
    3293    4014    3474    3294
    3414    3295    3292    3589
    3295    4015    3294    3590
    3416    3297    3596    3296
    3297    4009    3597    3298
    3417    3299    3296    3473
    3299    4013    3298    3474
    3419    3301    3528    3300
    3301    4011    3529    3302
    3420    3303    3300    3596
    3303    4010    3302    3597
    3422    3305    3556    3304
    3305    4016    3557    3306
    3423    3307    3304    3528
    3307    4012    3306    3529
    3502    3309    3403    3308
    3309    4007    3404    3310
    3503    3311    3308    3556
    3311    4017    3310    3557
    3580    3314    3312
    3314    3488    3315
    3315    3454    3316
    3313    3316    3381
    3319    3598    3317
    3574    3319    3320
    3320    3318    3467
    3321    3323    4029
    3322    3426    3324
    3325    3472    4039    3327
    3326    3470    3327    3463
    3328    3329    3454
    3330    3328    3489
    3525    3331    3332
    3550    3332    3330
    3331    3524    3333
    3333    3453    3329
    3575    3334    3335
    3334    3576    3336
    3336    3545    3337
    3337    3534    3338
    3335    3339    3494
    3339    3338    3495
    3340    3600    3341
    3341    3578    3342
    3512    3340    3343
    3344    3345    3497
    3343    3344    3511
    3342    3496    3345
    3346    3347    3601
    3348    3599    3347
    3349    3346    3512
    3448    3350    3351
    3350    3449    3348
    3351    3349    3451
    3352    3353    3548
    3352    3582    3354
    3537    3355    3356
    3356    3357    3567
    3355    3538    3353
    3357    3354    3569
    3542    3360    3358
    3360    3541    3361
    3361    3407    3359
    3398    3364    3362    3403
    3364    4008    3363    3404
    3367    3368    3450
    3365    3367    3401
    3369    3604    3368
    4067    3369    3366
    3402    3372    3373
    3452    3371    3372
    3373    3370    3400
    3542    3374    3522    3376
    3543    3375    3376    4090
    4030    3379    3380
    3382    3572    3383
    3384    3385    3541
    3383    3540    3385
    3382    3520    3561    3386
    3384    3521    3386    3522
    3387    3388    3535
    3389    3567    3390
    3388    3390    3536
    3389    3565    3568    3391
    3387    3566    3391    3592
    3392    3393    3538
    3394    3550    3395
    3395    3549    3393
    3394    3552    3551    3396
    3392    3555    3396    3539
    3471    3398    3397    3504
    3401    3448    3402
    3465    3405    3406
    3514    3410    3411
    3411    3408    3581
    3410    3515    3412
    3412    3498    3409
    3562    3413    3475    3415
    3587    3414    3415    3588
    3564    3416    3595    3418
    3563    3417    3418    3475
    3476    3419    3530    3421
    3477    3420    3421    3595
    3479    3422    3553    3424
    3480    3423    3424    3530
    3515    3425    3427
    3430    3431    3524
    3428    3523    3431
    3430    3464    3429    3516
    3520    3433    3559    3432
    3433    3509    3519    3434
    3521    3435    3432    3506
    3435    3508    3434    3507
    3570    3437    3585    3436
    3437    3587    3586    3438
    3571    3439    3436    3561
    3439    3560    3438    3559
    3583    3441    3499    3440
    3441    3563    3500    3442
    3584    3443    3440    3585
    3443    3562    3442    3586
    3517    3445    3505    3444
    3445    3502    3504    3446
    3552    3447    3444    3554
    3447    3503    3446    3553
    3449    3450    3598
    3451    3485    3452
    3584    3455    3457
    3458    3456    3533
    3578    3462    3461
    3602    3460    3462
    3464    3471    3463    3505
    3576    3467    3466
    4065    3469    3468
    3565    3476    3531    3478
    3566    3477    3478    3594
    3555    3479    3554    3481
    3558    3480    3481    3531
    3485    3511    3484
    3487    4023    3486
    3601    3494    3492
    3495    3533    3493
    3510    3497    3498
    3591    3501    3592    3499
    3501    3564    3594    3500
    3513    3514    3580
    3525    3517    3516    3551
    3560    3518    3588    3519
    3526    3527    4036
    3537    3558    3539    3568
    3572    3546    3547
    3571    3544    3546
    3573    3547    3545
    3599    3574    3575
    4068    3603    3604
    3605    3606    3736
    3606    3607    3634
    4063    3608    3605
    3607    3609    3635
    3609    3610    4033
    3608    4050    3610
    3960    3611    3612
    4037    3613    3611
    3749    3614    3615
    3750    3612    3614
    3868    3615    3613
    3736    3616    3617
    4062    3617    3618
    3915    3618    3619
    3737    3620    3616
    3790    3619    3620
    4027    3621    3622
    3993    3622    3623
    3667    3624    3621
    3742    3623    3625
    3668    3625    3624
    4018    3627    3672    3626
    3627    3800    3673    3628
    4019    3629    3626    4087
    3629    3801    3628    4086
    4005    3631    4044    3630
    3631    3675    4042    3632
    4006    3633    3630    3746
    3633    3676    3632    3747
    3636    3993    3637
    3634    3638    3738
    3637    3819    3638
    3635    4028    3636
    3639    3960    3640
    3641    3642    3958
    3643    4031    3639
    3827    3644    3641
    3644    3828    3643
    3640    3961    3642
    3645    3646    4072
    3647    3999    3646
    3647    3648    4000
    3796    3649    3645
    3649    3797    3650
    3650    3875    3648
    3651    3652    3798
    3799    3653    3651
    3652    3654    3912
    3654    3655    3914
    3653    4058    3656
    3655    3656    3916
    3657    3658    4055
    3659    3869    3660
    3660    3870    3658
    3739    3657    4041    3661
    3740    3659    3661    3824
    3662    4075    3663
    3664    3665    3836
    3663    4001    3665
    3872    3664    3837    3666
    3873    3662    3666    4074
    3667    4034    3669
    3829    3670    3671
    3670    3743    3668
    3671    3669    3830
    4020    3674    3911    3672
    3674    3817    3909    3673
    3675    3880    4043    3677
    3676    3878    3677    3794
    3995    3678    3679
    3831    3680    3681
    3956    3681    3682
    3983    3682    3678
    3832    3679    3680
    3958    3683    3684
    3898    3685    3686
    3899    3687    3685
    3951    3686    3683
    3959    3684    3687
    3976    3688    3689
    3952    3690    3691
    3953    3692    3690
    3991    3689    3692
    3975    3691    3688
    3820    3693    3694
    3821    3694    3695
    3954    3696    3697
    3881    3695    3696
    3997    3697    3693
    3698    3699    3935
    3700    4000    3699
    3838    3701    3702
    3836    3700    3701
    3923    3702    3698
    3703    3913    3704
    3876    3703    3705
    3705    3706    3877
    3704    4004    3707
    3706    3707    4002
    3800    3709    3818    3708
    3709    3872    3866    3710
    3801    3711    3708    4085
    3711    3873    3710    4082
    4021    3713    3969    3712
    3713    3839    3967    3714
    4022    3715    3712    3911
    3715    3840    3714    3909
    4014    3717    3939    3716
    3717    3842    3937    3718
    4015    3719    3716    3969
    3719    3843    3718    3967
    4009    3721    3986    3720
    3721    3845    3987    3722
    4013    3723    3720    3939
    3723    3846    3722    3937
    4011    3725    3965    3724
    3725    3848    3963    3726
    4010    3727    3724    3986
    3727    3849    3726    3987
    4016    3729    3932    3728
    3729    3851    3930    3730
    4012    3731    3728    3965
    3731    3852    3730    3963
    4007    3733    3822    3732
    3733    3902    3823    3734
    4017    3735    3732    3932
    3735    3903    3734    3930
    3738    3791    3737
    3880    3739    4040    3741
    3878    3740    3741    3825
    3994    3742    3744
    3883    3745    3743
    3906    3744    3745
    4008    3748    3746    3822
    3748    3795    3747    3823
    3869    3751    3749
    3871    3752    3751
    3919    3753    3752
    3927    3750    3753
    3933    3754    3755
    3934    3756    3754
    3977    3755    3757
    3756    3936    3758
    3758    4002    3759
    3757    3759    3978
    3907    3760    3761
    3761    3762    3976
    3763    3884    3764
    3764    3959    3765
    3760    3883    3763
    3765    3962    3762
    3955    3766    3767
    3767    3768    3995
    3769    3998    3770
    3766    3954    3769
    3770    3991    3771
    3771    3992    3768
    3772    3955    3773
    3774    3775    3913
    3776    3881    3772
    3912    3777    3774
    3773    3996    3775
    3777    3882    3776
    3941    3778    3779
    3779    3780    3942
    3778    3984    3781
    3780    3782    3953
    3781    3983    3783
    3782    3783    3992
    3948    3784    3785
    3785    3786    3900
    3784    3973    3787
    3786    3788    3899
    3787    3975    3789
    3788    3789    3962
    3821    3792    3791
    3882    3793    3792
    3914    3790    3793
    3795    3879    3794    3904
    3798    3876    3797
    4073    3799    3796
    3802    3950    3803
    3804    3805    3919
    3803    3928    3805
    3917    3804    3920    3806
    3918    3802    3806    3947
    3807    3942    3808
    3809    3810    3973
    3810    3808    3952
    3971    3809    3974    3811
    3972    3807    3811    3943
    3812    3813    3984
    3814    3894    3815
    3813    3815    3956
    3980    3812    3985    3816
    3981    3814    3816    3895
    3817    3867    3910    3818
    3819    3994    3820
    3879    3826    3825    3905
    3826    3871    3824    3920
    3884    3829    3827
    3828    3830    4032
    3833    3834    4004
    3957    3835    3831
    3835    3978    3834
    3832    3833    3996
    3874    3838    3924    3837
    3839    3921    3968    3841
    3840    3922    3841    3910
    3842    3885    3938    3844
    3843    3886    3844    3968
    3845    3888    3988    3847
    3846    3889    3847    3938
    3848    3891    3964    3850
    3849    3892    3850    3988
    3851    3944    3931    3853
    3852    3945    3853    3964
    3921    3855    3970    3854
    3855    3933    3979    3856
    3922    3857    3854    3926
    3857    3925    3856    3924
    3944    3859    3946    3858
    3859    3949    3947    3860
    3945    3861    3858    3966
    3861    3948    3860    3974
    3902    3863    3904    3862
    3863    3917    3905    3864
    3903    3865    3862    3931
    3865    3918    3864    3946
    3867    3874    3926    3866
    3870    3868    4048
    3877    4003    3875
    3885    3981    3940    3887
    3886    3982    3887    3970
    3888    3990    3989    3890
    3889    3980    3890    3940
    3891    3971    3966    3893
    3892    3972    3893    3989
    3896    3977    3897
    3897    3957    3894
    3982    3896    3895    3979
    3949    3900    3901
    3950    3901    3898
    3998    3908    3907
    3908    3997    3906
    3915    3916    4059
    3925    3923    3934
    3928    3951    3929
    3927    3929    3961
    3936    3935    4003
    3990    3941    3943    3985
    4001    4079    3999
    4070    4049    4050
    4053    4051    4083
