     369       1       2
    4023       3       4
    4167       4       1
     370       2       3
       5       6     972
       7     973       6
       8    4049       7
     414       9       5
      10      65       8
       9      66      10
      11      12      70
      13     365      14
      14      71      12
      15    4079      13
    4076      16      11
      16    4078      15
    4036      17      18
     228      19      20
     129      20      21
     484      18      19
     130      21      17
      22     379      23
      24     962      25
    4151      22      26
      27      23     134
      26      25     964
     232      24      28
     135      28      27
      72      29      30
      30      31    4140
      32    4150      31
     198      32      33
      33      34     195
      29      73      34
     432      35      36
      36      37     216
      38      39     977
      40     968      39
     477      40      35
      38     217      37
     138      41      42
      43     394      44
      44     966      45
      46     331      43
      42      45     978
      41     139      46
      47    4146      48
     334      47      49
      48    4147      50
      50     143      51
      49      52     239
      51     144      52
      53    4142      54
      55      56     335
      56      54    4144
     468      53      57
      58      55     336
      57      58     363
      59     369      60
      61      60     243
      62      61     244
      63    4166      59
     350      64      62
      64    4165      63
      65      67    4051
      67      68     326
      66     206      69
      68      69     207
    4077      70      72
      71     196      73
      74      75     329
     444      76      74
     445      77      76
      78      79     327
      78     328      75
      77    4028      79
      80    4024      81
      82     370      80
      83      81     211
      82      84     371
     212      85      83
      85     372      84
      86     456      87
    4082      88      89
      90     514      86
     436      89      91
      88     515      90
      91      87     437
      92      93     395
      93      94     976
     392      95      92
      94      96     217
      95     342      97
      97     218      96
      98      99     960
     355     100      98
      99     101     414
     100     356     102
     101     103     411
     103     102     374
     104     478     105
     106     105     476
     377     107     106
     108     357     109
     109     975     104
     107     358     108
     110     970     111
     418     112     113
     114     111     233
     115     510     110
     113     114     234
     112     429     115
     116     380     117
     118     415     116
     219     118     119
     119     120     220
     120     121    4154
     121     117     381
     122     123     224
     124     122     515
     125     351     126
     127     352     125
    4162     128     124
     128    4163     127
     126     225     123
     131     446     132
    4030     131     130
     132     346     133
     133     229     129
     136     134     380
     137     136     416
     234     135     137
     140     138     971
     510     141     140
     139     142     235
     141     236     142
     145     489     146
     146     240     144
     147     490     145
     143    4148     147
     428     148     149
     463     149     150
     375     151     148
     376     152     151
     378     150     152
     409     153     154
     471     155     153
     396     156     157
     397     154     156
     398     157     155
     437     158     159
     409     160     161
     469     161     162
     410     159     160
     457     162     158
     507     163     164
     451     165     163
     435     166     165
     407     164     167
     408     167     166
     364     168     169
     465     170     171
     363     169     172
     439     171     168
     467     172     170
     173     174     366
     174     175     367
     365     176     173
    4080     177     176
     438     178     177
     178     410     179
     179     397     175
     180     181     456
     470     182     183
     180     502     184
     183     184     503
     182     457     181
     185     382     186
     187     186     513
     458     188     189
     188     383     185
     189     187     493
     190     482     191
     192     191     419
     442     193     194
     193     461     190
     194     192     420
     202     197     196
     199     195     197
     200    4149     198
     490     200     201
     201     199     203
     366     204     202
     337     203     205
     338     205     204
     412     208     209
     208     330     210
     411     209     206
     207     210     328
     213     211    4035
     213     484     214
     387     212     215
     215     214     400
     343     216     218
     221     220    4143
     222     221     468
     450     219     223
     223     222     467
     226     227     390
     225     353     227
     424     224     226
     228     230     485
     229     347     231
     231     421     230
     233     963     232
     511     237     236
     359     238     237
     332     235     238
     364     241     242
     440     242     240
     336     239     241
     351     244     245
     243     371     246
     245     247     354
     247     246     373
     439     248     249
     441     250     248
     479     251     252
     466     249     251
     250     492     253
     252     253     487
     254     513     255
     256     255     512
     495     257     258
     508     254     257
     256     503     259
     258     259     496
     260     261     401
     261     262     387
     403     263     260
     262     264     388
     263     391     265
     264     265     389
     266     267     502
     268     269     422
     454     270     268
     269     271     423
     270     496     267
     271     266     425
     272     273     482
     274     455     273
     506     275     276
     277     454     274
     275     495     277
     276     272     483
     278     470     279
     280     281     501
     488     282     280
     283     469     278
     282     472     283
     279     512     281
     284     475     285
     286     435     287
     285     433     288
     473     284     289
     289     287     452
     288     434     286
     290     447     291
     291     450     292
     292     465     293
     448     290     294
     294     295     480
     295     293     466
     296     430     297
     298     416     299
     297     418     298
     497     296     300
     301     299     417
     300     301     449
     302     303     498
     304     507     305
     305     509     303
     306     302     459
     494     304     307
     307     306     458
     308     504     309
     309     494     310
     505     308     311
     311     312     506
     310     493     313
     312     313     508
     314     464     315
     462     314     316
     315     474     317
     317     505     318
     316     319     461
     318     483     319
     320     321     428
     322     426     323
     323     427     321
     443     322     324
     325     320     462
     324     325     442
     326     327    4052
     426     329     330
     331     333     392
     333     332     360
     335    4145     334
     339     340     491
     340     341     399
     489     337     339
     341     338     368
     434     343     344
     342     393     345
     344     345     408
     346     444     348
     348     443     349
     349     420     347
     352    4164     350
     354     389     353
     357     355     961
     358     376     356
     509     361     359
     361     407     362
     360     362     393
     368     367     396
     388     373     372
     413     374     375
     475     378     377
    4152     381     379
     384     501     382
     460     385     383
     500     384     386
     499     386     385
     423     390     391
     395     967     394
     399     398     492
     400     485     402
     401     402     404
     422     403     405
     405     406     455
     404     486     406
     427     412     413
     447     417     415
     421     419     486
     424     425     514
     429     431     511
     430     498     431
     433     476     432
    4081     436     438
     491     441     440
     446    4029     445
     449     448     499
     504     453     451
     474     452     453
     459     497     460
     464     463     473
     472     487     471
     478     969     477
     480     481     500
     481     479     488
     967     516     517
     846     517     518
     583     519     520
     816     518     519
     584     520     516
     688     521     522
     970     522     523
     813     523     524
     655     525     521
     656     524     525
     968     526     527
     578     528     529
     931     527     530
     668     530     528
     579     529     526
     977     531     532
     948     533     531
     532     534     585
     672     535     533
     535     586     534
     889     536     537
     587     538     539
     676     537     538
     536     965     540
     539     540     588
     541     737     542
     960     541     543
     543     544     680
     544     545     592
     542     593     545
     693     547     596     546
     547    2052     597     548
     694     549     546    4062
     549    2053     548    4061
     599     551    4136     550
     551    2049    4137     552
     600     553     550     685
     553    2035     552     686
     939     554     555
     978     555     556
     689     556     557
     876     558     554
     558     691     559
     557     559     690
     560     561     966
     562     660     561
     846     563     560
     767     564     565
     847     565     563
     661     562     564
     566     567     738
     566     974     568
     859     569     570
     569     664     571
     570     572     860
     572     568    4039
     571     665     567
     573    4131     574
     575     576     886
     574     890     576
     573     695    4132     577
     575     696     577     866
     734     580     581
     900     581     582
     969     582     579
     669     578     580
     976     585     584
     673     583     586
     589     724     590
     587     590     677
     814     589     591
     591     588     962
     739     594     593
     681     592     595
     821     595     594
     728     598     882     596
     598    2043     883     597
     854     599    4135     601
     852     600     601     722
     734     602     603
     899     604     602
     842     605     606
     735     603     605
     849     606     604
     810     608     730     607
     608     693     729     609
     811     610     607    4043
     610     694     609    4045
     859     612     740     611
     612     810     741     613
     861     614     611    4054
     614     811     613    4044
     743     616     825     615
     616    2041     826     617
     744     618     615     882
     618    2042     617     883
     746     620     923     619
     620    2039     924     621
     747     622     619     825
     622    2040     621     826
     749     624     828     623
     624    2037     829     625
     750     626     623     923
     626    2038     625     924
     752     628     933     627
     628    2044     934     629
     753     630     627     828
     630    2045     629     829
     755     632     831     631
     632    2047     832     633
     756     634     631     933
     634    2046     633     934
     758     636     953     635
     636    2050     954     637
     759     638     635     831
     638    2048     637     832
     761     640     834     639
     640    2057     835     641
     762     642     639     953
     642    2058     641     954
     764     644     913     643
     644    2055     914     645
     765     646     643     834
     646    2056     645     835
     837     648     732     647
     648    2051     733     649
     838     650     647     913
     650    2054     649     914
     695     652    4133     651
     652     854    4134     653
     696     654     651     867
     654     852     653     853
     815     656     657
     655     690     658
     855     657     659
     659     658     692
     662     939     660
     768     663     661
     663     938     662
     862     666     664
     667     739     665
     824     667     666
     818     670     671
     736     671     669
     927     668     670
     840     674     675
     675     672     949
     674     817     673
     887     678     679
     678     886     676
     679     677     725
     899     682     683
     901     684     682
     683     681     822
     961     680     684
     723     687     685     732
     687    2036     686     733
     971     689     688
     856     692     691
     697     698     824
     699     823     700
     698     700     821
     699     872     897     701
     697     873     701     863
     702     703     927
     704     949     705
     703     705     932
     704     864     950     706
     702     865     706     928
     707     708     817
     709     847     710
     710     816     708
     709     947     848     711
     707     942     711     841
     712     713     938
     714     874     715
     715     876     713
     714     902     875     716
     712     917     716     936
     717     718     857
     719     858     720
     720     855     718
     719     884     885     721
     717     903     721     875
     844     723     722     839
     815     726     724
     888     725     727
     858     727     726
     731     728     881     729
     812     731     870     730
     819     736     735
     972     738     737
     862     742     863     740
     742     812     871     741
     879     743     827     745
     880     744     745     881
     891     746     922     748
     892     747     748     827
     920     749     830     751
     921     750     751     922
     925     752     935     754
     926     753     754     830
     956     755     833     757
     957     756     757     935
     951     758     952     760
     955     759     760     833
     915     761     836     763
     916     762     763     952
     910     764     912     766
     911     765     766     836
     768     937     936     769
     767     944     769     848
     872     771     893     770
     771     879     894     772
     873     773     770     871
     773     880     772     870
     895     775     908     774
     775     891     909     776
     896     777     774     893
     777     892     776     894
     906     779     929     778
     779     920     930     780
     907     781     778     908
     781     921     780     909
     864     783     958     782
     783     925     959     784
     865     785     782     929
     785     926     784     930
     942     787     940     786
     787     956     941     788
     943     789     786     958
     789     957     788     959
     944     791     945     790
     791     951     946     792
     947     793     790     940
     793     955     792     941
     917     795     918     794
     795     915     919     796
     937     797     794     945
     797     916     796     946
     903     799     904     798
     799     910     905     800
     902     801     798     918
     801     911     800     919
     869     803     845     802
     803     837     839     804
     877     805     802     905
     805     838     804     912
     887     807     866     806
     807     868     867     808
     888     809     806     885
     809     869     808     878
     963     813     814
     818     906     928     820
     819     907     820     843
     898     822     823
     840     943     841     950
     842     895     843     850
     868     844     853     845
     851     849     898
     851     896     850     897
     874     857     856
     861     860    4040
     884     877     878     904
    4141     889     890
     975     901     900
     932     948     931
    4153     964     965
     973    4050     974
    1449     979     980
    4090     980     981
    4091     981     982
    1057     983     979
    1058     982     983
     984    2032     985
     986     985    1062
     987    4102     984
    1063     988     986
     989    4100     987
     988    1306     989
    4119     990     991
    1067     992     993
    1304     991     994
    1068     993     990
    1116     994     992
    1206     995     996
    1377     997     995
    1133     996     998
    4116     999     997
    1134     998     999
    1119    1000    1001
    1120    1002    1000
    4033    1001    1003
    1195    1004    1002
    1379    1003    1004
    1449    1005    1006
    1391    1006    1007
    1218    1008    1009
    1219    1007    1008
    4121    1009    1005
    1010    1011    1069
    1010    4124    1012
    1187    1013    1014
    1117    1015    1013
    1015    1067    1011
    1014    1012    4088
    1016    1446    1017
    1018    1138    1019
    1017    1139    1018
    4106    1020    1021
    1021    1019    1315
    1020    4107    1016
    1022    1142    1023
    1024    2026    1025
    1022    1026    1210
    2030    1024    1027
    1027    1023    1143
    1025    1308    1026
    1028    1029    1446
    1030    1327    1029
    1306    1031    1032
    1032    1028    4101
    1031    1307    1030
    1033    2029    1034
    1035    1341    1033
    1036    1034    2024
    1461    1037    1036
    1038    1227    1035
    1037    1228    1038
    1039    1040    1386
    1039    4117    1041
    1071    1042    1043
    1042    1129    1040
    1043    1044    1072
    1044    1041    4128
    1045    1046    1471
    1046    1047    2020
    1048    2021    1047
    1470    1049    1045
    1049    1309    1050
    1048    1050    1308
    1051    1147    1052
    1053    1054    4021
    1054    1052    2027
    1055    1053    1310
    1148    1051    1056
    1056    1055    1214
    1059    1060    4056
    1060    1061    1121
    4155    1058    1059
    1061    1057    1122
    1064    1065    1124
    1065    1062    2033
    1125    1066    1064
    1066    1199    1063
    4113    1070    1068
    4064    1069    1070
    1073    1203    1074
    1074    1130    1071
    4092    1073    1075
    1075    1072    4093
    1386    1076    1077
    1491    1077    1078
    1079    1322    1080
    1323    1079    1076
    1078    1080    1434
    1220    1081    1082
    1476    1083    1081
    1356    1084    1085
    1221    1082    1084
    1357    1085    1083
    1222    1086    1087
    4026    1088    1086
    1088    1380    1089
    1090    1361    1091
    1090    1089    1381
    1087    1091    1223
    1482    1092    1093
    1092    1313    1094
    1495    1093    1095
    1311    1096    1097
    4047    1095    1096
    1097    1094    1312
    1354    1098    1099
    1100    1304    1101
    1477    1102    1098
    1099    1101    1305
    1100    1103    4120
    1102    1478    1103
    1104    1105    1383
    1105    1106    2025
    1384    1107    1104
    1106    1108    1461
    1108    1109    1459
    1107    1404    1109
    1110    1204    1111
    1205    1110    1112
    1112    1113    1338
    1114    1316    1115
    1111    4115    1114
    1113    1115    1317
    1188    1118    1117
    1118    1191    1116
    1121    1119    4034
    1123    1196    1120
    1122    1450    1123
    1124    2022    1126
    1127    1126    1342
    1343    1128    1127
    1128    1200    1125
    1130    1205    1131
    1131    1340    1132
    1132    1387    1129
    1207    1133    1135
    1135    1136    1318
    1136    1137    1491
    1137    1134    4118
    1339    1140    1141
    1140    1317    1138
    1350    1141    1139
    1211    1144    1142
    1330    1145    1144
    2031    1143    1146
    1385    1146    1145
    1149    1471    1150
    1147    1150    2028
    1393    1149    1151
    1151    1148    1215
    1462    1152    1153
    1406    1153    1154
    1460    1155    1152
    1404    1156    1155
    1405    1154    1156
    1435    1157    1158
    1493    1158    1159
    1437    1160    1161
    1456    1159    1160
    1436    1161    1157
    1452    1162    1163
    1419    1164    1165
    1420    1165    1162
    1364    1163    1166
    1365    1166    1164
    1460    1167    1168
    1424    1169    1167
    1402    1168    1170
    1400    1171    1169
    1401    1170    1171
    1427    1172    1173
    1428    1173    1174
    1490    1175    1176
    1451    1174    1175
    1481    1176    1172
    1472    1177    1178
    1487    1178    1179
    1417    1179    1180
    1467    1181    1177
    1418    1180    1181
    1408    1182    1183
    1382    1183    1184
    1409    1185    1182
    1361    1184    1186
    1362    1186    1185
    1189    1190    1378
    1190    1187    4086
    1192    1188    1189
    1193    1192    1376
    1355    1194    1193
    1194    1305    1191
    1197    1382    1198
    1196    1447    1197
    1198    1381    1195
    1200    1344    1201
    1199    1202    1307
    1201    1328    1202
    1203    4094    1204
    1376    1206    1208
    1209    1207    1319
    1373    1208    1209
    1212    1210    1309
    1346    1213    1212
    1331    1211    1213
    1215    1216    1334
    1214    1312    1217
    1216    1217    1314
    1220    1218    4122
    1389    1219    1221
    4041    1222    1224
    1224    1225    1496
    1225    1226    1440
    1226    1223    1363
    1227    1229    1343
    1228    1403    1230
    1229    1231    1345
    1230    1369    1231
    1372    1232    1233
    1425    1234    1235
    1444    1233    1234
    1235    1236    1400
    1370    1237    1232
    1237    1371    1236
    1474    1238    1239
    1458    1240    1241
    1465    1239    1240
    1457    1241    1242
    1238    1494    1243
    1242    1243    1456
    1244    1467    1245
    1463    1246    1247
    1248    1245    1473
    1395    1247    1249
    1468    1244    1246
    1396    1249    1248
    1250    1251    1483
    1488    1252    1253
    1254    1250    1441
    1253    1255    1438
    1252    1487    1251
    1255    1254    1439
    1256    1430    1257
    1257    1488    1258
    1431    1256    1259
    1259    1260    1484
    1258    1489    1261
    1260    1261    1490
    1262    1263    1474
    1264    1485    1265
    1265    1486    1263
    1266    1432    1267
    1267    1431    1264
    1475    1266    1262
    1268    1470    1269
    1469    1268    1270
    1269    1393    1271
    1270    1272    1468
    1271    1394    1273
    1272    1273    1418
    1274    1426    1275
    1276    1277    1462
    1275    1424    1277
    1442    1274    1278
    1279    1276    1466
    1278    1279    1458
    1280    1413    1281
    1414    1280    1282
    1281    1442    1283
    1283    1457    1284
    1282    1285    1416
    1284    1437    1285
    1286    1287    1339
    1288    1286    1351
    1289    1338    1287
    1290    1288    1414
    1340    1289    1291
    1291    1290    1388
    1292    1374    1293
    1294    1373    1292
    1295    1293    1454
    1296    1355    1294
    1479    1297    1295
    1297    1354    1296
    1298    1448    1299
    1300    1299    1447
    1301    1428    1298
    1302    1390    1301
    1392    1303    1300
    1303    1389    1302
    1310    4048    1311
    1335    1314    1313
    4112    1315    1316
    1320    1453    1321
    1319    1321    1375
    1318    1492    1320
    1388    1324    1325
    1325    1323    1387
    1324    1416    1326
    1326    1436    1322
    1329    1445    1327
    1372    1329    1328
    1332    1384    1330
    1347    1333    1331
    1333    1405    1332
    1335    1483    1336
    1336    1417    1337
    1334    1337    1394
    1341    1342    2023
    1344    1345    1370
    1407    1347    1348
    1349    1346    1469
    1348    1349    1463
    1351    1352    1415
    1352    1353    1444
    1353    1350    1445
    1358    1359    1429
    1359    1360    1479
    1390    1356    1358
    1360    1357    1477
    1439    1363    1362
    1485    1366    1365
    1484    1367    1366
    1364    1368    1455
    1367    1481    1368
    1369    1401    1371
    1374    1375    1452
    1378    4087    1377
    4027    1379    1380
    1383    2034    1385
    1450    1391    1392
    1397    1464    1395
    1466    1397    1398
    1399    1396    1475
    1398    1399    1465
    1403    1459    1402
    1464    1406    1407
    1448    1410    1408
    1438    1409    1411
    1411    1412    1489
    1410    1451    1412
    1413    1415    1443
    1453    1421    1420
    1486    1419    1422
    1421    1493    1423
    1422    1423    1494
    1426    1443    1425
    1429    1480    1427
    1430    1433    1472
    1432    1473    1433
    1492    1434    1435
    1440    1441    1482
    1454    1455    1480
    1476    4123    1478
    4042    1496    1495
    4022    1497    1498
    2027    1499    1497
    1547    1500    1501
    1685    1498    1500
    1548    1501    1499
    2032    1502    1503
    1504    1505    1542
    1503    1506    1674
    1505    1507    4126
    1504    1543    1506
    1502    4110    1507
    1577    1508    1509
    2024    1510    1508
    1578    1509    1511
    1996    1512    1510
    1697    1511    1512
    1582    1513    1514
    1966    1515    1516
    2026    1516    1513
    1701    1517    1515
    1583    1514    1517
    1813    1518    1519
    2020    1519    1520
    1677    1521    1518
    1549    1520    1522
    1550    1522    1521
    1523    1705    1524
    1881    1523    1525
    1525    1526    4055
    1527    1524    1587
    1526    1527    1588
    1528    1529    1592
    4046    1530    1528
    1529    1531    1593
    1530    4053    1532
    1531    1533    1686
    1532    1685    1533
    2052    1535    1597    1534
    1535    1762    1598    1536
    2053    1537    1534    4060
    1537    1763    1536    4059
    2049    1539    4138    1538
    1539    1600    4139    1540
    2035    1541    1538    1764
    1541    1601    1540    1765
    1932    1544    1545
    1545    1542    4068
    1544    1681    1546
    1546    1675    1543
    2028    1549    1548
    1678    1547    1550
    1959    1551    1552
    1916    1552    1553
    1767    1554    1551
    1768    1553    1554
    1919    1555    1556
    1949    1557    1558
    1772    1556    1559
    1773    1559    1557
    1920    1558    1555
    1560    1561    2029
    1562    1774    1563
    1561    1564    1996
    1775    1562    1560
    1563    1982    1565
    1565    1984    1564
    1566    1689    1567
    1567    1817    1568
    1690    1566    1569
    1570    1571    1966
    1569    1570    2030
    1568    1818    1571
    1572    4037    1573
    1574    1575    1885
    1575    1573    1957
    1694    1574    1883    1576
    1695    1572    1576    4057
    2025    1577    1579
    1580    1581    1822
    1581    1578    1698
    2015    1579    1580
    1582    1584    2021
    1584    1585    1813
    1702    1586    1583
    1586    1814    1585
    1589    1587    1706
    4038    1588    1590
    1957    1590    1591
    1825    1591    1589
    1594    1806    1595
    1592    1596    4031
    1596    1595    1882
    1593    1687    1594
    2043    1599    1866    1597
    1599    1809    1864    1598
    1600    1709    4070    1602
    1601    1710    1602    1811
    1982    1603    1604
    1983    1605    1603
    1942    1606    1605
    1875    1607    1606
    1876    1604    1607
    2016    1608    1609
    1822    1610    1608
    1823    1611    1610
    1927    1612    1611
    2018    1609    1612
    1993    1613    1614
    1898    1614    1615
    1924    1616    1617
    1899    1615    1616
    1991    1617    1613
    1954    1618    1619
    1878    1619    1620
    1826    1621    1622
    1956    1622    1618
    1827    1620    1621
    1890    1623    1624
    1959    1625    1626
    1968    1627    1623
    1891    1624    1625
    1969    1626    1627
    1758    1628    1629
    1759    1629    1630
    1953    1631    1632
    1935    1632    1628
    1920    1630    1631
    1633    2000    1634
    1635    1634    1828
    1901    1636    1637
    1636    1947    1633
    1637    1635    1829
    2041    1639    1930    1638
    1639    1833    1928    1640
    2042    1641    1638    1866
    1641    1834    1640    1864
    2039    1643    2011    1642
    1643    1836    2012    1644
    2040    1645    1642    1930
    1645    1837    1644    1928
    2037    1647    1909    1646
    1647    1839    1907    1648
    2038    1649    1646    2011
    1649    1840    1648    2012
    2044    1651    1999    1650
    1651    1842    1997    1652
    2045    1653    1650    1909
    1653    1843    1652    1907
    2047    1655    1912    1654
    1655    1845    1910    1656
    2046    1657    1654    1999
    1657    1846    1656    1997
    2050    1659    1990    1658
    1659    1848    1986    1660
    2048    1661    1658    1912
    1661    1849    1660    1910
    2057    1663    1915    1662
    1663    1851    1913    1664
    2058    1665    1662    1990
    1665    1852    1664    1986
    2055    1667    1964    1666
    1667    1854    1962    1668
    2056    1669    1666    1915
    1669    1855    1668    1913
    2051    1671    1869    1670
    1671    1857    1867    1672
    2054    1673    1670    1964
    1673    1858    1672    1962
    1760    1674    1676
    1682    1676    1675
    1688    1679    1680
    1680    1677    1754
    1679    1686    1678
    1758    1682    1683
    1933    1684    1681
    1934    1683    1684
    1687    1688    1755
    1691    2016    1692
    2017    1691    1693
    1689    1692    1896
    1693    1690    2031
    1762    1694    1810    1696
    1763    1695    1696    4058
    1698    1699    1824
    1699    1700    1898
    1700    1697    1994
    1703    1704    1860
    1815    1702    1703
    1704    1701    1967
    1880    1707    1705
    1879    1708    1707
    1827    1706    1708
    1709    1932    4069    1711
    1710    1933    1711    1893
    1712    2019    1713
    1995    1714    1715
    2014    1712    1714
    1716    1713    1927
    1925    1715    1717
    1926    1717    1716
    1954    1718    1719
    1718    1955    1720
    1721    1720    1916
    1936    1722    1723
    1917    1723    1721
    1937    1719    1722
    1724    1950    1725
    1983    1724    1726
    1960    1727    1728
    1979    1726    1727
    1870    1728    1729
    1729    1725    1871
    1730    1731    1993
    1730    1877    1732
    1971    1733    1734
    1943    1734    1735
    1733    1988    1731
    1735    1732    1875
    1736    1737    2000
    1738    1970    1739
    1740    1940    1737
    1738    1736    2004
    1941    1740    1741
    1741    1739    1969
    1742    1861    1743
    1743    1892    1744
    1862    1742    1745
    1746    1747    1879
    1747    1744    1878
    1863    1745    1746
    1897    1748    1749
    1750    2001    1751
    1748    1896    1752
    1749    1751    1940
    1752    2018    1753
    1750    1753    2019
    1755    1756    1807
    1756    1757    1816
    1757    1754    1814
    2033    1760    1761
    1761    1759    1921
    2036    1766    1764    1869
    1766    1812    1765    1867
    1970    1769    1767
    1939    1770    1771
    2002    1771    1769
    1918    1768    1770
    2023    1772    1775
    1774    1773    1950
    1776    1951    1777
    1778    1779    1934
    1779    1777    1935
    1894    1778    1893    1780
    1895    1776    1780    1922
    1781    1943    1782
    1783    1784    1979
    1782    1942    1784
    1981    1783    1980    1785
    1977    1781    1785    1972
    1786    1787    1988
    1788    1944    1789
    1789    1991    1787
    1973    1786    1989    1790
    1974    1788    1790    1945
    1791    1792    1946
    1793    2007    1794
    1794    1995    1792
    1975    1791    1945    1795
    1976    1793    1795    2008
    1796    2002    1797
    1798    1799    1947
    1797    2004    1799
    2005    1798    1948    1800
    2006    1796    1800    2003
    1801    1886    1802
    1803    1804    1937
    1804    1802    1956
    1887    1803    1888    1805
    1884    1801    1805    1883
    1808    1880    1806
    1807    1863    1808
    1809    1884    1865    1810
    1812    1894    1811    1868
    1816    1815    1862
    1817    1897    1819
    1819    1941    1820
    1820    1968    1821
    1821    1967    1818
    1824    1900    1823
    1958    1825    1826
    1830    1828    2001
    1902    1829    1831
    2007    1831    1832
    1832    1830    2014
    1833    1889    1929    1835
    1834    1887    1835    1865
    1836    1904    2013    1838
    1837    1905    1838    1929
    1839    2005    1908    1841
    1840    2006    1841    2013
    1842    2009    1998    1844
    1843    2010    1844    1908
    1845    1975    1911    1847
    1846    1976    1847    1998
    1848    1973    1987    1850
    1849    1974    1850    1911
    1851    1977    1914    1853
    1852    1978    1853    1987
    1854    1965    1963    1856
    1855    1981    1856    1914
    1857    1895    1868    1859
    1858    1923    1859    1963
    1861    1860    1890
    1952    1870    1872
    1872    1873    1951
    1873    1874    1953
    1874    1871    1949
    1985    1876    1877
    1882    1881    4032
    1885    1958    1886
    1889    1936    1931    1888
    1892    1891    1955
    1900    1899    1926
    2009    1902    2008    1903
    2010    1901    1903    1948
    1904    1939    2003    1906
    1905    1938    1906    1931
    1938    1917    1918
    1921    1919    2022
    1923    1952    1922    1961
    1992    1925    1924
    1944    1946    1992
    1965    1960    1961    1980
    1978    1971    1972    1989
    1985    1994    1984
    2034    2015    2017
    3061    2059    2060
    2354    2060    2061
    2098    2062    2059
    2099    2061    2062
    2103    2063    2064
    4002    2064    2065
    2187    2065    2066
    2188    2066    2067
    2104    2067    2063
    2068    2069    3999
    2407    2070    2068
    2192    2071    2070
    2108    2072    2071
    2072    2109    2069
    2196    2073    2074
    2075    4127    2076
    2073    2184    2077
    2074    2076    4109
    2113    2075    2078
    2078    2077    2114
    2079    2080    2197
    2080    2081    2198
    3055    2082    2079
    2082    3053    2083
    2083    2345    2084
    2081    2084    2203
    4172    2086    2144    2085
    2086    2348    2145    2087
    4173    2088    2085    4174
    2088    2349    2087    4175
    2147    2090    4016    2089
    2090    3060    4014    2091
    2148    2092    2089    2239
    2092    3056    2091    2453
    2093    2094    4169
    2095    2150    2096
    2094    2096    4179
    2095    2242    2151    2097
    2093    2410    2097    4170
    3063    2100    2098
    2215    2101    2102
    2216    2102    2100
    2272    2099    2101
    2283    2105    2106
    2107    2103    4187
    4188    2106    2107
    2105    2200    2104
    2212    2110    2111
    2111    2108    2193
    2110    4005    2112
    2112    4000    2109
    4065    2115    2116
    2115    4066    2113
    2116    2117    2206
    2117    2114    2185
    2387    2118    2119
    2354    2120    2121
    2219    2122    2120
    2445    2123    2118
    2220    2119    2122
    3058    2121    2123
    2223    2124    2125
    2441    2126    2127
    2446    2127    2124
    2376    2128    2126
    2224    2125    2128
    2345    2129    2130
    2397    2131    2129
    2228    2132    2131
    2229    2133    2132
    2346    2130    2133
    2245    2134    2135
    2379    2136    2137
    2475    2137    2138
    2372    2135    2136
    2134    2246    2139
    2138    2139    4177
    2468    2141    2233    2140
    2141    2363    2234    2142
    4073    2143    2140    4074
    2143    2364    2142    4075
    4171    2146    2236    2144
    2146    2350    2237    2145
    2353    2147    4006    2149
    2351    2148    2149    2240
    2152    2475    2153
    2153    4178    2150
    2152    2243    2476    2151
    2280    2154    2155
    2245    2156    2157
    2247    2157    2154
    2369    2158    2156
    2281    2155    2158
    2436    2160    2285    2159
    2160    2467    2286    2161
    2437    2162    2159    4071
    2162    2468    2161    4072
    2348    2164    2288    2163
    2164    2436    2289    2165
    2349    2166    2163    4176
    2166    2437    2165    4129
    2477    2168    4008    2167
    2168    2353    4007    2169
    2473    2170    2167    2291
    2170    2351    2169    2292
    2424    2172    4010    2171
    2172    2477    4009    2173
    2422    2174    2171    2294
    2174    2473    2173    2295
    2278    2176    3997    2175
    2176    2424    4011    2177
    2279    2178    2175    2366
    2178    2422    2177    2367
    2179    2206    2180
    2181    2182    2269
    2182    2180    2207
    2363    2181    2275    2183
    2364    2179    2183    4067
    2198    2186    2184
    2204    2185    2186
    4003    2187    2189
    2189    2190    2407
    2191    2188    2201
    2190    2191    2208
    2213    2193    2194
    2384    2194    2195
    2195    2192    2405
    3064    2197    2199
    4105    2199    2196
    2280    2202    2200
    2209    2201    2202
    2205    2203    2270
    2205    2207    2204
    2406    2210    2211
    2282    2211    2209
    2405    2208    2210
    2212    2278    3998    2214
    2213    2279    2214    2385
    2217    2216    3057
    2454    2217    2453    2218
    2455    2215    2218    2273
    2361    2221    2222
    2388    2220    2221
    2355    2222    2219
    3062    2223    2225
    2398    2226    2227
    2377    2227    2224
    2399    2225    2226
    2359    2230    2231
    2231    2232    2400
    2230    2347    2229
    2232    2228    2398
    2467    2235    2381    2233
    2235    2365    2382    2234
    2410    2238    2411    2236
    2238    2393    2408    2237
    2352    2241    2240    2429
    2241    2454    2239    2430
    2243    2356    2488    2244
    2242    2357    2244    2411
    2284    2248    2247
    2248    4189    2246
    2249    2442    2250
    2251    2252    2388
    2252    2250    2389
    2447    2251    2390    2253
    2444    2249    2253    2443
    2254    2255    2378
    2256    2400    2257
    2255    2257    2377
    2426    2254    2443    2258
    2402    2256    2258    2401
    2259    2260    2372
    2261    2370    2262
    2260    2262    2369
    2261    2414    2403    2263
    2259    2420    2263    2380
    2264    2265    2404
    2266    2384    2267
    2267    2406    2265
    2266    2386    2385    2268
    2264    2415    2268    2403
    2269    2271    2276
    2271    2270    2346
    2274    2355    2272
    2456    2274    2273    2362
    2277    2276    2347
    2365    2277    2360    2275
    2371    2282    2281
    4190    2284    2283
    2440    2287    2412    2285
    2287    2466    2413    2286
    2350    2290    2391    2288
    2290    2440    2392    2289
    2474    2293    2291    2394
    2293    2352    2292    2395
    2423    2296    2294    2373
    2296    2474    2295    2374
    2465    2298    2428    2297
    2298    2402    2427    2299
    2466    2300    2297    2381
    2300    2383    2299    2382
    2438    2302    2460    2301
    2302    2464    2461    2303
    2439    2304    2301    2412
    2304    2465    2303    2413
    2409    2306    2457    2305
    2306    2438    2458    2307
    2393    2308    2305    2391
    2308    2439    2307    2392
    2462    2310    2449    2309
    2310    2444    2450    2311
    2464    2312    2309    2428
    2312    2426    2311    2427
    2432    2314    2486    2313
    2314    2463    2487    2315
    2433    2316    2313    2460
    2316    2462    2315    2461
    2483    2318    2484    2317
    2318    2432    2485    2319
    2459    2320    2317    2457
    2320    2433    2319    2458
    2482    2322    2451    2321
    2322    2448    2452    2323
    2463    2324    2321    2449
    2324    2447    2323    2450
    2420    2326    2418    2325
    2326    2469    2419    2327
    2421    2328    2325    2488
    2328    2483    2327    2489
    2434    2330    2479    2329
    2330    2481    2480    2331
    2435    2332    2329    2486
    2332    2482    2331    2487
    2470    2334    2471    2333
    2334    2434    2472    2335
    2469    2336    2333    2484
    2336    2435    2335    2485
    2431    2338    2429    2337
    2338    2455    2430    2339
    2481    2340    2337    2451
    2340    2456    2339    2452
    2415    2342    2416    2341
    2342    2425    2417    2343
    2414    2344    2341    2418
    2344    2470    2343    2419
    2356    2459    2489    2358
    2357    2409    2358    2408
    2383    2359    2401    2360
    2448    2361    2362    2390
    2386    2368    2366    2416
    2368    2423    2367    2417
    2370    2404    2371
    2425    2375    2373    2471
    2375    2478    2374    2472
    2378    2376    2442
    2379    2421    2380    2476
    2389    2441    2387
    2478    2396    2394    2479
    2396    2431    2395    2480
    3054    2399    2397
    3059    2445    2446
    2842    2490    2491
    4063    2491    2492
    2555    2493    2490
    2556    2492    2493
    4022    2494    2495
    4004    2496    2497
    4053    2497    2494
    2630    2495    2498
    2498    2499    2551
    2496    2552    2499
    2722    2500    2501
    4108    2502    2503
    3010    2504    2502
    2723    2503    2500
    2955    2501    2504
    2847    2505    2506
    4019    2507    2508
    2970    2509    2507
    2848    2508    2505
    2855    2506    2509
    2738    2510    2511
    2510    2739    2512
    2900    2511    2513
    2514    2512    3010
    2513    2515    4089
    2514    4111    2515
    2851    2516    2517
    2517    2518    2700
    2560    2519    2520
    3060    2520    2521
    4015    2521    2516
    2519    2561    2518
    4098    2522    2523
    2522    2835    2524
    2565    2525    2526
    4103    2523    2525
    2566    2526    2527
    2527    2524    2703
    2528    2529    4160
    2570    2530    2528
    2531    2919    2529
    2571    2532    2530
    2706    2531    2532
    2743    2533    2534
    2535    2536    2861
    2533    2970    2537
    2534    2535    2744
    2536    2538    3995
    2537    4020    2538
    2539    3054    2540
    2541    2540    3053
    2542    2730    2539
    2910    2543    2541
    2544    2731    2542
    2543    2908    2544
    2545    3993    2546
    2655    2545    2547
    2546    4012    2548
    2548    3004    2549
    2549    2718    2550
    2547    2550    2656
    2631    2551    2553
    4001    2554    2552
    2904    2553    2554
    2714    2557    2555
    2635    2558    2557
    2636    2559    2558
    4085    2556    2559
    3056    2562    2560
    2640    2563    2564
    3057    2564    2562
    2563    2641    2561
    2567    2568    3064
    2568    2569    2645
    4104    2565    2567
    2569    2566    2646
    2572    2570    4156
    2573    2650    2574
    4056    2573    2572
    2574    2651    2571
    2886    2575    2576
    2724    2576    2577
    2725    2577    2578
    2935    2579    2580
    4097    2578    2579
    2887    2580    2575
    2581    2582    2845
    2583    2917    2582
    2843    2584    2581
    2844    2585    2584
    2583    2586    2919
    4157    2587    2585
    2587    4159    2586
    2588    2589    3046
    2589    2590    3047
    2876    2591    2592
    2592    2588    4027
    2591    2726    2593
    2590    2593    2727
    2594    3061    2595
    2596    2595    2978
    2597    3044    2594
    2598    2914    2597
    2896    2599    2596
    2599    2897    2598
    2600    3059    2601
    2602    2601    2732
    2603    2979    2600
    2733    2604    2602
    2605    2980    2603
    2604    2879    2605
    2606    4013    2607
    2607    2849    2608
    3004    2606    2609
    2608    2734    2610
    2609    2611    2911
    2611    2610    2735
    2612    2613    2930
    2614    2931    2613
    2615    2612    2877
    3011    2614    2616
    2617    2615    2878
    2616    2617    4041
    2618    2619    3036
    2620    2618    4095
    2621    3035    2619
    2989    2621    2622
    2623    2620    2936
    2622    2623    2937
    2624    2873    2625
    2874    2624    2626
    2627    2628    3012
    2625    2923    2628
    2629    2627    3013
    2626    2629    4047
    2709    2632    2631
    2710    2633    2632
    2875    2634    2633
    4021    2630    2634
    2637    2901    2638
    2902    2637    2639
    2638    4083    2636
    2639    2635    2715
    3063    2642    2640
    3044    2643    2642
    2641    2644    2701
    2643    2832    2644
    2645    2647    3055
    2647    2648    2910
    2646    2704    2649
    2648    2649    2863
    2652    2653    3048
    2651    2654    2707
    2654    2652    2838
    2650    4034    2653
    2657    3994    2655
    2905    2658    2659
    2658    2904    2657
    2659    2656    2719
    3029    2660    2661
    2963    2662    2660
    3025    2663    2664
    3028    2661    2663
    2964    2664    2662
    3006    2665    2666
    2973    2666    2667
    2974    2667    2668
    2987    2668    2669
    3021    2669    2665
    2883    2670    2671
    2912    2671    2672
    2986    2673    2674
    2998    2672    2673
    2884    2674    2670
    2951    2675    2676
    2993    2676    2677
    2952    2678    2675
    3001    2677    2679
    3002    2679    2678
    3022    2680    2681
    3031    2682    2680
    2891    2681    2683
    2892    2683    2684
    2975    2684    2682
    3041    2685    2686
    2999    2687    2685
    2986    2688    2687
    2983    2689    2688
    2984    2686    2689
    2690    3026    2691
    2924    2690    2692
    2897    2693    2694
    2694    2691    2915
    2898    2692    2693
    2695    2959    2696
    2697    2696    2995
    3014    2698    2699
    2699    2697    3015
    2698    2960    2695
    2702    2701    2833
    2852    2700    2702
    2705    2703    2836
    2705    2864    2704
    2707    2839    2708
    2708    2865    2706
    2711    2712    2906
    2712    2709    2905
    2873    2710    2713
    2713    2711    2920
    2869    2715    2716
    2717    2714    2843
    2716    2717    2846
    2952    2720    2721
    2907    2719    2720
    3005    2721    2718
    2722    2953    2724
    4099    2723    2725
    2997    2728    2729
    2877    2729    2726
    3052    2727    2728
    2730    2732    3062
    2731    2880    2733
    2847    2736    2734
    2883    2735    2737
    2856    2737    2736
    2740    3009    2739
    2741    2942    2740
    2903    2741    2742
    2742    2738    2902
    2744    2862    2745
    2948    2746    2747
    2746    2971    2743
    2747    2745    2928
    3037    2748    2749
    3028    2750    2748
    2957    2751    2752
    2958    2752    2753
    2967    2749    2751
    2982    2753    2750
    2754    2755    2959
    2756    2754    2961
    3049    2757    2756
    2997    2758    2759
    3050    2759    2757
    2758    2996    2755
    2990    2760    2761
    2943    2762    2763
    2944    2763    2760
    2761    2764    3050
    2762    2946    2765
    2764    2765    3052
    2766    2767    3008
    2768    2769    2953
    2767    2768    2956
    2770    2973    2771
    3007    2770    2766
    2771    2954    2769
    2991    2772    2773
    2773    2774    3006
    2775    3023    2776
    2777    3049    2775
    2772    2990    2777
    2776    3024    2774
    2778    2968    2779
    2778    2780    2864
    2908    2781    2782
    2782    2783    2909
    2783    2779    2957
    2781    2863    2780
    2985    2784    2785
    2786    3051    2787
    2788    2928    2789
    2784    2949    2788
    2789    2929    2786
    2785    2787    3043
    2790    2791    2968
    3033    2792    2793
    2792    3034    2794
    2793    2795    3035
    2795    2790    2969
    2794    2967    2791
    2796    3033    2797
    3019    2796    2798
    2797    2989    2799
    2798    2800    3020
    2799    2988    2801
    2800    2801    2987
    2802    3029    2803
    2804    2803    3037
    2805    2804    3034
    2976    2802    2806
    2807    2805    3019
    2806    2807    2977
    2808    2809    3041
    2810    3040    2809
    2811    2812    2963
    3032    2810    2813
    2812    2808    2965
    2813    2811    3030
    2814    2993    2815
    2816    2817    3040
    2815    3003    2817
    2994    2814    2818
    2819    2816    3016
    2818    2819    3014
    2820    2921    2821
    2920    2820    2822
    2821    2994    2823
    2822    2824    2923
    2823    3015    2825
    2824    2825    3018
    2826    3008    2827
    2828    2945    2826
    2938    2829    2830
    2829    2939    2828
    2831    2827    2942
    2830    2831    2941
    3045    2834    2832
    2858    2833    2834
    3036    2837    2835
    2969    2836    2837
    2839    2840    2866
    2840    2841    2940
    2841    2838    2947
    2844    2842    4158
    2846    2845    2870
    2849    4017    2850
    2850    4018    2848
    3996    2851    2853
    2861    2853    2854
    2859    2854    2852
    2971    2857    2855
    2857    2885    2856
    2862    2859    2860
    2860    2858    2929
    2866    2938    2867
    2865    2868    2917
    2867    2918    2868
    2871    2903    2869
    2941    2871    2872
    2872    2870    2918
    4048    2875    2874
    2878    2876    4026
    2879    2881    2981
    2880    2909    2882
    2881    2882    2958
    2972    2884    2885
    2888    2974    2889
    2888    2886    2954
    2937    2887    2890
    2890    2889    2988
    3024    2891    2893
    3021    2893    2894
    2977    2895    2892
    3020    2894    2895
    2980    2899    2896
    2899    2925    2898
    2901    2900    4084
    2906    2907    2922
    2913    2912    3002
    2911    2913    3005
    2916    2915    3051
    2914    2916    3045
    2921    2922    2951
    2924    2926    3025
    2981    2927    2925
    2927    2982    2926
    2931    3012    2932
    2933    2995    2934
    2932    3018    2933
    2930    2934    2996
    2936    4096    2935
    2940    2943    2939
    2945    2944    2992
    2947    3047    2946
    2950    2972    2948
    2949    2983    2950
    2956    2955    3009
    3038    2961    2962
    3017    2962    2960
    2965    3042    2966
    2966    3027    2964
    3030    2976    2975
    2979    2978    3058
    3042    2984    2985
    2992    2991    3007
    3001    2998    3000
    3003    3000    2999
    3013    3011    4042
    3016    3039    3017
    3038    3022    3023
    3027    3043    3026
    3039    3032    3031
    3046    3048    4033
    3110    3065    3066
    4184    3067    3065
    3460    3068    3069
    3111    3066    3068
    4185    3069    3067
    3238    3070    3071
    4186    3072    3070
    4002    3073    3072
    3114    3074    3073
    3115    3071    3074
    3523    3075    3076
    4029    3076    3077
    3267    3078    3075
    3380    3077    3079
    3268    3079    3078
    3488    3080    3081
    3082    4039    3083
    3146    3082    3084
    3081    3083    4050
    3084    3085    3147
    3080    3242    3085
    3119    3086    3087
    4024    3087    3088
    3245    3088    3089
    3231    3089    3090
    3120    3090    3086
    4035    3091    3092
    3245    3093    3091
    3302    3094    3095
    3246    3095    3093
    3371    3092    3094
    3362    3096    3097
    4180    3097    3098
    3099    3100    3120
    4181    3098    3101
    3101    3099    3121
    3096    3232    3100
    3265    3103    3151    3102
    3103    3985    3152    3104
    3266    3105    3102    3997
    3105    3986    3104    4011
    3154    3107    4044    3106
    3107    3974    4043    3108
    3155    3109    3106    3330
    3109    3975    3108    3331
    3416    3110    3112
    3112    3113    3234
    3111    3235    3113
    3116    3117    3312
    3248    3118    3116
    3117    3114    4003
    3118    3239    3115
    3119    4025    3122
    3121    3122    4191
    3313    3123    3124
    3508    3125    3126
    3126    3127    4000
    3123    3314    3127
    3125    3256    3128
    3124    3128    3257
    3129    4052    3130
    3131    3132    3260
    3130    3381    3133
    3261    3129    3131
    3132    3134    3317
    3134    3133    3382
    3135    3136    3523
    3137    3401    3138
    3138    3468    3136
    3139    3135    4030
    3372    3137    3140
    3140    3139    3373
    3141    3142    4005
    3143    3366    3144
    3144    3508    3142
    3143    3265    3306    3145
    3141    3266    3145    3998
    3404    3148    3149
    3148    4040    3146
    3149    3150    3252
    3150    3147    3243
    3307    3153    3374    3151
    3153    3992    3375    3152
    3404    3154    4054    3156
    3402    3155    3156    3369
    3477    3157    3158
    3437    3158    3159
    3481    3160    3161
    3478    3161    3157
    3438    3159    3160
    3433    3162    3163
    3326    3164    3165
    3434    3163    3166
    3327    3166    3164
    3524    3165    3162
    3385    3167    3168
    3399    3169    3167
    3386    3168    3170
    3419    3171    3169
    3445    3170    3171
    3530    3172    3173
    3435    3173    3174
    3532    3175    3172
    3436    3174    3176
    3527    3176    3175
    3410    3177    3178
    3411    3178    3179
    3496    3179    3180
    3494    3181    3177
    3497    3180    3181
    3511    3182    3183
    3495    3183    3184
    3449    3184    3185
    3420    3186    3182
    3421    3185    3186
    3526    3187    3188
    3454    3189    3190
    3504    3188    3191
    3483    3191    3189
    3455    3190    3187
    3192    3193    3469
    3192    3470    3194
    3441    3195    3196
    3195    3513    3193
    3196    3194    3442
    3197    3198    3399
    3199    3417    3200
    3198    3200    3418
    3363    3199    3201
    3202    3197    3365
    3201    3202    3364
    3394    3204    3473    3203
    3204    3976    3474    3205
    3395    3206    3203    3374
    3206    3977    3205    3375
    3464    3208    3390    3207
    3208    3980    3391    3209
    3465    3210    3207    3473
    3210    3981    3209    3474
    3452    3212    3518    3211
    3212    3982    3519    3213
    3453    3214    3211    3390
    3214    3983    3213    3391
    3486    3216    3392    3215
    3216    3978    3393    3217
    3487    3218    3215    3518
    3218    3979    3217    3519
    3475    3220    3431    3219
    3220    3987    3432    3221
    3485    3222    3219    3392
    3222    3984    3221    3393
    3499    3224    3502    3223
    3224    3989    3503    3225
    3476    3226    3223    3431
    3226    3988    3225    3432
    3370    3228    3330    3227
    3228    3991    3331    3229
    3423    3230    3227    3502
    3230    3990    3229    3503
    3364    3233    3232
    3247    3231    3233
    3321    3234    3236
    3457    3237    3235
    3322    3236    3237
    3238    3240    3460
    3249    3241    3239
    3241    3405    3240
    3308    3244    3242
    3253    3243    3244
    3303    3246    3247
    3250    3251    3315
    3251    3248    3313
    3406    3249    3250
    3402    3252    3254
    3376    3254    3255
    3255    3253    3309
    3512    3258    3259
    3316    3257    3258
    3509    3259    3256
    3262    3263    3489
    3264    3490    3263
    3260    3318    3264
    4051    3261    3262
    3267    3514    3269
    3383    3270    3271
    3271    3269    3426
    3270    3382    3268
    3528    3272    3273
    3493    3273    3274
    3439    3275    3276
    3505    3276    3277
    3504    3277    3272
    3440    3274    3275
    3278    3279    3506
    3280    3406    3281
    3281    3408    3279
    3282    3407    3280
    3459    3283    3278
    3283    3458    3282
    3284    3285    3507
    3285    3286    3459
    3466    3287    3284
    3287    3447    3288
    3286    3289    3446
    3288    3445    3289
    3290    3291    3521
    3292    3510    3293
    3293    3531    3291
    3294    3466    3292
    3443    3295    3290
    3295    3444    3294
    3296    3297    3429
    3298    3493    3297
    3299    3522    3298
    3427    3300    3296
    3301    3520    3299
    3300    3428    3301
    3304    3400    3305
    3305    3372    3302
    3365    3304    3303
    3367    3307    3396    3306
    3377    3309    3310
    3482    3310    3311
    3490    3311    3308
    3312    3999    3314
    3315    3316    3409
    3319    3491    3318
    3320    3430    3319
    3317    3384    3320
    3418    3321    3323
    3323    3324    3419
    3458    3325    3322
    3325    3446    3324
    3529    3327    3328
    3326    3526    3329
    3328    3329    3528
    3332    3450    3333
    3334    3335    3397
    3335    3333    3421
    3332    3394    3471    3336
    3334    3395    3336    3396
    3337    3338    3472
    3339    3461    3340
    3340    3497    3338
    3339    3464    3462    3341
    3337    3465    3341    3471
    3342    3515    3343
    3344    3345    3463
    3343    3527    3345
    3342    3452    3516    3346
    3344    3453    3346    3462
    3347    3455    3348
    3349    3350    3517
    3348    3524    3350
    3347    3486    3456    3351
    3349    3487    3351    3516
    3352    3501    3353
    3354    3355    3483
    3355    3353    3505
    3352    3476    3500    3356
    3354    3475    3356    3484
    3357    3358    3479
    3359    3425    3360
    3358    3360    3477
    3359    3423    3424    3361
    3357    3499    3361    3500
    4182    3363    3362
    3367    3398    3368
    3366    3368    3509
    3403    3370    3369    3424
    3373    4036    3371
    3377    3478    3378
    3403    3376    3379
    3379    3378    3425
    4028    3380    3381
    3384    3383    3427
    3387    3388    3470
    3400    3385    3389
    3386    3448    3388
    3401    3389    3387
    3397    3422    3398
    3407    3457    3405
    3408    3409    3511
    3412    3495    3410
    3413    3506    3412
    3414    3411    3530
    3415    3414    3510
    3507    3413    3415
    4183    3416    3417
    3420    3512    3422
    3428    3426    3513
    3430    3429    3492
    3436    3525    3433
    3531    3435    3434
    3492    3440    3438
    3437    3439    3480
    3520    3441    3443
    3444    3442    3467
    3447    3467    3448
    3449    3451    3494
    3450    3472    3451
    3454    3485    3484    3456
    3461    3463    3498
    3468    3469    3514
    3479    3480    3501
    3491    3481    3482
    4049    3489    3488
    3496    3498    3532
    3515    3517    3525
    3522    3521    3529
    3667    3533    3534
    3668    3534    3535
    3698    3536    3533
    3855    3535    3537
    4031    3537    3536
    3827    3538    3539
    3672    3540    3541
    4020    3539    3540
    3712    3542    3538
    3673    3541    3542
    3996    3543    3544
    3901    3545    3543
    3580    3544    3546
    3581    3546    3547
    3695    3547    3545
    4012    3548    3549
    3548    3584    3550
    4013    3549    3551
    3742    3551    3552
    3552    3553    3743
    3553    3550    3585
    3554    3588    3555
    3556    3555    3589
    3557    3699    3554
    3994    3558    3556
    3559    3700    3557
    3558    4001    3559
    3560    3704    3561
    3560    3562    3593
    3956    3563    3564
    3564    3565    4037
    3563    3594    3562
    3565    3561    4038
    3985    3567    3597    3566
    3567    3708    3598    3568
    3986    3569    3566    4010
    3569    3709    3568    4009
    3974    3571    4045    3570
    3571    3600    4062    3572
    3975    3573    3570    3710
    3573    3601    3572    3711
    4018    3574    3575
    3576    3828    3577
    3716    3576    3578
    3575    3577    3829
    3574    3934    3579
    3578    3579    3717
    3582    4015    3580
    3740    3581    3696    3583
    3741    3582    3583    4014
    3971    3586    3584
    3972    3587    3586
    3817    3585    3587
    3588    3702    3590
    3591    3592    3971
    3592    3590    3915
    3993    3589    3591
    3705    3593    3595
    3955    3596    3594
    3824    3595    3596
    3992    3599    3813    3597
    3599    3736    3811    3598
    3600    3882    4061    3602
    3601    3880    3602    3738
    3847    3603    3604
    3961    3604    3605
    3848    3606    3603
    3914    3607    3606
    3927    3605    3607
    3853    3608    3609
    3825    3610    3608
    3826    3611    3610
    3887    3609    3612
    3903    3612    3611
    3705    3613    3614
    3856    3615    3616
    3825    3617    3613
    3706    3614    3615
    3854    3616    3617
    3618    3619    3744
    3870    3620    3621
    3819    3621    3622
    3745    3622    3618
    3620    3933    3619
    3860    3624    3846    3623
    3624    3740    3844    3625
    3861    3626    3623    4006
    3626    3741    3625    4016
    3708    3628    3737    3627
    3628    3860    3807    3629
    3709    3630    3627    4008
    3630    3861    3629    4007
    3976    3632    3919    3631
    3632    3747    3920    3633
    3977    3634    3631    3813
    3634    3748    3633    3811
    3980    3636    3834    3635
    3636    3750    3832    3637
    3981    3638    3635    3919
    3638    3751    3637    3920
    3982    3640    3937    3639
    3640    3753    3935    3641
    3983    3642    3639    3834
    3642    3754    3641    3832
    3978    3644    3874    3643
    3644    3756    3872    3645
    3979    3646    3643    3937
    3646    3757    3645    3935
    3987    3648    3964    3647
    3648    3759    3965    3649
    3984    3650    3647    3874
    3650    3760    3649    3872
    3989    3652    3816    3651
    3652    3762    3814    3653
    3988    3654    3651    3964
    3654    3763    3653    3965
    3991    3656    3710    3655
    3656    3739    3711    3657
    3990    3658    3655    3816
    3658    3809    3657    3814
    3843    3660    4058    3659
    3660    3956    4057    3661
    3841    3662    3659    3765
    3662    3955    3661    3766
    3882    3664    4060    3663
    3664    3843    4059    3665
    3880    3666    3663    3768
    3666    3841    3665    3769
    3699    3667    3669
    3668    3856    3670
    3703    3669    3671
    3671    3670    3821
    3897    3674    3675
    3674    3898    3676
    3675    3673    3713
    3676    3902    3672
    3677    3818    3678
    3679    3678    3817
    3820    3677    3680
    3867    3680    3681
    3951    3681    3682
    3973    3682    3679
    3912    3683    3684
    3822    3685    3683
    3684    3686    3888
    3685    3821    3687
    3687    3854    3688
    3688    3853    3686
    3689    3849    3690
    3915    3691    3692
    3691    3913    3693
    3692    3694    3972
    3693    3850    3689
    3694    3690    3973
    3697    3695    3898
    3845    3697    3858    3696
    3701    4046    3698
    3700    4004    3701
    3702    3703    3823
    3707    4055    3704
    3857    3707    3706
    3889    3713    3714
    3715    3712    3828
    3830    3714    3715
    3907    3718    3719
    3909    3719    3720
    3831    3716    3718
    3720    3717    3933
    3721    3722    3887
    3723    3914    3724
    3724    3888    3722
    3958    3721    3904    3725
    3959    3723    3725    3928
    3726    3947    3727
    3728    3729    3961
    3729    3727    3952
    3876    3728    3963    3730
    3877    3726    3730    3948
    3731    3732    3868
    3733    3871    3734
    3732    3734    3869
    3929    3731    3948    3735
    3930    3733    3735    3931
    3736    3808    3812    3737
    3739    3881    3738    3810
    3746    3744    3934
    4017    3742    3746
    3745    3743    3818
    3747    3884    3921    3749
    3748    3851    3749    3812
    3750    3916    3833    3752
    3751    3918    3752    3921
    3753    3922    3936    3755
    3754    3917    3755    3833
    3756    3835    3873    3758
    3757    3836    3758    3936
    3759    3838    3966    3761
    3760    3839    3761    3873
    3762    3864    3815    3764
    3763    3878    3764    3966
    3842    3767    3765    3944
    3767    3954    3766    3953
    3881    3770    3768    3883
    3770    3842    3769    3942
    3862    3772    3886    3771
    3772    3859    3895    3773
    3863    3774    3771    3846
    3774    3845    3773    3844
    3899    3776    3911    3775
    3776    3890    3908    3777
    3900    3778    3775    3895
    3778    3889    3777    3896
    3918    3780    3905    3779
    3780    3899    3906    3781
    3884    3782    3779    3885
    3782    3900    3781    3886
    3891    3784    3924    3783
    3784    3910    3931    3785
    3892    3786    3783    3911
    3786    3907    3785    3908
    3917    3788    3923    3787
    3788    3891    3925    3789
    3916    3790    3787    3905
    3790    3892    3789    3906
    3939    3792    3949    3791
    3792    3929    3950    3793
    3926    3794    3791    3925
    3794    3930    3793    3924
    3945    3796    3969    3795
    3796    3876    3970    3797
    3946    3798    3795    3949
    3798    3877    3797    3950
    3940    3800    3893    3799
    3800    3959    3894    3801
    3968    3802    3799    3969
    3802    3960    3801    3970
    3943    3804    3942    3803
    3804    3957    3944    3805
    3941    3806    3803    3893
    3806    3958    3805    3894
    3808    3863    3852    3807
    3809    3865    3810    3815
    3869    3819    3820
    3823    3822    3913
    3954    3826    3824
    4019    3829    3827
    3890    3830    3831
    3835    3946    3875    3837
    3836    3939    3837    3938
    3838    3968    3967    3840
    3839    3945    3840    3875
    3847    3962    3849
    3912    3848    3850
    3851    3862    3885    3852
    4032    3857    3855
    3859    3897    3896    3858
    3865    3943    3883    3866
    3864    3941    3866    3879
    3868    3867    3947
    3932    3870    3871
    3878    3940    3879    3967
    3901    3995    3902
    3957    3903    3953    3904
    3910    3909    3932
    3922    3926    3938    3923
    3960    3927    3928    3963
    3952    3951    3962
    4023    4168    4025
    4063    4130    4161
    4114    4125    4064
