         1
        10
        18
        25
        34
        44
        55
        65
        74
        81
        88
        96
       104
       113
       121
       130
       137
       147
       156
       165
       174
       183
       192
       202
       211
       220
       229
       237
       248
       257
       266
       275
       285
       295
       305
       313
       322
       332
       339
       349
       359
       368
       379
       386
       394
       402
       411
       419
       428
       435
       444
       451
       459
       468
       478
       488
       497
       507
       517
       527
       538
       548
       558
       568
       579
       589
       599
       609
       619
       630
       640
       649
       660
       670
       680
       690
       700
       710
       720
       730
       741
       750
       760
       770
       780
       790
       800
       810
       820
       830
       840
       851
       861
       871
       881
       891
       899
       907
       915
       924
       931
       939
       948
       956
       965
       972
       980
       989
       997
      1006
      1013
      1021
      1030
      1038
      1046
      1053
      1061
      1070
      1078
      1088
      1095
      1103
      1112
      1121
      1129
      1136
      1147
      1156
      1166
      1177
      1187
      1197
      1207
      1217
      1227
      1237
      1247
      1257
      1267
      1277
      1287
      1297
      1306
      1315
      1324
      1334
      1342
      1352
      1363
      1372
      1381
      1391
      1399
      1409
      1418
      1427
      1436
      1446
      1455
      1464
      1474
      1484
      1493
      1501
      1510
      1519
      1529
      1538
      1548
      1557
      1567
      1576
      1585
      1594
      1603
      1613
      1622
      1631
      1641
      1651
      1660
      1670
      1679
      1688
      1697
      1707
      1716
      1725
      1734
      1744
      1754
      1763
      1772
      1781
      1790
      1800
      1810
      1819
      1828
      1837
      1846
      1856
      1865
      1874
      1883
      1892
      1902
      1912
      1921
      1930
      1939
      1949
      1958
      1967
      1976
      1986
      1995
      2005
      2014
      2023
      2033
      2042
      2051
      2061
      2071
      2080
      2090
      2100
      2111
      2120
      2130
      2141
      2151
      2161
      2172
      2182
      2191
      2200
      2209
      2217
      2226
      2236
      2245
      2253
      2262
      2271
      2281
      2290
      2297
      2306
      2316
      2324
      2335
      2344
      2355
      2365
      2375
      2385
      2396
      2407
      2418
      2429
      2440
      2449
      2459
      2469
      2479
      2489
      2499
      2509
      2519
      2529
      2539
      2549
      2559
      2569
      2580
      2590
      2599
      2609
      2619
      2629
      2640
      2650
      2660
      2670
      2680
      2690
      2700
      2711
      2721
      2731
      2741
      2751
      2762
      2772
      2782
      2792
      2802
      2812
      2822
      2833
      2844
      2854
      2863
      2873
      2884
      2894
      2904
      2914
      2924
      2934
      2944
      2955
      2966
      2976
      2986
      2996
      3006
      3017
      3026
      3037
      3047
      3057
      3067
      3078
      3088
      3098
      3109
      3119
      3129
      3138
      3148
      3158
      3169
      3180
      3190
      3200
      3211
      3221
      3232
      3242
      3252
      3262
      3272
      3281
      3288
      3297
      3307
      3317
      3327
      3338
      3348
      3358
      3367
      3378
      3389
      3396
      3405
      3416
      3426
      3436
      3446
      3456
      3467
      3477
      3487
      3497
      3507
      3517
      3527
      3536
      3545
      3556
      3567
      3576
      3586
      3596
      3603
      3612
      3622
      3632
      3642
      3652
      3662
      3672
      3683
      3694
      3704
      3714
      3724
      3733
      3743
      3753
      3763
      3773
      3783
      3793
      3803
      3813
      3823
      3834
      3844
      3854
      3864
      3875
      3885
      3895
      3906
      3916
      3927
      3937
      3948
      3958
      3968
      3978
      3988
      3999
      4009
      4019
      4031
      4042
      4053
      4064
      4074
      4084
      4094
      4103
      4113
      4123
      4132
      4142
      4151
      4161
      4172
      4182
      4192
      4203
      4214
      4225
      4236
      4246
      4257
      4267
      4277
      4288
      4300
      4311
      4321
      4331
      4340
      4350
      4361
      4372
      4381
      4391
      4402
      4412
      4422
      4433
      4443
      4454
      4465
      4476
      4488
      4499
      4510
      4520
      4530
      4540
      4550
      4560
      4570
      4580
      4590
      4600
      4610
      4620
      4630
      4640
      4651
      4662
      4672
      4683
      4693
      4703
      4713
      4723
      4734
      4744
      4755
      4765
      4775
      4785
      4795
      4806
      4815
      4826
      4833
      4843
      4853
      4863
      4874
      4884
      4895
      4905
      4916
      4923
      4934
      4945
      4955
      4965
      4976
      4986
      4996
      5006
      5016
      5026
      5036
      5046
      5056
      5066
      5077
      5089
      5099
      5110
      5120
      5130
      5140
      5151
      5162
      5173
      5185
      5196
      5207
      5218
      5228
      5238
      5249
      5260
      5271
      5281
      5292
      5302
      5313
      5323
      5334
      5345
      5355
      5366
      5376
      5386
      5396
      5407
      5419
      5430
      5441
      5450
      5457
      5468
      5479
      5489
      5500
      5512
      5523
      5535
      5546
      5557
      5567
      5578
      5589
      5599
      5609
      5619
      5629
      5639
      5649
      5660
      5670
      5681
      5692
      5703
      5714
      5725
      5734
      5743
      5752
      5762
      5772
      5782
      5791
      5800
      5809
      5818
      5828
      5837
      5846
      5855
      5864
      5874
      5884
      5893
      5903
      5912
      5918
      5924
      5930
      5936
      5942
      5948
      5954
      5960
      5970
      5980
      5989
      5998
      6008
      6017
      6025
      6034
      6042
      6051
      6058
      6068
      6079
      6089
      6099
      6109
      6119
      6129
      6139
      6150
      6161
      6172
      6182
      6192
      6202
      6212
      6218
      6224
      6230
      6236
      6242
      6248
      6258
      6267
      6276
      6285
      6294
      6303
      6313
      6322
      6330
      6338
      6348
      6357
      6366
      6375
      6384
      6394
      6404
      6413
      6421
      6429
      6435
      6441
      6447
      6453
      6459
      6465
      6471
      6477
      6483
      6489
      6495
      6501
      6507
      6513
      6519
      6525
      6531
      6537
      6543
      6549
      6555
      6561
      6567
      6573
      6579
      6585
      6591
      6597
      6603
      6609
      6615
      6621
      6627
      6633
      6639
      6645
      6651
      6657
      6663
      6669
      6675
      6681
      6687
      6693
      6701
      6710
      6718
      6725
      6731
      6737
      6743
      6753
      6764
      6774
      6785
      6795
      6805
      6815
      6825
      6834
      6843
      6853
      6864
      6874
      6884
      6890
      6896
      6902
      6908
      6916
      6923
      6931
      6941
      6951
      6962
      6972
      6982
      6992
      7000
      7009
      7017
      7026
      7033
      7041
      7050
      7058
      7067
      7074
      7082
      7091
      7099
      7108
      7115
      7123
      7132
      7140
      7149
      7156
      7162
      7168
      7174
      7180
      7189
      7197
      7207
      7218
      7227
      7237
      7248
      7258
      7268
      7278
      7284
      7290
      7296
      7302
      7308
      7314
      7320
      7326
      7332
      7338
      7344
      7350
      7356
      7362
      7368
      7374
      7380
      7386
      7392
      7398
      7404
      7410
      7416
      7422
      7428
      7434
      7440
      7446
      7452
      7458
      7464
      7470
      7476
      7482
      7488
      7495
      7501
      7507
      7513
      7519
      7525
      7531
      7537
      7543
      7549
      7555
      7561
      7567
      7573
      7579
      7585
      7591
      7597
      7603
      7609
      7615
      7621
      7627
      7633
      7639
      7645
      7651
      7657
      7663
      7669
      7675
      7681
      7687
      7693
      7699
      7705
      7711
      7717
      7723
      7729
      7740
      7751
      7761
      7768
      7776
      7786
      7796
      7807
      7817
      7823
      7829
      7835
      7841
      7847
      7853
      7859
      7865
      7877
      7887
      7897
      7908
      7918
      7928
      7939
      7949
      7959
      7968
      7978
      7985
      7991
      7997
      8003
      8009
      8015
      8021
      8027
      8033
      8039
      8045
      8051
      8057
      8063
      8069
      8075
      8081
      8087
      8093
      8099
      8105
      8111
      8123
      8134
      8145
      8151
      8157
      8163
      8169
      8180
      8191
      8202
      8213
      8219
      8225
      8231
      8237
      8243
      8249
      8255
      8263
      8271
      8278
      8288
      8299
      8309
      8315
      8321
      8327
      8333
      8339
      8345
      8351
      8357
      8364
      8370
      8376
      8387
      8398
      8404
      8410
      8416
      8422
      8428
      8434
      8440
      8446
      8452
      8458
      8464
      8470
      8476
      8482
      8488
      8494
      8500
      8506
      8512
      8518
      8524
      8530
      8536
      8542
      8548
      8554
      8560
      8566
      8572
      8578
      8585
      8591
      8600
      8609
      8615
      8624
      8632
      8642
      8652
      8661
      8667
      8673
      8679
      8685
      8691
      8698
      8704
      8713
      8723
      8729
      8735
      8741
      8747
      8753
      8759
      8765
      8771
      8777
      8783
      8789
      8798
      8805
      8815
      8825
      8835
      8845
      8851
      8857
      8863
      8869
      8875
      8881
      8887
      8893
      8899
      8905
      8914
      8921
      8927
      8933
      8939
      8945
      8951
      8957
      8963
      8969
      8975
      8981
      8987
      8993
      9004
      9015
      9021
      9027
      9033
      9039
      9045
      9051
      9057
      9063
      9069
      9075
      9081
      9087
      9093
      9099
      9105
      9111
      9117
      9127
      9137
      9147
      9157
      9165
      9173
      9181
      9187
      9196
      9205
      9213
      9223
      9230
      9239
      9247
      9255
      9265
      9274
      9283
      9290
      9300
      9308
      9318
      9328
      9338
      9348
      9358
      9368
      9378
      9388
      9398
      9408
      9418
      9427
      9438
      9450
      9461
      9471
      9479
      9487
      9498
      9506
      9515
      9524
      9532
      9542
      9551
      9560
      9570
      9580
      9590
      9600
      9610
      9619
      9628
      9637
      9647
      9657
      9667
      9677
      9687
      9697
      9707
      9717
      9726
      9735
      9745
      9753
      9762
      9772
      9782
      9794
      9804
      9815
      9823
      9833
      9842
      9851
      9861
      9871
      9881
      9891
      9901
      9909
      9919
      9929
      9938
      9948
      9958
      9968
      9979
      9989
      9999
     10008
     10017
     10027
     10036
     10045
     10054
     10064
     10074
     10083
     10093
     10102
     10111
     10120
     10129
     10138
     10148
     10157
     10167
     10176
     10186
     10195
     10204
     10213
     10223
     10233
     10243
     10252
     10262
     10272
     10281
     10291
     10301
     10310
     10320
     10329
     10339
     10348
     10357
     10366
     10375
     10385
     10394
     10402
     10410
     10420
     10430
     10440
     10450
     10461
     10472
     10483
     10493
     10502
     10512
     10521
     10530
     10539
     10548
     10557
     10566
     10576
     10582
     10588
     10595
     10601
     10607
     10613
     10619
     10625
     10631
     10637
     10643
     10649
     10655
     10661
     10667
     10673
     10680
     10686
     10692
     10698
     10707
     10718
     10729
     10739
     10747
     10757
     10766
     10777
     10786
     10796
     10805
     10815
     10824
     10834
     10844
     10855
     10864
     10874
     10883
     10893
     10904
     10914
     10923
     10931
     10941
     10951
     10962
     10972
     10982
     10992
     11002
     11013
     11023
     11034
     11044
     11054
     11065
     11074
     11083
     11094
     11104
     11115
     11124
     11132
     11142
     11152
     11162
     11171
     11180
     11190
     11197
     11206
     11213
     11219
     11226
     11235
     11242
     11248
     11258
     11268
     11279
     11289
     11300
     11310
     11321
     11332
     11343
     11355
     11366
     11375
     11385
     11396
     11404
     11415
     11425
     11435
     11444
     11453
     11464
     11474
     11485
     11496
     11504
     11513
     11521
     11529
     11538
     11547
     11555
     11562
     11571
     11580
     11588
     11597
     11604
     11612
     11621
     11629
     11638
     11645
     11653
     11662
     11670
     11679
     11686
     11695
     11706
     11717
     11728
     11738
     11748
     11757
     11768
     11779
     11789
     11799
     11809
     11819
     11829
     11840
     11850
     11860
     11870
     11880
     11891
     11900
     11910
     11919
     11929
     11935
     11942
     11948
     11954
     11960
     11966
     11972
     11978
     11984
     11990
     11996
     12002
     12008
     12014
     12020
     12027
     12033
     12039
     12045
     12051
     12057
     12063
     12069
     12075
     12081
     12087
     12093
     12099
     12105
     12111
     12117
     12123
     12129
     12135
     12141
     12147
     12153
     12159
     12165
     12171
     12177
     12183
     12189
     12195
     12205
     12216
     12226
     12237
     12247
     12258
     12267
     12275
     12284
     12294
     12305
     12315
     12323
     12331
     12340
     12349
     12357
     12366
     12377
     12388
     12398
     12409
     12420
     12430
     12440
     12451
     12461
     12472
     12483
     12489
     12495
     12501
     12510
     12517
     12528
     12539
     12548
     12557
     12569
     12580
     12591
     12602
     12608
     12614
     12625
     12635
     12646
     12656
     12666
     12676
     12686
     12692
     12699
     12705
     12714
     12722
     12729
     12736
     12742
     12748
     12754
     12760
     12766
     12772
     12778
     12788
     12799
     12808
     12818
     12824
     12830
     12836
     12844
     12852
     12859
     12865
     12871
     12882
     12893
     12903
     12914
     12925
     12937
     12949
     12959
     12969
     12978
     12985
     12995
     13003
     13012
     13024
     13035
     13045
     13051
     13057
     13063
     13069
     13075
     13083
     13092
     13100
     13109
     13119
     13125
     13131
     13141
     13148
     13154
     13160
     13167
     13175
     13185
     13193
     13203
     13213
     13220
     13226
     13232
     13238
     13244
     13250
     13259
     13266
     13272
     13282
     13292
     13302
     13312
     13318
     13324
     13330
     13336
     13346
     13355
     13362
     13368
     13380
     13391
     13402
     13413
     13420
     13429
     13435
     13441
     13452
     13465
     13475
     13486
     13492
     13498
     13504
     13510
     13516
     13522
     13528
     13534
     13544
     13551
     13557
     13563
     13574
     13585
     13595
     13602
     13608
     13614
     13620
     13626
     13632
     13638
     13644
     13650
     13656
     13662
     13672
     13683
     13693
     13703
     13714
     13724
     13734
     13744
     13754
     13764
     13773
     13782
     13791
     13800
     13809
     13819
     13828
     13837
     13846
     13853
     13862
     13870
     13879
     13888
     13898
     13909
     13919
     13930
     13940
     13949
     13960
     13970
     13980
     13990
     13999
     14007
     14017
     14027
     14038
     14049
     14058
     14069
     14079
     14089
     14099
     14110
     14121
     14129
     14139
     14148
     14155
     14165
     14175
     14185
     14194
     14203
     14212
     14222
     14232
     14242
     14251
     14260
     14270
     14280
     14290
     14299
     14308
     14318
     14328
     14338
     14349
     14359
     14369
     14377
     14385
     14395
     14405
     14415
     14426
     14435
     14445
     14455
     14465
     14475
     14485
     14496
     14505
     14513
     14522
     14530
     14539
     14546
     14554
     14564
     14572
     14582
     14592
     14603
     14613
     14624
     14634
     14644
     14654
     14663
     14672
     14681
     14689
     14699
     14708
     14717
     14726
     14735
     14745
     14754
     14763
     14772
     14781
     14790
     14800
     14809
     14818
     14827
     14833
     14839
     14846
     14852
     14858
     14864
     14870
     14876
     14882
     14888
     14894
     14900
     14906
     14912
     14918
     14924
     14931
     14937
     14943
     14949
     14955
     14961
     14967
     14973
     14979
     14985
     14991
     14997
     15003
     15009
     15015
     15021
     15027
     15033
     15039
     15045
     15055
     15064
     15073
     15082
     15092
     15103
     15113
     15123
     15134
     15145
     15156
     15167
     15177
     15186
     15194
     15204
     15212
     15222
     15232
     15241
     15251
     15261
     15271
     15282
     15292
     15301
     15310
     15320
     15330
     15340
     15350
     15359
     15368
     15378
     15388
     15398
     15408
     15419
     15429
     15438
     15449
     15460
     15470
     15481
     15491
     15502
     15512
     15522
     15532
     15542
     15552
     15563
     15573
     15583
     15593
     15604
     15614
     15624
     15634
     15644
     15654
     15664
     15674
     15684
     15695
     15707
     15718
     15727
     15736
     15746
     15756
     15765
     15775
     15784
     15794
     15804
     15814
     15825
     15836
     15847
     15858
     15868
     15879
     15889
     15899
     15906
     15915
     15923
     15931
     15940
     15948
     15955
     15965
     15976
     15987
     15998
     16009
     16017
     16026
     16034
     16042
     16051
     16059
     16068
     16075
     16083
     16093
     16102
     16110
     16117
     16127
     16136
     16146
     16156
     16166
     16177
     16187
     16197
     16207
     16217
     16226
     16236
     16247
     16257
     16265
     16273
     16279
     16285
     16291
     16297
     16303
     16309
     16315
     16321
     16327
     16333
     16339
     16345
     16351
     16357
     16363
     16369
     16375
     16381
     16387
     16393
     16399
     16405
     16411
     16417
     16423
     16429
     16435
     16441
     16447
     16453
     16459
     16465
     16471
     16477
     16483
     16489
     16495
     16502
     16511
     16519
     16529
     16538
     16547
     16554
     16562
     16571
     16581
     16590
     16600
     16610
     16620
     16630
     16640
     16649
     16659
     16670
     16680
     16690
     16701
     16711
     16721
     16727
     16733
     16739
     16745
     16751
     16757
     16763
     16769
     16775
     16781
     16787
     16793
     16799
     16805
     16811
     16820
     16827
     16836
     16843
     16851
     16860
     16870
     16880
     16890
     16898
     16905
     16915
     16926
     16936
     16942
     16948
     16959
     16969
     16979
     16990
     16998
     17006
     17016
     17026
     17036
     17045
     17052
     17062
     17072
     17083
     17093
     17104
     17115
     17126
     17137
     17148
     17159
     17165
     17171
     17177
     17187
     17196
     17202
     17208
     17214
     17220
     17226
     17232
     17238
     17244
     17250
     17256
     17262
     17272
     17282
     17292
     17303
     17314
     17324
     17334
     17340
     17346
     17352
     17358
     17364
     17370
     17378
     17385
     17391
     17397
     17403
     17409
     17419
     17430
     17439
     17446
     17452
     17458
     17464
     17470
     17476
     17482
     17488
     17494
     17501
     17511
     17521
     17531
     17541
     17552
     17558
     17564
     17570
     17576
     17582
     17588
     17594
     17600
     17606
     17612
     17618
     17624
     17630
     17636
     17642
     17648
     17654
     17660
     17666
     17672
     17678
     17684
     17690
     17696
     17702
     17709
     17715
     17721
     17727
     17733
     17742
     17752
     17758
     17765
     17775
     17785
     17791
     17797
     17806
     17816
     17825
     17831
     17841
     17851
     17861
     17871
     17882
     17893
     17904
     17914
     17924
     17932
     17942
     17950
     17960
     17970
     17979
     17990
     18000
     18011
     18022
     18032
     18041
     18051
     18062
     18073
     18084
     18094
     18100
     18106
     18112
     18123
     18129
     18136
     18143
     18149
     18155
     18161
     18167
     18177
     18186
     18195
     18204
     18213
     18222
     18231
     18241
     18251
     18261
     18271
     18283
     18293
     18304
     18315
     18326
     18337
     18348
     18355
     18361
     18367
     18373
     18379
     18385
     18391
     18397
     18406
     18416
     18425
     18434
     18443
     18453
     18464
     18474
     18484
     18494
     18504
     18514
     18524
     18534
     18544
     18554
     18564
     18574
     18584
     18594
     18604
     18614
     18624
     18631
     18637
     18643
     18649
     18657
     18666
     18675
     18683
     18690
     18700
     18709
     18718
     18727
     18734
     18740
     18746
     18752
     18758
     18764
     18774
     18783
     18792
     18801
     18810
     18819
     18829
     18838
     18846
     18854
     18864
     18873
     18882
     18890
     18898
     18904
     18910
     18917
     18923
     18929
     18935
     18941
     18947
     18953
     18959
     18965
     18971
     18977
     18983
     18989
     18995
     19002
     19008
     19014
     19020
     19026
     19032
     19038
     19044
     19050
     19056
     19062
     19068
     19074
     19080
     19086
     19092
     19103
     19113
     19123
     19133
     19143
     19153
     19163
     19174
     19184
     19194
     19205
     19215
     19225
     19235
     19245
     19255
     19265
     19275
     19286
     19296
     19306
     19316
     19326
     19336
     19342
     19348
     19354
     19360
     19366
     19373
     19379
     19385
     19391
     19401
     19411
     19421
     19431
     19441
     19450
     19459
     19469
     19477
     19486
     19494
     19503
     19510
     19518
     19527
     19536
     19544
     19551
     19557
     19563
     19573
     19583
     19593
     19603
     19613
     19619
     19625
     19631
     19641
     19651
     19662
     19672
     19683
     19693
     19703
     19714
     19724
     19730
     19737
     19743
     19749
     19755
     19761
     19767
     19773
     19779
     19785
     19791
     19797
     19806
     19817
     19826
     19832
     19838
     19844
     19850
     19856
     19862
     19868
     19874
     19880
     19886
     19892
     19898
     19904
     19910
     19916
     19922
     19928
     19934
     19940
     19946
     19952
     19958
     19964
     19970
     19976
     19982
     19988
     19994
     20000
     20006
     20012
     20018
     20024
     20030
     20037
     20043
     20049
     20055
     20065
     20076
     20086
     20092
     20098
     20104
     20114
     20124
     20134
     20145
     20156
     20167
     20173
     20179
     20185
     20191
     20197
     20203
     20209
     20215
     20221
     20227
     20233
     20239
     20245
     20251
     20257
     20263
     20269
     20280
     20290
     20300
     20310
     20321
     20332
     20341
     20350
     20356
     20362
     20368
     20377
     20384
     20392
     20401
     20407
     20413
     20419
     20430
     20441
     20447
     20453
     20460
     20471
     20481
     20491
     20502
     20513
     20519
     20525
     20532
     20538
     20544
     20550
     20556
     20562
     20568
     20574
     20580
     20586
     20592
     20598
     20604
     20610
     20616
     20622
     20628
     20634
     20640
     20646
     20652
     20662
     20672
     20681
     20687
     20693
     20699
     20705
     20714
     20724
     20734
     20743
     20753
     20759
     20766
     20775
     20782
     20792
     20802
     20812
     20823
     20834
     20844
     20850
     20856
     20862
     20868
     20875
     20883
     20891
     20899
     20908
     20919
     20929
     20935
     20941
     20947
     20953
     20959
     20965
     20971
     20977
     20985
     20993
     21001
     21008
     21014
     21020
     21026
     21032
     21038
     21044
     21050
     21056
     21062
     21068
     21074
     21080
     21086
     21092
     21098
     21104
     21111
     21117
     21126
     21134
     21145
     21154
     21163
     21173
     21183
     21192
     21201
     21211
     21220
     21229
     21238
     21247
     21257
     21266
     21274
     21282
     21293
     21302
     21312
     21322
     21330
     21337
     21344
     21352
     21362
     21373
     21383
     21391
     21397
     21403
     21409
     21415
     21421
     21427
     21433
     21439
     21449
     21460
     21470
     21480
     21490
     21500
     21510
     21520
     21530
     21540
     21548
     21558
     21567
     21576
     21585
     21595
     21605
     21615
     21625
     21636
     21645
     21655
     21666
     21676
     21687
     21697
     21707
     21717
     21727
     21735
     21743
     21753
     21763
     21769
     21775
     21781
     21787
     21793
     21799
     21805
     21811
     21817
     21822
     21828
     21834
     21843
     21854
     21865
     21876
     21887
     21896
     21906
     21914
     21924
     21934
     21943
     21949
     21955
     21961
     21967
     21973
     21979
     21988
     21997
     22007
     22016
     22025
     22034
     22044
     22053
     22062
     22071
     22081
     22090
     22099
     22109
     22118
     22127
     22136
     22146
     22155
     22164
     22174
     22183
     22192
     22201
     22210
     22220
     22229
     22238
     22247
     22256
     22266
     22275
     22284
     22293
     22302
     22308
     22314
     22321
     22327
     22333
     22339
     22345
     22351
     22357
     22363
     22369
     22375
     22381
     22387
     22393
     22399
     22409
     22419
     22429
     22440
     22450
     22455
     22461
     22467
     22477
     22487
     22498
     22508
     22518
     22527
     22537
     22545
     22554
     22563
     22573
     22582
     22592
     22602
     22612
     22622
     22630
     22638
     22648
     22659
     22669
     22680
     22690
     22696
     22702
     22708
     22714
     22720
     22731
     22740
     22750
     22760
     22769
     22779
     22789
     22800
     22810
     22820
     22830
     22840
     22850
     22860
     22870
     22880
     22890
     22901
     22911
     22921
     22931
     22941
     22951
     22962
     22972
     22982
     22992
     23002
     23012
     23021
     23030
     23040
     23050
     23060
     23070
     23081
     23091
     23102
     23112
     23122
     23132
     23142
     23153
     23163
     23173
     23183
     23193
     23203
     23214
     23224
     23233
     23242
     23252
     23262
     23271
     23280
     23286
     23292
     23303
     23313
     23323
     23329
     23335
     23341
     23351
     23360
     23370
     23379
     23389
     23399
     23410
     23420
     23426
     23432
     23438
     23448
     23458
     23468
     23478
     23488
     23496
     23505
     23513
     23522
     23529
     23537
     23546
     23554
     23563
     23570
     23578
     23587
     23595
     23604
     23611
     23617
     23623
     23630
     23636
     23642
     23648
     23654
     23664
     23674
     23684
     23694
     23704
     23714
     23724
     23734
     23740
     23746
     23752
     23762
     23771
     23781
     23790
     23800
     23810
     23820
     23830
     23841
     23852
     23858
     23865
     23871
     23877
     23883
     23889
     23895
     23901
     23907
     23913
     23919
     23925
     23931
     23937
     23943
     23949
     23955
     23961
     23967
     23973
     23979
     23985
     23992
     23998
     24009
     24019
     24030
     24040
     24048
     24056
     24066
     24076
     24087
     24097
     24107
     24113
     24119
     24125
     24136
     24146
     24156
     24166
     24176
     24186
     24196
     24202
     24208
     24214
     24220
     24226
     24232
     24238
     24244
     24250
     24256
     24262
     24268
     24274
     24280
     24291
     24301
     24312
     24323
     24331
     24339
     24347
     24357
     24367
     24377
     24387
     24398
     24408
     24419
     24429
     24440
     24450
     24460
     24470
     24476
     24482
     24488
     24498
     24509
     24519
     24529
     24539
     24550
     24560
     24571
     24581
     24592
     24603
     24613
     24623
     24629
     24635
     24641
     24647
     24654
     24660
     24668
     24677
     24684
     24695
     24706
     24717
     24727
     24738
     24748
     24758
     24767
     24775
     24783
     24790
     24797
     24808
     24818
     24829
     24839
     24849
     24860
     24871
     24882
     24892
     24901
     24911
     24920
     24929
     24936
     24942
     24948
     24954
     24960
     24966
     24976
     24987
     24997
     25008
     25018
     25026
     25033
     25043
     25053
     25059
     25065
     25071
     25077
     25083
     25089
     25095
     25101
     25107
     25113
     25119
     25125
     25136
     25147
     25158
     25170
     25181
     25191
     25202
     25213
     25219
     25225
     25231
     25237
     25243
     25249
     25260
     25272
     25281
     25291
     25297
     25303
     25312
     25319
     25328
     25335
     25341
     25351
     25361
     25371
     25381
     25391
     25401
     25412
     25423
     25433
     25439
     25445
     25455
     25465
     25475
     25485
     25494
     25501
     25507
     25513
     25519
     25525
     25532
     25539
     25546
     25556
     25566
     25574
     25580
     25585
     25591
     25597
     25607
     25616
     25623
     25631
     25641
     25648
     25658
     25667
     25677
     25686
     25693
     25700
     25710
     25719
     25728
     25737
     25746
     25755
     25764
     25773
     25782
     25791
     25801
     25809
     25818
     25825
     25833
     25844
     25854
     25863
     25872
     25881
     25891
     25901
     25909
     25918
     25928
     25937
     25944
     25952
     25962
     25970
     25980
     25990
     26000
     26010
     26018
     26027
     26036
     26043
     26049
     26055
     26061
     26067
     26072
     26078
     26084
     26092
     26102
     26111
     26122
     26132
     26139
     26148
     26156
     26162
     26171
     26180
     26190
     26199
     26209
     26217
     26228
     26235
     26243
     26248
     26254
     26260
     26269
     26278
     26286
     26294
     26304
     26314
     26324
     26335
     26344
     26354
     26364
     26374
     26385
     26395
     26405
     26415
     26424
     26432
     26442
     26452
     26462
     26472
     26478
     26484
     26490
     26496
     26504
     26513
     26521
     26530
     26537
     26546
     26556
     26566
     26577
     26587
     26597
     26607
     26617
     26628
     26638
     26648
     26658
     26668
     26678
     26688
     26696
     26706
     26717
     26727
     26736
     26742
     26748
     26754
     26763
     26773
     26782
     26791
     26800
     26810
     26819
     26828
     26837
     26846
     26856
     26866
     26875
     26884
     26893
     26902
     26912
     26921
     26930
     26939
     26949
     26958
     26967
     26977
     26987
     26997
     27006
     27015
     27024
     27033
     27043
     27052
     27061
     27069
     27077
     27083
     27089
     27095
     27101
     27107
     27113
     27119
     27125
     27131
     27136
     27142
     27148
     27157
     27163
     27171
     27180
     27189
     27200
     27210
     27221
     27231
     27242
     27252
     27262
     27272
     27283
     27293
     27303
     27313
     27324
     27334
     27344
     27354
     27364
     27374
     27384
     27392
     27401
     27411
     27421
     27427
     27433
     27439
     27449
     27460
     27471
     27481
     27491
     27501
     27511
     27522
     27528
     27534
     27544
     27554
     27564
     27575
     27585
     27595
     27604
     27613
     27623
     27633
     27643
     27653
     27664
     27674
     27684
     27694
     27705
     27715
     27725
     27735
     27745
     27756
     27766
     27776
     27786
     27796
     27807
     27817
     27828
     27838
     27848
     27858
     27868
     27878
     27888
     27899
     27909
     27919
     27930
     27940
     27951
     27961
     27971
     27979
     27989
     28000
     28010
     28021
     28032
     28041
     28052
     28062
     28072
     28082
     28092
     28102
     28112
     28122
     28132
     28138
     28144
     28150
     28156
     28167
     28177
     28188
     28198
     28208
     28218
     28228
     28238
     28248
     28258
     28267
     28276
     28282
     28288
     28294
     28302
     28311
     28319
     28328
     28335
     28343
     28352
     28360
     28369
     28376
     28384
     28393
     28401
     28410
     28417
     28427
     28437
     28447
     28457
     28463
     28469
     28479
     28490
     28501
     28512
     28523
     28532
     28542
     28552
     28562
     28573
     28582
     28593
     28603
     28613
     28624
     28634
     28644
     28654
     28664
     28670
     28676
     28682
     28689
     28695
     28701
     28707
     28713
     28719
     28725
     28731
     28741
     28751
     28762
     28769
     28775
     28783
     28790
     28801
     28810
     28821
     28831
     28841
     28851
     28860
     28869
     28879
     28887
     28893
     28899
     28904
     28915
     28925
     28935
     28941
     28947
     28953
     28963
     28974
     28984
     28994
     29004
     29015
     29025
     29036
     29042
     29048
     29054
     29060
     29072
     29083
     29091
     29100
     29111
     29117
     29123
     29133
     29143
     29154
     29164
     29174
     29185
     29196
     29207
     29216
     29223
     29233
     29243
     29252
     29259
     29269
     29279
     29288
     29298
     29307
     29317
     29327
     29337
     29348
     29354
     29360
     29366
     29372
     29378
     29389
     29399
     29410
     29420
     29431
     29441
     29452
     29463
     29473
     29483
     29494
     29504
     29514
     29524
     29535
     29545
     29555
     29561
     29567
     29574
     29585
     29595
     29605
     29616
     29626
     29637
     29644
     29653
     29663
     29674
     29683
     29691
     29700
     29710
     29720
     29726
     29732
     29738
     29744
     29750
     29758
     29767
     29777
     29787
     29797
     29808
     29818
     29828
     29834
     29840
     29849
     29856
     29862
     29868
     29878
     29889
     29901
     29912
     29923
     29930
     29938
     29947
     29956
     29965
     29975
     29984
     29993
     30002
     30010
     30019
     30029
     30039
     30049
     30057
     30067
     30077
     30086
     30095
     30104
     30113
     30123
     30132
     30140
     30148
     30158
     30168
     30177
     30186
     30195
     30205
     30215
     30226
     30235
     30246
     30255
     30264
     30275
     30284
     30293
     30303
     30310
     30321
     30331
     30341
     30351
     30360
     30371
     30381
     30392
     30402
     30412
     30422
     30432
     30441
     30450
     30459
     30469
     30476
     30486
     30492
     30498
     30504
     30510
     30518
     30527
     30536
     30544
     30554
     30564
     30574
     30585
     30594
     30604
     30613
     30622
     30632
     30642
     30652
     30661
     30670
     30679
     30689
     30699
     30709
     30719
     30730
     30741
     30751
     30761
     30771
     30781
     30791
     30802
     30812
     30822
     30832
     30842
     30848
     30854
     30860
     30866
     30874
     30884
     30892
     30900
     30907
     30917
     30925
     30934
     30944
     30955
     30964
     30973
     30983
     30992
     31003
     31012
     31021
     31030
     31041
     31051
     31060
     31069
     31078
     31088
     31098
     31109
     31119
     31129
     31139
     31147
     31156
     31165
     31171
     31177
     31184
     31194
     31204
     31213
     31222
     31232
     31240
     31249
     31259
     31269
     31279
     31288
     31297
     31307
     31316
     31324
     31334
     31344
     31354
     31363
     31372
     31381
     31390
     31400
     31409
     31418
     31428
     31437
     31446
     31455
     31465
     31475
     31484
     31493
     31502
     31511
     31521
     31530
     31539
     31548
     31557
     31567
     31576
     31585
     31594
     31600
     31606
     31612
     31618
     31624
     31630
     31636
     31642
     31653
     31662
     31673
     31683
     31693
     31704
     31714
     31724
     31735
     31745
     31756
     31766
     31776
     31786
     31796
     31806
     31817
     31827
     31839
     31849
     31860
     31869
     31878
     31887
     31897
     31907
     31917
     31926
     31936
     31946
     31956
     31966
     31976
     31986
     31996
     32005
     32014
     32025
     32035
     32044
     32054
     32063
     32072
     32083
     32093
     32103
     32113
     32123
     32133
     32143
     32153
     32163
     32173
     32183
     32194
     32204
     32215
     32225
     32235
     32246
     32255
     32266
     32276
     32287
     32297
     32307
     32317
     32327
     32338
     32348
     32358
     32369
     32379
     32389
     32400
     32410
     32420
     32430
     32440
     32450
     32460
     32470
     32481
     32491
     32501
     32511
     32521
     32531
     32541
     32551
     32561
     32571
     32581
     32592
     32602
     32612
     32622
     32632
     32643
     32653
     32663
     32673
     32683
     32693
     32704
     32715
     32725
     32735
     32745
     32755
     32764
     32773
     32783
     32793
     32803
     32814
     32824
     32834
     32844
     32854
     32865
     32875
     32883
     32892
     32900
     32910
     32921
     32932
     32942
     32952
     32960
     32970
     32979
     32985
     32991
     33001
     33011
     33021
     33031
     33042
     33053
     33063
     33074
     33084
     33095
     33105
     33115
     33125
     33135
     33143
     33152
     33160
     33169
     33176
     33184
     33193
     33201
     33210
     33217
     33228
     33237
     33248
     33258
     33268
     33279
     33291
     33301
     33312
     33323
     33332
     33341
     33351
     33361
     33372
     33383
     33394
     33404
     33414
     33424
     33434
     33444
     33455
     33466
     33478
     33487
     33496
     33506
     33517
     33527
     33537
     33547
     33558
     33567
     33576
     33586
     33597
     33607
     33616
     33622
     33628
     33639
     33648
     33658
     33665
     33676
     33686
     33697
     33707
     33717
     33727
     33734
     33742
     33752
     33762
     33772
     33783
     33795
     33806
     33817
     33827
     33838
     33848
     33859
     33869
     33879
     33890
     33901
     33911
     33922
     33932
     33942
     33952
     33962
     33972
     33982
     33992
     34002
     34011
     34021
     34031
     34041
     34051
     34061
     34071
     34081
     34092
     34103
     34114
     34124
     34136
     34147
     34158
     34168
     34174
     34180
     34186
     34196
     34207
     34218
     34228
     34238
     34248
     34257
     34267
     34278
     34289
     34295
     34301
     34310
     34317
     34323
     34330
     34340
     34350
     34360
     34370
     34381
     34393
     34399
     34405
     34411
     34417
     34424
     34434
     34444
     34455
     34465
     34475
     34485
     34496
     34507
     34516
     34527
     34535
     34544
     34554
     34564
     34576
     34588
     34599
     34610
     34621
     34631
     34642
     34652
     34662
     34673
     34684
     34694
     34706
     34717
     34727
     34738
     34750
     34762
     34773
     34784
     34795
     34806
     34818
     34828
     34840
     34850
     34860
     34870
     34881
     34891
     34902
     34912
     34921
     34930
     34939
     34949
     34956
     34967
     34977
     34983
     34989
     34995
     35001
     35007
     35013
     35020
     35026
     35032
     35038
     35044
     35050
     35056
     35062
     35068
     35074
     35080
     35086
     35092
     35098
     35104
     35110
     35116
     35122
     35128
     35134
     35140
     35146
     35152
     35158
     35166
     35174
     35182
     35190
     35198
     35206
     35214
     35224
     35234
     35242
     35251
     35261
     35272
     35278
     35284
     35294
     35304
     35314
     35324
     35335
     35345
     35356
     35367
     35377
     35387
     35399
     35410
     35420
     35430
     35436
     35442
     35449
     35458
     35469
     35475
     35481
     35492
     35498
     35507
     35513
     35520
     35529
     35539
     35546
     35550
     35553
     35557
     35562
     35567
     35571
     35575
     35579
     35584
     35588
     35593
     35598
     35603
     35609
     35617
     35623
     35629
     35635
     35643
     35649
     35656
     35663
     35669
     35676
     35683
     35690
     35697
     35702
     35707
     35714
     35720
     35724
     35730
     35737
     35743
     35750
     35755
     35762
     35770
     35777
     35784
     35791
     35797
     35804
     35810
     35816
     35820
     35824
     35830
     35834
     35840
     35847
     35852
     35858
     35865
     35870
     35876
     35883
     35890
     35896
     35902
     35909
     35914
     35920
     35927
     35935
     35941
     35947
     35952
     35957
     35964
     35972
     35978
     35983
     35989
     35993
     35999
     36002
     36006
     36009
     36013
     36018
     36022
     36029
     36035
     36040
     36048
     36054
     36060
     36066
     36073
     36079
     36084
     36091
     36096
     36101
     36108
     36114
     36121
