        37         1
       704         1
         1        66
       726         1
         1        11
         2      1481
      1463         2
       163         2
        29         2
         2        12
      1464         3
        10         3
        63         3
         3      1491
         3      1466
         3        28
         4       131
       712         4
       730         4
        13         4
         4        30
         5       329
         5        14
        41         5
       718         5
         6       326
         6      1499
        15         6
        38         6
        39         7
         7        32
        70         7
         7      1471
        69         7
         7      1484
         8       163
         8      1463
         8      1504
       102         8
        40         8
        33         8
         9       131
       712         9
         9        34
       713         9
         9        81
         9        80
        10      1464
        10        63
        37        10
      1470        10
       707        10
       726        11
        11        66
       713        11
        11        81
        11        64
        29        12
        12      1481
        12      1475
        12        43
        13        30
       730        13
       727        13
        13        88
        14       328
        68        14
        14        95
        15      1498
        67        15
        31        15
        93        16
       129        16
        16       104
        16       126
       128        16
        17       127
       134        17
        17        45
       132        17
        17        87
        18        65
        63        18
        66        18
        64        18
        18        46
        19       113
        19        47
        88        19
       721        19
        20        78
        20        48
       113        20
       723        20
        21        41
        21        72
        78        21
       725        21
        22       338
        22       160
        49        22
        95        22
        23       330
        23       108
        50        23
       160        23
        24       333
        24       144
        51        24
       108        24
        25       334
        25        77
        52        25
       144        25
        26        85
        26      1493
        43        26
        75        26
        27       115
        27      1495
        85        27
        53        27
        63        28
        28      1466
        65        28
        28        69
        28      1478
       163        29
        29        73
       151        29
        30       131
        30        89
        30        44
        31      1497
        71        31
       115        31
        39        32
        32      1471
        74        32
        32       102
        32      1502
       102        33
        33        40
       103        33
        86        33
       131        34
        34        80
        34       134
        34       127
       126        35
       104        35
        35       103
       130        35
        35       149
        35        86
        82        36
        80        36
       127        36
        36        83
        36        93
        36       129
       704        37
        37        66
        37        63
       707        37
       706        37
        38       337
        67        38
        77        38
        70        39
        39        74
        83        39
        93        39
        40       163
        86        40
       150        40
        40       151
        41        68
       708        41
       117        42
       128        42
        42       130
        42       126
        42       158
        43      1492
        73        43
       131        44
        44       105
        44       132
        44       134
       127        45
        87        45
        45       129
        45       117
        45       128
        64        46
        46        65
        82        46
        46        83
        46        70
        47       112
        89        47
        47       106
        48        79
       112        48
        48        99
        49       148
        94        49
        90        49
        50       107
       148        50
        91        50
        51       145
       107        51
        92        51
        52        76
       145        52
        97        52
        53       114
        84        53
       122        53
        54       110
        54       138
       133        54
       106        54
        55       100
        55       140
       110        55
        99        55
        56       118
        56       157
       139        56
       138        56
        57       159
        57       155
       118        57
       140        57
        58       119
        58       135
       153        58
       157        58
        59       143
        59       136
       119        59
       155        59
        60       120
        60       121
       150        60
       152        60
        61       125
        61       123
       120        61
       137        61
        62        97
        62       116
       125        62
       147        62
        63        65
        66        63
        81        64
        66        64
        64        82
        65        69
        65        70
        71        67
        76        67
        68        94
        72        68
        70        69
        69      1484
        69      1478
        83        70
       114        71
        98        71
        79        72
        72        96
        73        75
       121        73
        74       102
        93        74
        74       103
       104        74
        75        84
       124        75
        76        77
        98        76
        77       331
        78        79
       724        78
        79       101
        81        80
        80       127
        80        82
       713        81
        81        82
        82        83
        83        93
        84        85
       123        84
        85      1494
       103        86
       149        86
        86       150
       132        87
        87       117
        87       142
        88        89
       720        88
        89       105
        90       161
        96        90
       100        90
        91       109
       161        91
       159        91
        92       146
       109        92
       143        92
       129        93
        93       104
        94        95
        96        94
        95       332
       101        96
        97        98
       146        97
       116        98
        99       101
       111        99
       100       162
       101       100
       102      1504
       102      1502
       103       102
       104       103
       126       104
       105       133
       105       106
       106       111
       107       108
       109       107
       108       335
       154       109
       110       141
       111       110
       112       111
       113       112
       722       113
       114       115
       116       114
       115      1496
       122       116
       117       128
       117       139
       118       156
       141       118
       119       137
       156       119
       120       124
       135       120
       151       121
       121       124
       123       122
       125       122
       124       123
       136       125
       128       126
       126       130
       134       127
       127       129
       129       128
       130       149
       130       153
       712       131
       131       134
       134       132
       132       133
       133       142
       135       137
       152       135
       136       147
       137       136
       138       141
       142       138
       139       158
       142       139
       140       162
       141       140
       143       147
       154       143
       144       327
       145       144
       146       145
       147       146
       148       160
       161       148
       149       152
       149       150
       150       151
       151       163
       153       152
       158       153
       159       154
       155       154
       156       155
       157       156
       158       157
       162       159
       160       336
       162       161
       163      1463
      1554       164
       164      1553
       164       175
      1567       164
       164       306
       165      1566
       165       203
      1546       165
      1538       165
       165       281
      1531       166
       166       714
      1530       166
       166       271
       166       175
      1567       166
      1566       167
       203       167
       167      1525
       167      1469
      1524       167
       167       176
       323       168
       168       263
       729       168
       168       188
       268       169
       169      1485
       169      1474
       169      1503
       243       169
       189       169
       204       170
       170      1480
       170      1467
       227       170
       170       296
       268       171
       171      1485
       171      1489
       171      1476
       228       171
       206       171
       172       728
       717       172
       172       190
       710       172
       172       211
       247       172
       173       208
       173       229
       715       173
       256       173
       329       173
       210       174
       230       174
       174      1479
       174       243
       326       174
      1567       175
       175       306
       175       271
       175       205
       176      1469
       203       176
       176      1480
       176       204
       240       176
       244       177
       324       177
       315       177
       177      1477
       177       206
       177      1462
       705       178
       714       178
       271       178
       178       270
       178       233
       178       207
       234       179
       179       261
      1538       179
       179       281
       179       282
      1537       179
      1536       180
      1553       180
       306       180
       180       223
       180       302
       180       234
       296       181
       181      1490
       181      1468
       181       235
       294       181
       295       181
       182      1501
       182       315
       224       182
       262       182
       182      1482
       235       182
       208       183
       245       183
       183       285
       183       248
       332       183
       285       184
       287       184
       184       236
       184       253
       336       184
       185       299
       185       300
       236       185
       225       185
       335       185
       186       258
       186       257
       299       186
       209       186
       327       186
       258       187
       250       187
       187       210
       187       231
       331       187
       188       263
       729       188
       711       188
       188       256
       188       264
       243       189
       189       268
       267       189
       242       189
       728       190
       211       190
       190       716
       190       323
       190       251
       191       230
       231       191
       249       191
       269       191
       191       242
       286       192
       192       284
       192       273
       287       192
       192       253
       193       317
       193       311
       237       193
       193       284
       254       193
       226       194
       194       266
       194       249
       257       194
       194       250
       195       241
       195       280
       282       195
       281       195
       195       240
       196       277
       196       276
       233       196
       196       252
       246       196
       197       286
       197       248
       279       197
       265       197
       245       197
       322       198
       198       324
       307       198
       198       244
       198       260
       312       199
       199       262
       199       324
       322       199
       325       199
       200       290
       200       288
       289       200
       274       200
       200       238
       201       297
       283       201
       201       318
       201       319
       320       201
       202       310
       202       298
       309       202
       272       202
       239       202
      1566       203
       281       203
       203       240
       204      1480
       204       227
       240       204
       241       204
       271       205
       306       205
       205       270
       205       232
       205       302
       206      1476
       228       206
       244       206
       206      1462
       207       233
       705       207
       207       246
       709       207
       207       247
       229       208
       328       208
       208       245
       299       209
       209       257
       298       209
       300       209
       210       230
       337       210
       231       210
       247       211
       211       251
       211       252
       246       211
       212       290
       212       289
       212       280
       291       212
       261       212
       282       212
       288       213
       290       213
       259       213
       213       295
       213       293
       213       294
       214       292
       316       214
       313       214
       214       312
       214       325
       314       214
       263       215
       264       215
       255       215
       215       278
       215       279
       215       265
       216       321
       251       216
       216       320
       252       216
       276       216
       216       283
       217       267
       217       269
       308       217
       266       217
       307       217
       217       260
       275       218
       218       308
       292       218
       218       307
       218       322
       325       218
       317       219
       316       219
       219       275
       219       309
       311       219
       219       292
       318       220
       297       220
       301       220
       220       316
       220       317
       220       313
       221       297
       221       283
       304       221
       221       305
       277       221
       276       221
       304       222
       222       305
       222       274
       303       222
       222       289
       291       222
       302       223
       234       223
       223       261
       223       291
       223       303
       224       262
       224       235
       312       224
       293       224
       294       224
       236       225
       225       300
       253       225
       273       225
       225       272
       226       266
       226       257
       310       226
       298       226
       227       296
       241       227
       227       295
       259       227
       228       268
       244       228
       267       228
       260       228
       256       229
       229       245
       264       229
       229       265
       230       243
       231       230
       230       242
       250       231
       249       231
       270       232
       302       232
       232       277
       232       304
       232       303
       270       233
       233       277
       233       246
       234       261
      1537       234
      1536       234
       235      1468
       294       235
       235      1482
       253       236
       330       236
       237       317
       237       254
       278       237
       318       237
       319       237
       238       288
       274       238
       301       238
       238       313
       238       314
       239       309
       239       272
       284       239
       311       239
       273       239
       281       240
       240       241
       280       241
       241       259
       242       267
       242       243
       269       242
       243      1503
       243      1479
       324       244
       260       244
       245       248
       265       245
       246       252
       247       246
       710       247
       709       247
       248       285
       248       286
       248       287
       249       269
       266       249
       250       249
       258       250
       257       250
       251       323
       252       251
       251       321
       252       276
       287       253
       253       273
       254       284
       278       254
       279       254
       254       286
       263       255
       255       278
       321       255
       255       319
       320       255
       715       256
       711       256
       256       264
       257       258
       298       257
       334       258
       290       259
       259       295
       280       259
       307       260
       260       267
       261       282
       261       291
       262       315
       312       262
       262       324
       323       263
       263       264
       321       263
       264       265
       265       279
       308       266
       266       269
       310       266
       267       268
       269       267
       268      1485
       271       270
       270       277
       714       271
       272       298
       272       300
       273       272
       284       273
       289       274
       305       274
       274       301
       275       308
       292       275
       309       275
       275       310
       277       276
       276       283
       277       304
       278       279
       319       278
       279       286
       282       280
       280       290
      1538       281
       282       281
       283       297
       283       320
       286       284
       284       311
       338       285
       285       287
       286       287
       290       288
       288       293
       288       314
       289       290
       291       289
       303       291
       316       292
       292       325
       293       294
       293       312
       314       293
       295       294
       295       296
       296      1467
       296      1490
       297       318
       297       301
       305       297
       298       310
       300       298
       300       299
       333       299
       301       313
       305       301
       306       302
       302       303
       303       304
       304       305
      1553       306
       322       307
       308       307
       310       308
       309       310
       311       309
       317       311
       325       312
       314       312
       313       316
       313       314
       324       315
       315      1477
       315      1501
       317       316
       318       317
       319       318
       320       319
       321       320
       323       321
       322       324
       325       322
       323       729
       716       323
       326      1500
       337       326
       333       327
       327       334
       329       328
       328       332
       719       329
       330       335
       336       330
       334       331
       331       337
       332       338
       335       333
       338       336
       339       384
       693       339
       702       339
       686       339
       339       359
      1544       340
       340       684
      1541       340
      1540       340
       340       349
       340       375
       350       341
       392       341
       341       707
       341      1470
      1473       341
       341      1465
       342       458
       456       342
       717       342
       342       728
       342       360
       716       343
       343       729
       343       436
       415       343
       385       343
       412       344
       376       344
       344       730
       344       712
       344       351
       345      1533
       345       401
       390       345
      1560       345
       345       393
       346       714
       346       705
       352       346
       377       346
       346       380
       347       361
       347       381
       347       378
       687       347
       685       347
       701       347
       693       348
       348       478
       681       348
       348       386
       348       362
       703       348
      1540       349
       349       375
       349       379
       349       390
      1539       349
       350       392
       350      1473
       381       350
       378       350
      1472       350
       412       351
       351       712
       351       713
       439       351
       352       714
       352       377
      1533       352
       401       352
      1531       352
       392       353
       395       353
       353       409
       353       706
       398       353
       692       354
       682       354
       405       354
       354       404
       354       407
       354       382
       355       399
       355       405
       355       682
       397       355
       396       355
       691       355
       440       356
       356       439
       435       356
       356       726
       356       704
       409       356
       357       717
       357       406
       403       357
       404       357
       357       710
       402       357
       358       715
       358       711
       437       358
       436       358
       383       358
       359       384
       686       359
       359       410
       359       445
       458       360
       728       360
       360       716
       360       385
       360       411
       361       381
       685       361
       361       394
       683       361
       361       418
       703       362
       362       386
       683       362
       362       417
       362       418
       363       454
       444       363
       482       363
       481       363
       363       483
       364       412
       440       364
       455       364
       364       416
       453       364
       456       365
       365       458
       433       365
       365       442
       438       365
       366       496
       366       421
       445       366
       695       366
       367       447
       367       422
       496       367
       697       367
       368       465
       368       423
       447       368
       698       368
       369       495
       369       424
       465       369
       689       369
       370       485
       370       720
       461       370
       425       370
       371       468
       371       722
       485       371
       426       371
       372       497
       372       724
       468       372
       427       372
       373       463
       373       708
       497       373
       428       373
       374       414
       374       408
       699       374
       407       374
       495       374
       684       375
       375       379
       375       396
       375       690
       412       376
       376       730
       416       376
       461       376
       376       727
       377       380
       401       377
       377       391
       400       377
       378       381
       687       378
       378      1472
      1483       378
       390       379
       379       396
       379       397
       379       393
       380       705
       391       380
       380       402
       380       709
       381       392
       381       394
       381       395
       407       382
       404       382
       382       406
       382       408
       383       719
       420       383
       463       383
       693       384
       384       410
       384       478
       384       419
       385       716
       385       415
       411       385
       478       386
       386       417
       386       444
       386       482
       417       387
       387       434
       387       398
       418       387
       387       395
       394       387
       388       455
       454       388
       388       453
       483       388
       479       388
       388       459
       444       389
       454       389
       389       440
       389       455
       434       389
       389       435
      1560       390
       390       393
      1539       390
       400       391
       391       402
       391       403
       399       391
       392       707
       395       392
       392       706
       393       401
       393       397
       393       400
       418       394
       394       395
       395       398
       396       397
       396       691
       690       396
       679       396
       397       399
       397       400
       398       409
       434       398
       398       435
       399       405
       399       403
       400       399
       401       400
      1533       401
       402       710
       403       402
       402       709
       403       404
       405       403
       405       404
       404       406
       682       405
       406       717
       408       406
       406       433
       406       456
       692       407
       699       407
       407       408
       408       414
       408       433
       409       706
       435       409
       409       704
       410       446
       410       419
       410       474
       458       411
       411       415
       411       441
       457       411
       412       439
       440       412
       416       412
       413       479
       413       483
       474       413
       481       413
       413       470
       494       414
       414       433
       414       438
       415       436
       441       415
       415       437
       453       416
       416       461
       460       416
       418       417
       417       444
       417       434
       683       418
       478       419
       419       474
       419       481
       419       482
       420       437
       462       420
       443       420
       421       508
       446       421
       421       475
       422       448
       508       422
       422       506
       423       466
       448       423
       423       504
       424       494
       466       424
       424       492
       425       484
       460       425
       449       425
       426       467
       484       426
       450       426
       427       498
       467       427
       451       427
       428       462
       498       428
       452       428
       429       491
       429       487
       470       429
       475       429
       430       477
       430       488
       491       430
       506       430
       431       502
       431       501
       477       431
       504       431
       432       471
       432       473
       502       432
       492       432
       433       456
       433       438
       444       434
       434       435
       435       440
       436       729
       437       436
       436       711
       441       437
       438       442
       493       438
       439       713
       440       439
       439       726
       455       440
       457       441
       443       441
       442       458
       471       442
       442       457
       464       443
       472       443
       444       454
       482       444
       445       446
       694       445
       446       476
       447       448
       688       447
       448       505
       449       486
       459       449
       480       449
       450       469
       486       450
       490       450
       451       499
       469       451
       489       451
       452       464
       499       452
       500       452
       455       453
       459       453
       453       460
       483       454
       454       455
       456       458
       456       717
       458       457
       472       457
       479       459
       459       460
       460       461
       461       727
       462       463
       464       462
       463       718
       473       464
       465       466
       680       465
       466       503
       467       468
       469       467
       468       723
       488       469
       470       480
       476       470
       471       472
       493       471
       473       472
       500       473
       474       476
       474       481
       475       507
       476       475
       477       489
       505       477
       693       478
       478       482
       483       479
       479       480
       480       487
       482       481
       481       483
       484       485
       486       484
       485       721
       487       486
       487       490
       488       489
       490       488
       489       501
       491       490
       507       491
       492       493
       503       492
       494       493
       495       494
       700       495
       496       508
       696       496
       497       725
       498       497
       499       498
       501       499
       502       500
       501       500
       503       502
       504       503
       505       504
       506       505
       507       506
       508       507
      1544       509
       509       684
       526       509
       509       625
       510       539
       510       677
       510       678
      1589       510
      1593       510
      1575       510
       511       681
       635       511
       511       702
       511       693
       524       511
       559       511
       512       682
       512       692
       607       512
       512       525
       541       512
       513      1544
       513       526
      1568       513
       513       549
       593       513
      1532       513
      1586       514
      1595       514
      1580       514
       514      1486
       514       552
       514       542
       514       527
      1488       515
       552       515
       553       515
       515      1487
       515       687
       515       701
       515       528
       529       516
       516       703
       543       516
       516       683
       582       516
       516       685
       517       608
       609       517
       546       517
       517       607
       517       691
       679       517
       625       518
       684       518
       518       690
       518       546
       518       602
       626       518
       519       591
       519       592
      1585       519
      1589       519
       678       519
       519       585
       520      1519
       520       547
       588       520
      1521       520
       521      1506
       521       594
       538       521
      1517       521
       548       522
       559       522
       522       686
       522       702
       522       596
       523       554
       523       539
      1569       523
      1575       523
       523       586
       635       524
       524       559
       540       524
       560       524
       541       525
       525       692
       525       699
       558       525
      1544       526
       526       625
       549       526
       526       561
       527       542
      1586       527
       585       527
       527       581
       528       701
       553       528
       584       528
       528       582
       529       703
       543       529
       635       529
       529       681
       555       529
       530       611
       592       530
       530       676
       660       530
       550       530
       531       634
       562       531
       663       531
       531       633
       601       531
       532       614
       532       563
       586       532
      1573       532
       533       588
       533       564
       614       533
      1571       533
       534       651
       534       695
       596       534
       565       534
       535       598
       535       697
       651       535
       566       535
       536       630
       536       698
       598       536
       567       536
       537       558
       537       689
       630       537
       599       537
       538       557
      1518       538
       675       538
       539       677
      1575       539
       539       554
       540       560
       540       635
       636       540
       634       540
       607       541
       600       541
       608       541
       542       552
       581       542
       542       556
       542       553
       543       582
       555       543
       583       543
       584       543
       544       601
       544       613
       611       544
       661       544
       544       662
       676       544
       592       545
       611       545
       591       545
       545       590
       545       612
       545       613
       546       609
       546       679
       690       546
       602       546
       547       675
       589       547
       547       638
       548       559
       548       595
       619       548
       560       548
       593       549
       549       561
       605       549
       550       660
       550       592
       678       550
       677       550
       551       661
       551       676
       640       551
       660       551
       551       616
      1486       552
       552      1488
       552       553
       553       584
       556       553
       554       587
       554       677
       554       640
       555       635
       583       555
       636       555
       612       555
       581       556
       556       584
       590       556
       556       583
       557       594
       674       557
       557       603
       558       700
       600       558
       559       702
       560       559
       634       560
       619       560
       561       625
       604       561
       561       626
       562       634
       601       562
       562       636
       612       562
       613       562
       563       615
       587       563
       563       643
       564       589
       615       564
       564       637
       565       652
       595       565
       654       565
       566       597
       652       566
       645       566
       567       631
       597       567
       646       567
       568       641
       568       658
       616       568
       643       568
       569       621
       569       656
       641       569
       637       569
       570       673
       570       672
       621       570
       638       570
       571       604
       571       628
       671       571
       603       571
       572       622
       572       669
       662       572
       659       572
       573       649
       573       667
       622       573
       657       573
       574       670
       574       665
       649       574
       655       574
       575       617
       575       624
       664       575
       629       575
       576       602
       576       610
       617       576
       627       576
       577       650
       577       620
       633       577
       669       577
       578       623
       578       653
       650       578
       667       578
       579       648
       579       647
       623       579
       665       579
       580       606
       580       599
       632       580
       618       580
       585       581
       581       590
       591       581
       582       685
       584       582
       582       701
       583       584
       612       583
       590       583
      1585       585
       585       591
      1586       585
       586       587
      1574       586
       587       644
       588       589
      1570       588
       589       639
       590       612
       591       590
       592       591
       678       592
       592       611
      1532       593
      1506       593
       594       593
       594       605
       595       596
       620       595
       596       694
       597       598
       647       597
       598       688
       599       600
       631       599
       606       600
       601       663
       613       601
       662       601
       626       602
       602       609
       603       605
       673       603
       605       604
       604       627
       606       608
       610       606
       607       682
       608       607
       691       607
       609       608
       610       609
       618       610
       676       611
       611       613
       613       612
       612       636
       614       615
      1572       614
       615       642
       616       659
       644       616
       617       618
       628       617
       624       618
       619       620
       634       619
       633       619
       620       654
       621       655
       639       621
       622       668
       658       622
       623       645
       666       623
       648       624
       624       632
       625       684
       625       626
       627       626
       628       627
       629       628
       671       629
       670       629
       630       680
       631       630
       632       631
       646       632
       663       633
       633       634
       634       636
       635       681
       636       635
       637       639
       642       637
       638       674
       639       638
       640       660
       640       644
       677       640
       641       657
       642       641
       643       642
       644       643
       645       647
       653       645
       647       646
       648       646
       664       648
       649       666
       656       649
       650       654
       668       650
       651       696
       652       651
       653       652
       654       653
       656       655
       655       672
       657       656
       658       657
       659       658
       661       659
       660       676
       677       660
       661       662
       676       661
       662       663
       663       669
       670       664
       665       664
       666       665
       667       666
       668       667
       669       668
       672       670
       673       671
       672       671
       674       673
       675       674
      1519       675
       678       677
      1589       678
       690       679
       679       691
       698       680
       680       689
       681       693
       681       703
       682       692
       691       682
       685       683
       703       683
      1544       684
       684       690
       701       685
       702       686
       686       694
       701       687
       687      1483
      1487       687
       697       688
       688       698
       689       700
       692       699
       702       693
       694       695
       695       696
       696       697
       700       699
       704       726
       706       704
       714       705
       705       709
       706       707
       707      1470
       708       718
       725       708
       709       710
       710       717
       729       711
       711       715
       730       712
       713       712
       726       713
      1531       714
       719       715
       728       716
       716       729
       717       728
       718       719
       727       720
       720       721
       721       722
       722       723
       723       724
       724       725
       727       730
       731       744
      1630       731
      1590       731
      1588       731
       731       842
      1045       732
      1599       732
       732       777
      1043       732
       732      1616
       732       746
       733      1565
       733      1523
       745       733
       802       733
       790       733
       734      1559
       734      1548
      1557       734
       855       734
       734       830
       760       734
      1616       735
      1619       735
       746       735
       735       782
       735       813
       735      1623
       736       762
       814       736
       736      1611
       813       736
      1622       736
      1623       736
      1594       737
       737       761
      1587       737
       737      1577
      1584       737
       737       859
       737       825
      1559       738
       738      1564
       738      1529
       780       738
       747       738
       775       738
      1464       739
       739      1491
       739      1049
       748       739
       739       847
       778       739
      1579       740
      1580       740
       740      1486
       749       740
       740       808
       740       779
       762       741
      1603       741
       788       741
       741      1624
       741       795
       741      1601
      1051       742
      1044       742
       742      1043
       742       834
       763       742
       742       789
       781       743
       743       870
       776       743
      1628       743
       743      1626
       743      1627
      1630       744
       842       744
      1629       744
       744       818
       744       776
       745      1523
       745       790
       745      1625
      1626       745
       870       745
      1616       746
       777       746
       746       782
       747      1529
       775       747
      1601       747
       747      1604
       795       747
       748      1464
       748       778
      1470       748
      1465       748
       783       748
      1579       749
       749       779
      1578       749
      1581       749
       749       784
       750       783
       750       797
       837       750
      1473       750
       750      1465
       836       750
       799       751
       811       751
      1483       751
       751      1472
       751       836
       751       785
       876       752
       752       804
      1583       752
       752       841
      1588       752
       752       842
       753      1041
       753      1046
       753       869
       861       753
       851       753
       816       753
       754      1048
       754      1042
       754       816
       805       754
       847       754
       846       754
      1591       755
       867       755
      1582       755
       755       873
       755       806
       755       876
      1488       756
       756      1487
       808       756
       756       811
       809       756
       756       812
      1050       757
       757      1040
       757       874
       843       757
       757       875
       821       757
      1047       758
       758      1039
       786       758
       758       843
       800       758
       758       844
       759       867
       759       845
      1592       759
      1576       759
       787       759
       759       801
       760       830
       855       760
       807       760
       817       760
      1594       761
       761       825
       784       761
       761       798
       814       762
      1611       762
       762      1603
       762       788
      1044       763
       763       789
      1040       763
       874       763
       763       849
       764       866
       865       764
       845       764
       856       764
       764       860
       820       765
       862       765
       872       765
       765       863
       765       864
       766       877
       883       766
       878       766
       766       821
       844       766
       881       767
       767       880
       767       828
       818       767
       841       767
       858       768
       838       768
       768       852
       839       768
       768       848
       769       824
       825       769
       798       769
       809       769
       769       812
       870       770
       770       790
       871       770
       815       770
       770       803
       835       771
       833       771
       771       831
       771       827
       826       771
       772       880
       881       772
       822       772
       772       883
       879       772
       882       773
       773       884
       866       773
       823       773
       773       868
       774       855
       774      1557
       774       802
       854       774
       803       774
       853       774
       780       775
       795       775
       796       775
       776       781
      1628       776
      1629       776
       818       776
      1043       777
       777       782
       834       777
       777       826
       778       847
       783       778
       797       778
       778       846
       779       808
       784       779
       779       809
       779       798
       780      1559
       796       780
       830       780
       832       780
       781       870
       818       781
       781       871
       828       781
       782       813
       826       782
       782       827
       782       814
      1465       783
       797       783
      1581       784
      1594       784
       784       798
       785       836
       799       785
       785       837
       829       785
       786      1047
       786       800
       869       786
      1046       786
       868       786
       787       801
      1576       787
       787       857
       859       787
      1577       787
       788       795
       814       788
       810       788
       788       796
       789       834
       849       789
       789       819
       789       833
       790       802
       870       790
       803       790
       791       850
       791       863
       862       791
       874       791
       791       849
       875       791
       792       857
       859       792
       824       792
       825       792
       792       838
       792       829
       850       793
       863       793
       864       793
       793       840
       793       854
       793       853
       852       794
       794       851
       858       794
       794       861
       856       794
       794       860
       795      1601
       796       795
       832       796
       810       796
       837       797
       797       846
       839       797
       797       848
       798       825
       798       809
       811       799
       799       829
       812       799
       824       799
       800       844
       868       800
       800       878
       884       800
       801       845
       857       801
       801       858
       801       856
       802      1565
       802      1557
       803       802
       815       803
       853       803
       876       804
       804       841
       873       804
       804       879
       804       881
       805       816
       846       805
       852       805
       805       851
       848       805
       806       873
       867       806
       806       866
       806       882
       865       806
       807       830
       817       807
       831       807
       835       807
       807       832
      1486       808
       808      1488
       808       809
       809       812
       814       810
       810       832
       827       810
       831       810
       811      1483
      1487       811
       812       811
       812       824
       813      1623
       813       814
       827       814
       871       815
       815       853
       872       815
       864       815
       851       816
       816      1041
       816      1042
       817       855
       835       817
       854       817
       840       817
       842       818
       818       828
       841       818
       849       819
       819       833
       819       835
       819       840
       850       819
       820       862
       820       872
       880       820
       883       820
       877       820
       843       821
       821       875
       821       877
       844       821
       822       883
       879       822
       882       822
       884       822
       822       878
       823       868
       866       823
       861       823
       823       869
       860       823
       825       824
       824       829
       825       859
       826       827
       833       826
       834       826
       827       831
       880       828
       828       871
       828       872
       829       837
       829       838
       829       839
       830      1559
       832       830
       835       831
       831       832
       833       835
       834       833
      1043       834
       840       835
       836       837
       836      1473
      1472       836
       837       839
       838       858
       838       839
       857       838
       839       848
       840       854
       850       840
       842       841
       841       881
      1588       842
       843      1050
      1039       843
       844       843
       878       844
       867       845
       845       856
       845       865
       846       847
       848       846
       847      1049
       847      1048
       848       852
       874       849
       849       850
       863       850
       851       861
       852       851
       858       852
       853       854
       864       853
       854       855
       855      1557
       856       860
       858       856
       859       857
       857       858
      1577       859
       866       860
       860       861
       861       869
       862       863
       875       862
       877       862
       863       864
       872       864
       865       866
       867       865
       866       882
      1591       867
      1592       867
       868       884
       869       868
       869      1046
       870      1626
       871       870
       872       871
       880       872
       876       873
       873       879
       873       882
      1040       874
       875       874
       877       875
      1583       876
      1582       876
       883       877
       878       883
       884       878
       879       881
       882       879
       881       880
       880       883
       882       884
       885      1045
       885      1043
      1051       885
       969       885
       905       885
       886       933
      1481       886
      1475       886
       886      1461
       886       902
       903       887
       926       887
       887      1617
       887      1615
      1447       887
      1609       888
       888      1620
       888       904
       961       888
       888      1618
       888      1613
      1449       889
       889      1450
       889       931
       889       932
       912       889
       890      1614
      1023       890
       943       890
       913       890
       890      1621
       891       959
      1020       891
      1471       891
      1502       891
       891       914
       892      1454
       892      1460
       929       892
       925       892
       892       987
      1042       893
      1048       893
       893      1000
       893       988
       917       893
       894       940
       894      1040
      1050       894
       985       894
       979       894
      1457       895
       895      1459
       978       895
       895       958
       977       895
      1046       896
      1041       896
       896      1028
       915       896
       896       963
      1463       897
      1481       897
       965       897
       897       936
       897       933
       971       898
      1478       898
       898       947
       898      1020
      1484       898
      1453       899
      1446       899
       899       916
       899      1444
       899       945
      1029       899
      1491       900
      1466       900
       900       971
      1049       900
       900       946
       900       917
       901      1602
      1605       901
       901      1600
       930       901
       901       905
       927       901
      1461       902
       933       902
       902       925
       902       929
       902      1458
       926       903
       903      1615
       928       903
       972       903
       903      1610
       903      1612
       961       904
       904      1618
       904      1607
       904      1003
       938       904
       905      1045
       969       905
       905      1600
       927       905
       906       993
       906       939
      1028       906
      1031       906
       907      1051
       907      1044
       907       969
       940       907
       962       907
       968       907
       986       908
       987       908
       908      1455
      1460       908
       908       941
       908       970
      1448       909
      1451       909
       992       909
       909       978
       909       984
       909       942
      1023       910
      1614       910
       910      1609
       910       961
      1010       910
       910       967
       911      1606
      1607       911
       911       930
      1003       911
       911       934
       937       911
       912       932
      1449       912
       912       935
       958       912
      1459       912
       913      1621
       943       913
       973       913
       972       913
       913      1610
      1502       914
       914       959
      1504       914
       914       965
       914       944
      1041       915
       915       963
      1000       915
      1042       915
       915       999
      1444       916
       945       916
       916      1448
       916       992
       916       991
       917       988
      1048       917
       917       946
      1049       917
      1025       918
       983       918
       918      1024
       981       918
       918       982
       985       919
       995       919
       919       979
       994       919
       919       980
      1001       920
       997       920
       970       920
       920       975
       920      1008
       921       990
       921      1002
      1005       921
       998       921
      1007       921
       922       997
       996       922
       922       986
       966       922
       960       922
      1012       923
       923      1007
      1022       923
      1026       923
       923      1011
       924      1027
       924      1031
       999       924
      1009       924
       963       924
       929       925
       925      1454
      1458       925
       925      1456
       926      1447
       928       926
      1452       926
       931       926
       930       927
       969       927
       934       927
       972       928
       931       928
       932       928
       929       987
       933       929
       936       929
       960       929
       930      1605
      1606       930
       934       930
       932       931
      1450       931
       931      1452
       935       932
       932       972
      1481       933
       933       936
       937       934
       934       969
       968       934
       958       935
       935       972
       935       973
       964       935
       965       936
       936       960
       936       966
      1003       937
       937       968
       974       937
      1004       937
       961       938
       938      1003
       967       938
       938      1004
       990       938
       939       993
      1028       939
       939       985
       939       995
       939      1039
      1047       939
      1040       940
       979       940
       962       940
       940      1044
      1455       941
       970       941
       941      1453
       941      1029
       941       975
       942       978
       984       942
       942       977
       942       981
       943      1023
       973       943
       982       943
      1024       943
       965       944
       959       944
       944       966
       944       996
      1029       945
       945       991
       945      1032
      1030       945
       971       946
       946       988
       946       976
       946       989
       971       947
      1020       947
       947      1018
       947      1019
       947       976
       948      1038
       948      1033
      1021       948
      1014       948
       948      1015
      1017       948
      1038       949
      1015       949
       949      1037
       949      1032
      1008       949
       949      1030
      1012       950
       950      1005
       950       994
      1013       950
       993       950
       950       995
       951       983
       951       984
       991       951
       992       951
      1006       951
       951      1016
       952      1013
       952      1012
       952      1022
      1036       952
      1035       952
      1027       952
       953      1034
       953      1037
       953      1035
       953      1036
      1033       953
      1038       953
       996       954
       954       997
      1019       954
      1018       954
       954      1001
       954      1014
       955      1017
       955      1009
       955       999
       989       955
       988       955
      1000       955
       956      1025
      1016       956
      1034       956
       956      1026
      1035       956
       956      1022
       957      1023
      1024       957
       957      1010
      1025       957
      1026       957
       957      1011
      1459       958
       977       958
       958       964
      1020       959
       959       996
       959      1019
       960       986
       966       960
       960       987
      1609       961
       967       961
       962       968
       979       962
       974       962
       980       962
       963      1028
       999       963
       963      1031
       964       973
       977       964
       964       982
       981       964
      1463       965
      1504       965
       965       966
       966       996
      1010       967
       967       990
       998       967
       968       969
       974       968
       969      1051
       986       970
       997       970
       970       975
      1478       971
      1466       971
       971       976
       972      1610
       973       972
       982       973
      1004       974
       980       974
      1002       974
      1008       975
       975      1029
       975      1030
       976       989
       976      1018
       976      1021
       978       977
       981       977
       978      1457
      1451       978
      1445       978
       985       979
       980       979
       994       980
      1002       980
       983       981
       981       982
       984       981
       982      1024
       983      1025
       984       983
      1016       983
       992       984
       985      1050
       995       985
      1039       985
       987       986
       997       986
       987      1460
       988      1000
       988       989
       989      1017
       989      1021
      1002       990
       998       990
       990      1004
       991       992
      1032       991
       991      1006
      1448       992
      1031       993
       993       995
      1013       993
       995       994
      1005       994
       994      1002
       996       997
      1019       996
       997      1001
      1007       998
      1010       998
      1011       998
      1000       999
       999      1009
      1042      1000
      1001      1008
      1014      1001
      1001      1015
      1005      1002
      1002      1004
      1003      1607
      1004      1003
      1007      1005
      1012      1005
      1006      1016
      1032      1006
      1006      1034
      1037      1006
      1012      1007
      1011      1007
      1015      1008
      1008      1030
      1009      1027
      1017      1009
      1009      1033
      1009      1036
      1023      1010
      1011      1010
      1026      1011
      1022      1012
      1013      1012
      1027      1013
      1031      1013
      1021      1014
      1014      1015
      1018      1014
      1015      1038
      1016      1025
      1034      1016
      1017      1033
      1021      1017
      1019      1018
      1018      1021
      1020      1019
      1471      1020
      1484      1020
      1022      1026
      1035      1022
      1023      1614
      1024      1023
      1025      1024
      1025      1026
      1031      1027
      1036      1027
      1046      1028
      1028      1031
      1028      1047
      1453      1029
      1029      1030
      1030      1032
      1037      1032
      1033      1038
      1033      1036
      1037      1034
      1034      1035
      1036      1035
      1038      1037
      1047      1039
      1039      1050
      1050      1040
      1040      1044
      1041      1046
      1042      1041
      1048      1042
      1045      1043
      1051      1043
      1044      1051
      1045      1599
      1600      1045
      1046      1047
      1049      1048
      1491      1049
      1052      1185
      1052      1445
      1090      1052
      1085      1052
      1451      1052
      1053      1069
      1429      1053
      1053      1124
      1053      1083
      1431      1053
      1550      1054
      1054      1552
      1054      1152
      1067      1054
      1084      1054
      1459      1055
      1086      1055
      1055      1194
      1055      1449
      1126      1055
      1065      1056
      1424      1056
      1441      1056
      1056      1131
      1056      1081
      1089      1057
      1423      1057
      1057      1427
      1057      1066
      1057      1082
      1068      1058
      1447      1058
      1058      1597
      1058      1617
      1058      1095
      1185      1059
      1445      1059
      1059      1457
      1134      1059
      1059      1104
      1059      1086
      1060      1448
      1060      1090
      1444      1060
      1060      1091
      1083      1060
      1069      1060
      1138      1061
      1061      1102
      1232      1061
      1061      1442
      1061      1089
      1439      1061
      1437      1062
      1131      1062
      1062      1232
      1062      1233
      1062      1440
      1087      1062
      1063      1088
      1063      1510
      1512      1063
      1132      1063
      1064      1505
      1064      1522
      1151      1064
      1152      1064
      1094      1064
      1424      1065
      1065      1081
      1433      1065
      1065      1092
      1443      1065
      1082      1066
      1427      1066
      1066      1543
      1066      1127
      1066      1542
      1067      1550
      1067      1084
      1193      1067
      1093      1067
      1068      1447
      1068      1101
      1130      1068
      1452      1068
      1429      1069
      1069      1083
      1069      1444
      1446      1069
      1070      1128
      1070      1173
      1174      1070
      1102      1070
      1137      1070
      1071      1137
      1071      1172
      1233      1071
      1071      1138
      1234      1071
      1072      1193
      1072      1192
      1072      1127
      1189      1072
      1128      1072
      1073      1135
      1073      1133
      1124      1073
      1426      1073
      1074      1208
      1074      1105
      1135      1074
      1428      1074
      1075      1141
      1075      1106
      1208      1075
      1425      1075
      1076      1179
      1076      1107
      1141      1076
      1430      1076
      1077      1092
      1077      1149
      1179      1077
      1435      1077
      1078      1159
      1078      1516
      1095      1078
      1144      1078
      1079      1096
      1079      1514
      1159      1079
      1160      1079
      1080      1450
      1449      1080
      1194      1080
      1080      1130
      1080      1108
      1081      1131
      1092      1081
      1081      1139
      1081      1140
      1089      1082
      1082      1127
      1082      1128
      1102      1082
      1124      1083
      1083      1091
      1083      1125
      1084      1152
      1093      1084
      1084      1151
      1150      1084
      1090      1085
      1085      1185
      1103      1085
      1085      1182
      1091      1085
      1086      1459
      1086      1126
      1104      1086
      1457      1086
      1087      1233
      1131      1087
      1087      1153
      1139      1087
      1088      1509
      1146      1088
      1088      1094
      1089      1423
      1442      1089
      1102      1089
      1090      1451
      1448      1090
      1091      1090
      1125      1091
      1091      1103
      1443      1092
      1092      1140
      1193      1093
      1093      1150
      1192      1093
      1169      1093
      1094      1508
      1147      1094
      1095      1598
      1101      1095
      1096      1513
      1148      1096
      1096      1219
      1097      1218
      1097      1153
      1140      1097
      1139      1097
      1230      1097
      1098      1162
      1098      1172
      1218      1098
      1234      1098
      1213      1098
      1099      1190
      1099      1173
      1174      1099
      1162      1099
      1214      1099
      1190      1100
      1189      1100
      1100      1169
      1100      1192
      1143      1100
      1129      1101
      1101      1144
      1138      1102
      1102      1128
      1137      1102
      1103      1182
      1125      1103
      1103      1156
      1134      1104
      1104      1126
      1104      1163
      1105      1212
      1136      1105
      1105      1201
      1106      1142
      1212      1106
      1106      1210
      1107      1180
      1142      1107
      1107      1217
      1108      1129
      1196      1108
      1108      1178
      1109      1207
      1109      1181
      1184      1109
      1157      1109
      1110      1164
      1110      1198
      1207      1110
      1211      1110
      1111      1229
      1111      1199
      1164      1111
      1209      1111
      1112      1228
      1112      1166
      1229      1112
      1231      1112
      1113      1205
      1113      1197
      1163      1113
      1181      1113
      1114      1165
      1114      1203
      1205      1114
      1198      1114
      1115      1226
      1115      1225
      1165      1115
      1199      1115
      1116      1216
      1116      1215
      1226      1116
      1166      1116
      1117      1167
      1117      1175
      1195      1117
      1204      1117
      1118      1223
      1118      1176
      1167      1118
      1202      1118
      1119      1188
      1119      1186
      1223      1119
      1224      1119
      1120      1161
      1120      1158
      1145      1120
      1175      1120
      1121      1221
      1121      1148
      1161      1121
      1176      1121
      1122      1168
      1122      1154
      1221      1122
      1186      1122
      1123      1150
      1123      1147
      1155      1123
      1170      1123
      1431      1124
      1124      1125
      1125      1133
      1126      1194
      1126      1171
      1127      1543
      1127      1193
      1128      1127
      1173      1128
      1128      1189
      1130      1129
      1129      1145
      1130      1452
      1450      1130
      1441      1131
      1437      1131
      1131      1139
      1132      1146
      1219      1132
      1154      1132
      1133      1136
      1133      1156
      1185      1134
      1134      1183
      1182      1134
      1135      1136
      1438      1135
      1136      1157
      1137      1174
      1172      1137
      1138      1137
      1232      1138
      1233      1138
      1140      1139
      1139      1153
      1149      1140
      1141      1142
      1432      1141
      1142      1209
      1143      1170
      1191      1143
      1187      1143
      1144      1158
      1145      1144
      1178      1145
      1146      1147
      1155      1146
      1147      1151
      1160      1148
      1148      1220
      1180      1149
      1149      1230
      1150      1151
      1169      1150
      1151      1152
      1152      1552
      1152      1522
      1153      1233
      1153      1218
      1153      1234
      1154      1155
      1220      1154
      1168      1155
      1156      1184
      1156      1157
      1157      1201
      1158      1159
      1158      1160
      1159      1515
      1161      1160
      1177      1161
      1172      1162
      1216      1162
      1162      1174
      1163      1171
      1183      1163
      1164      1200
      1210      1164
      1165      1202
      1200      1165
      1166      1213
      1227      1166
      1167      1177
      1203      1167
      1187      1168
      1168      1170
      1192      1169
      1170      1169
      1171      1197
      1171      1196
      1234      1172
      1172      1174
      1174      1173
      1173      1190
      1173      1189
      1175      1177
      1178      1175
      1176      1222
      1177      1176
      1195      1178
      1179      1180
      1434      1179
      1180      1231
      1181      1206
      1183      1181
      1182      1185
      1182      1184
      1184      1183
      1185      1445
      1186      1187
      1222      1186
      1188      1187
      1215      1188
      1188      1191
      1189      1192
      1190      1189
      1191      1190
      1214      1191
      1192      1193
      1193      1550
      1193      1543
      1194      1449
      1194      1196
      1196      1195
      1197      1195
      1197      1204
      1198      1200
      1206      1198
      1199      1227
      1200      1199
      1201      1211
      1201      1207
      1203      1202
      1202      1225
      1204      1203
      1205      1204
      1206      1205
      1207      1206
      1208      1212
      1436      1208
      1210      1209
      1209      1217
      1211      1210
      1212      1211
      1213      1216
      1228      1213
      1216      1214
      1215      1214
      1224      1215
      1217      1231
      1217      1229
      1228      1218
      1218      1234
      1219      1512
      1220      1219
      1221      1220
      1222      1221
      1223      1222
      1225      1223
      1226      1224
      1225      1224
      1227      1226
      1229      1227
      1230      1228
      1231      1230
      1232      1439
      1233      1232
      1440      1232
      1233      1234
      1526      1235
      1551      1235
      1235      1631
      1235      1247
      1235      1275
      1236      1545
      1631      1236
      1236      1556
      1247      1236
      1236      1289
      1467      1237
      1480      1237
      1237      1329
      1237      1330
      1237      1277
      1474      1238
      1238      1411
      1503      1238
      1238      1298
      1260      1238
      1239      1283
      1239      1306
      1239      1455
      1460      1239
      1261      1239
      1477      1240
      1240      1370
      1240      1353
      1240      1279
      1462      1240
      1367      1241
      1241      1262
      1439      1241
      1301      1241
      1241      1442
      1368      1242
      1427      1242
      1242      1535
      1242      1547
      1242      1280
      1296      1242
      1243      1446
      1453      1243
      1243      1429
      1306      1243
      1243      1281
      1307      1243
      1293      1244
      1244      1528
      1244      1549
      1305      1244
      1263      1244
      1244      1562
      1245      1291
      1245      1329
      1525      1245
      1469      1245
      1245      1275
      1526      1245
      1246      1335
      1246      1264
      1461      1246
      1492      1246
      1275      1247
      1631      1247
      1247      1289
      1247      1290
      1341      1248
      1248      1342
      1248      1558
      1248      1346
      1276      1248
      1249      1309
      1249      1327
      1249      1328
      1330      1249
      1250      1424
      1250      1356
      1395      1250
      1299      1250
      1391      1250
      1251      1360
      1357      1251
      1251      1294
      1490      1251
      1467      1251
      1251      1277
      1468      1252
      1252      1357
      1482      1252
      1252      1278
      1252      1313
      1252      1312
      1352      1253
      1437      1253
      1253      1440
      1351      1253
      1253      1340
      1253      1301
      1254      1441
      1254      1424
      1254      1352
      1373      1254
      1395      1254
      1300      1254
      1489      1255
      1255      1375
      1255      1311
      1255      1295
      1476      1255
      1279      1255
      1280      1256
      1256      1534
      1339      1256
      1256      1561
      1347      1256
      1256      1346
      1292      1257
      1257      1293
      1290      1257
      1257      1527
      1289      1257
      1257      1563
      1258      1431
      1258      1429
      1297      1258
      1281      1258
      1258      1344
      1361      1259
      1356      1259
      1259      1443
      1259      1433
      1303      1259
      1503      1260
      1260      1298
      1479      1260
      1282      1260
      1460      1261
      1261      1283
      1454      1261
      1387      1261
      1261      1325
      1367      1262
      1442      1262
      1366      1262
      1262      1368
      1262      1423
      1305      1263
      1263      1562
      1326      1263
      1263      1342
      1264      1336
      1458      1264
      1264      1302
      1376      1265
      1314      1265
      1375      1265
      1265      1391
      1265      1394
      1369      1266
      1372      1266
      1266      1365
      1266      1340
      1351      1266
      1267      1314
      1267      1376
      1411      1267
      1267      1409
      1410      1267
      1268      1400
      1268      1315
      1335      1268
      1494      1268
      1269      1412
      1269      1316
      1400      1269
      1496      1269
      1270      1337
      1270      1317
      1412      1270
      1498      1270
      1271      1378
      1271      1438
      1344      1271
      1318      1271
      1272      1403
      1272      1436
      1378      1272
      1319      1272
      1273      1413
      1273      1432
      1403      1273
      1320      1273
      1274      1303
      1274      1434
      1413      1274
      1383      1274
      1526      1275
      1275      1291
      1275      1290
      1341      1276
      1276      1346
      1348      1276
      1347      1276
      1467      1277
      1277      1330
      1277      1294
      1482      1278
      1278      1313
      1501      1278
      1278      1370
      1278      1371
      1279      1353
      1462      1279
      1279      1295
      1476      1279
      1280      1535
      1296      1280
      1280      1534
      1339      1280
      1281      1429
      1307      1281
      1297      1281
      1282      1308
      1500      1282
      1337      1282
      1283      1306
      1325      1283
      1283      1307
      1283      1310
      1360      1284
      1284      1359
      1284      1334
      1313      1284
      1284      1350
      1312      1284
      1358      1285
      1285      1348
      1364      1285
      1285      1362
      1285      1347
      1285      1339
      1286      1372
      1286      1369
      1286      1374
      1353      1286
      1371      1286
      1370      1286
      1332      1287
      1287      1341
      1287      1326
      1327      1287
      1331      1287
      1328      1287
      1288      1366
      1288      1367
      1363      1288
      1365      1288
      1288      1362
      1364      1288
      1289      1556
      1290      1289
      1289      1563
      1290      1292
      1291      1290
      1329      1291
      1291      1292
      1291      1309
      1292      1293
      1309      1292
      1292      1305
      1293      1528
      1305      1293
      1293      1527
      1294      1360
      1330      1294
      1294      1328
      1294      1331
      1295      1311
      1353      1295
      1295      1374
      1295      1373
      1368      1296
      1296      1339
      1366      1296
      1362      1296
      1297      1343
      1307      1297
      1310      1297
      1298      1411
      1308      1298
      1298      1410
      1391      1299
      1299      1356
      1394      1299
      1299      1361
      1392      1299
      1373      1300
      1300      1352
      1374      1300
      1300      1351
      1369      1300
      1301      1439
      1301      1367
      1440      1301
      1340      1301
      1302      1380
      1456      1302
      1302      1390
      1303      1435
      1384      1303
      1304      1392
      1304      1394
      1409      1304
      1376      1304
      1401      1304
      1305      1326
      1309      1305
      1327      1305
      1455      1306
      1306      1453
      1306      1307
      1310      1307
      1338      1308
      1308      1382
      1309      1327
      1330      1309
      1329      1309
      1325      1310
      1310      1345
      1375      1311
      1311      1373
      1311      1395
      1311      1391
      1357      1312
      1312      1313
      1312      1360
      1313      1371
      1313      1334
      1314      1376
      1314      1375
      1411      1314
      1489      1314
      1485      1314
      1315      1399
      1336      1315
      1315      1381
      1316      1422
      1399      1316
      1316      1385
      1317      1338
      1422      1317
      1317      1420
      1318      1377
      1343      1318
      1349      1318
      1319      1402
      1377      1319
      1354      1319
      1320      1414
      1402      1320
      1355      1320
      1321      1397
      1321      1388
      1389      1321
      1381      1321
      1322      1406
      1322      1405
      1397      1322
      1385      1322
      1323      1418
      1323      1417
      1406      1323
      1420      1323
      1324      1393
      1324      1383
      1415      1324
      1416      1324
      1387      1325
      1325      1333
      1326      1342
      1326      1341
      1327      1326
      1328      1327
      1330      1328
      1328      1331
      1329      1330
      1480      1329
      1469      1329
      1331      1332
      1360      1331
      1331      1359
      1332      1341
      1359      1332
      1332      1348
      1358      1332
      1333      1345
      1390      1333
      1333      1386
      1334      1350
      1371      1334
      1334      1372
      1334      1363
      1335      1336
      1493      1335
      1336      1380
      1337      1338
      1499      1337
      1338      1419
      1339      1347
      1362      1339
      1351      1340
      1365      1340
      1340      1367
      1341      1342
      1348      1341
      1342      1558
      1342      1562
      1343      1344
      1345      1343
      1344      1426
      1345      1349
      1346      1558
      1347      1346
      1346      1561
      1348      1347
      1358      1348
      1349      1379
      1386      1349
      1359      1350
      1350      1363
      1350      1364
      1350      1358
      1351      1352
      1369      1351
      1352      1437
      1352      1441
      1370      1353
      1353      1374
      1354      1404
      1379      1354
      1396      1354
      1355      1415
      1404      1355
      1407      1355
      1356      1424
      1361      1356
      1356      1433
      1357      1360
      1490      1357
      1468      1357
      1358      1364
      1359      1358
      1360      1359
      1384      1361
      1392      1361
      1364      1362
      1362      1366
      1363      1365
      1363      1364
      1372      1363
      1372      1365
      1365      1367
      1367      1366
      1366      1368
      1368      1427
      1423      1368
      1369      1372
      1374      1369
      1477      1370
      1501      1370
      1370      1371
      1371      1372
      1373      1395
      1374      1373
      1489      1375
      1375      1391
      1376      1394
      1409      1376
      1377      1378
      1379      1377
      1378      1428
      1388      1379
      1380      1389
      1380      1381
      1381      1398
      1382      1410
      1419      1382
      1382      1408
      1383      1384
      1414      1383
      1393      1384
      1385      1421
      1398      1385
      1389      1386
      1386      1388
      1454      1387
      1456      1387
      1387      1390
      1388      1396
      1390      1389
      1391      1395
      1394      1391
      1394      1392
      1393      1392
      1401      1393
      1395      1424
      1397      1396
      1396      1405
      1398      1397
      1399      1398
      1400      1399
      1495      1400
      1408      1401
      1416      1401
      1402      1403
      1404      1402
      1403      1425
      1405      1404
      1405      1407
      1406      1407
      1421      1406
      1407      1417
      1408      1409
      1418      1408
      1410      1409
      1411      1410
      1474      1411
      1485      1411
      1412      1422
      1497      1412
      1413      1430
      1414      1413
      1415      1414
      1417      1415
      1418      1416
      1417      1416
      1419      1418
      1420      1419
      1421      1420
      1422      1421
      1423      1427
      1442      1423
      1424      1441
      1424      1433
      1425      1432
      1436      1425
      1426      1438
      1431      1426
      1427      1542
      1427      1547
      1428      1436
      1438      1428
      1429      1431
      1429      1446
      1430      1434
      1432      1430
      1433      1443
      1434      1435
      1435      1443
      1437      1440
      1441      1437
      1439      1442
      1440      1439
      1446      1444
      1444      1448
      1445      1457
      1451      1445
      1453      1446
      1447      1617
      1452      1447
      1448      1451
      1449      1450
      1459      1449
      1450      1452
      1455      1453
      1454      1460
      1456      1454
      1460      1455
      1458      1456
      1457      1459
      1461      1458
      1475      1461
      1477      1462
      1462      1476
      1463      1481
      1504      1463
      1464      1491
      1470      1464
      1465      1470
      1473      1465
      1491      1466
      1466      1478
      1480      1467
      1467      1490
      1490      1468
      1468      1482
      1525      1469
      1469      1480
      1484      1471
      1471      1502
      1472      1473
      1483      1472
      1474      1485
      1503      1474
      1481      1475
      1475      1492
      1476      1489
      1501      1477
      1478      1484
      1500      1479
      1479      1503
      1482      1501
      1487      1483
      1485      1489
      1580      1486
      1486      1488
      1488      1487
      1492      1493
      1493      1494
      1494      1495
      1495      1496
      1496      1497
      1497      1498
      1498      1499
      1499      1500
      1502      1504
      1604      1529
      1545      1556
      1590      1630
      1522      1505
      1508      1505
      1507      1506
      1506      1532
      1517      1507
      1509      1508
      1510      1509
      1511      1510
      1512      1511
      1513      1512
      1514      1513
      1515      1514
      1516      1515
      1598      1516
      1518      1517
      1519      1518
      1520      1519
      1521      1520
      1570      1521
      1552      1522
      1523      1565
      1524      1525
      1566      1524
      1525      1526
      1526      1551
      1563      1527
      1527      1528
      1528      1549
      1529      1564
      1530      1531
      1530      1567
      1533      1531
      1532      1568
      1560      1533
      1534      1561
      1535      1534
      1547      1535
      1553      1536
      1536      1537
      1537      1538
      1546      1538
      1540      1539
      1539      1560
      1541      1540
      1541      1544
      1543      1542
      1547      1542
      1543      1550
      1568      1544
      1545      1555
      1546      1566
      1548      1559
      1557      1548
      1562      1549
      1550      1552
      1554      1553
      1554      1567
      1556      1555
      1556      1563
      1557      1565
      1558      1562
      1558      1561
      1559      1564
      1625      1523
      1529      1608
      1631      1545
      1551      1631
      1569      1575
      1569      1574
      1571      1570
      1572      1571
      1573      1572
      1574      1573
      1593      1575
      1576      1592
      1577      1576
      1584      1577
      1578      1579
      1578      1581
      1579      1580
      1595      1580
      1581      1594
      1591      1582
      1582      1583
      1583      1588
      1587      1584
      1589      1585
      1585      1586
      1595      1586
      1587      1594
      1590      1588
      1593      1589
      1596      1590
      1591      1592
      1596      1630
      1617      1597
      1597      1598
      1599      1616
      1600      1599
      1602      1600
      1624      1601
      1601      1604
      1605      1602
      1603      1624
      1611      1603
      1604      1608
      1606      1605
      1607      1606
      1618      1607
      1609      1620
      1614      1609
      1610      1612
      1610      1621
      1622      1611
      1615      1612
      1613      1618
      1620      1613
      1621      1614
      1617      1615
      1616      1619
      1619      1623
      1623      1622
      1626      1625
      1627      1626
      1628      1627
      1629      1628
      1630      1629
