      1549         1
      1567         1
         1        58
       724         1
         1         8
         2      1512
         2      1572
         9         2
      1568         2
         2      1573
        40         2
         3       112
      1548         3
        58         3
         3        70
        16         4
        64         4
         4      1523
        75         4
         4      1526
         5      1541
      1542         5
      1544         5
       134         5
         5        59
         5        86
         6       353
         6        17
        65         6
       745         6
         7       348
         7      1531
        18         7
        44         7
       724         8
         8        58
       751         8
         8        39
         8        54
         9      1512
        40         9
         9      1521
        61         9
        55         9
        10       134
      1544        10
        41        10
       100        10
        10       138
        11        42
        11       124
       753        11
       725        11
        78        11
        11       102
       108        12
        56        12
        12       107
        12      1506
        43        12
        12      1522
       738        13
       726        13
        13        78
        13       161
        13       160
       159        13
        59        14
      1565        14
        71        14
        14      1568
        14        55
        14        40
        83        15
       107        15
        72        15
        15      1508
        15      1520
        15        61
        64        16
        16      1526
        16      1514
       175        16
       101        16
        17       362
        73        17
        17        89
        18      1530
        57        18
       131        18
       171        19
       176        19
        19       172
        19        91
        19        62
        20       148
       150        20
        20       109
        63        20
        74        20
        21       147
       139        21
       157        21
       152        21
        21        94
       156        22
        22       157
        22        91
       176        22
       177        22
        23        95
        23        86
       137        23
       134        23
       138        23
        24       113
       112        24
        70        24
        90        24
        24       114
       121        25
       123        25
        25       101
        25        64
        25        76
        26       158
       164        26
        26       115
       150        26
       148        26
        27       115
       148        27
        27       178
        27       105
       149        27
        28        95
       137        28
        28       106
        28       129
       128        28
        29       108
       106        29
        29        92
       129        29
       127        29
        30       121
       173        30
       143        30
        30       116
       147        30
        31       177
       170        31
        31       156
       140        31
        31       117
        32        65
        32        84
       125        32
       743        32
        33       358
        33       167
        79        33
        89        33
        34       355
        34       104
        80        34
       167        34
        35       357
        35       154
        81        35
       104        35
        36       359
        36        97
        82        36
       154        36
        37       354
        37        77
        87        37
        97        37
       122        38
        76        38
        38        75
        38      1515
        38       131
       751        39
        39        54
       733        39
        39       159
        39        60
      1568        40
        55        40
        41      1544
        41       100
       112        41
       113        41
      1547        41
        42       124
       725        42
        42       126
       742        42
        42       125
        43      1522
        56        43
       175        43
        43      1514
       165        43
        44       356
        57        44
        77        44
       120        45
        45       119
        45        93
       114        45
        45       100
       113        45
        46       164
        46       150
        46       162
       161        46
       124        46
       102        46
        47       163
       158        47
       115        47
        47       177
       105        47
        47       176
       173        48
       121        48
        48       175
        48       101
       174        48
        48       165
       171        49
       172        49
        49       173
       118        49
        49       174
        49       127
       135        50
       163        50
        50       171
       136        50
        50       118
        50       128
       164        51
        51       158
        51       135
       162        51
       120        51
        51       119
       161        52
        52       162
       160        52
        52       120
        90        52
        52       114
        53        72
        53        83
        53        71
        86        53
       106        53
        95        53
        58        54
        54        60
        54        70
        55        61
        71        55
        72        55
       108        56
       165        56
        92        56
       132        57
        85        57
      1549        58
        58      1548
        58        70
        86        59
      1541        59
        59      1565
        59        71
       159        60
        60        70
        60       160
        60        90
        61      1521
        61      1508
        72        61
        91        62
        62       172
        62       143
        62       139
        63       150
        63        74
       124        63
       126        63
        64        75
       101        64
        76        64
        65        73
       744        65
        66       122
        66       123
       144        66
       116        66
        66       133
       117        67
       156        67
        67       152
        67       157
        67       155
        68       140
        68       170
       166        68
       178        68
        68       130
        69       166
        69       149
       111        69
       109        69
        69        98
        70       112
        70        90
        86        71
        71        72
        83        72
        73        88
        84        73
        74       109
       126        74
       110        74
        74       111
        75      1523
        76        75
        75      1515
       123        76
       122        76
        77       350
        85        77
       753        78
        78       102
       726        78
        78       161
        79       168
        88        79
        98        79
        80       103
       168        80
       130        80
        81       151
       103        81
       141        81
        82        96
       151        82
       153        82
        83       107
       106        83
       108        83
       110        84
        84        99
        87        85
       133        85
       134        86
        95        86
        96        87
       145        87
        88        89
        99        88
        89       351
        90       114
       160        90
       176        91
        91       157
        91       139
        92       108
       127        92
        92       165
       174        92
       119        93
       100        93
        93       136
        93       137
        93       138
        94       147
       152        94
        94       144
        94       146
       137        95
        95       106
        96        97
       146        96
        97       361
        98       169
        99        98
       111        99
       100       138
       113       100
       101       175
       121       101
       102       124
       161       102
       103       104
       142       103
       104       352
       178       105
       115       105
       105       177
       105       170
       129       106
       106       108
       108       107
       107      1506
       107      1520
       109       148
       111       109
       109       149
       125       110
       110       111
       126       110
      1548       112
       112       113
       112      1547
       114       113
       114       120
       115       158
       148       115
       116       121
       147       116
       144       116
       116       123
       140       117
       117       156
       117       141
       171       118
       118       127
       128       118
       118       129
       120       119
       119       135
       119       136
       162       120
       121       123
       173       121
       122       132
       123       122
       124       126
       124       150
       742       125
       125       126
       129       127
       127       174
       137       128
       128       129
       136       128
       130       142
       169       130
       131      1527
       132       131
       133       132
       145       133
      1544       134
       138       134
       135       163
       135       136
       158       135
       136       137
       138       137
       139       147
       157       139
       139       143
       170       140
       140       142
       141       155
       142       141
       143       173
       143       147
       172       143
       144       145
       147       144
       146       145
       153       146
       150       148
       148       149
       149       178
       149       166
       150       164
       151       154
       155       151
       157       152
       152       153
       155       153
       154       349
       156       157
       177       156
       164       158
       158       163
       738       159
       159       160
       733       159
       160       161
       161       162
       162       164
       163       176
       163       171
       165       175
       174       165
       166       178
       166       169
       167       360
       168       167
       169       168
       170       177
       178       170
       176       171
       171       172
       172       173
       173       174
       175      1514
       177       176
       179      1513
       179      1524
       754       179
       215       179
       179       185
       180       754
       180       215
       736       180
       196       180
       186       180
       755       181
       739       181
       181       279
       198       181
       181       216
       731       182
       182       199
       310       182
       728       182
       182       241
       183       197
       183       238
       353       183
       741       183
       184       200
       184      1532
       348       184
       228       184
       215       185
       185      1524
       185      1536
       195       185
       186       736
       186       196
       737       186
       223       186
       187       312
       187       310
       735       187
       187       274
       227       187
       740       187
       188      1517
       217       188
       257       188
       188      1507
       188       258
       256       188
       189      1509
       189      1510
       189       242
       320       189
       229       189
       300       189
       190       223
       734       190
       730       190
       190       259
       190       237
       260       190
       191      1518
       191      1516
       242       191
       191       276
       275       191
       277       191
       279       192
       192       280
       192       230
       739       192
       192       260
       729       192
       193      1510
       320       193
       193      1529
       193       218
       224       193
       319       193
       194       749
       194       225
       197       194
       747       194
       195      1536
       215       195
       258       195
       236       195
       195      1528
       196       215
       223       196
       237       196
       196       236
       197       239
       727       197
       755       198
       198       216
       732       198
       345       198
       198       285
       731       199
       241       199
       199       345
       732       199
       199       226
       200      1519
       240       200
       200       298
       344       201
       201       346
       283       201
       201       324
       327       201
       202       241
       202       271
       202       313
       312       202
       310       202
       269       203
       280       203
       287       203
       203       289
       203       278
       347       204
       346       204
       204       291
       204       270
       204       343
       271       205
       205       327
       205       325
       311       205
       313       205
       292       206
       206       301
       270       206
       206       315
       314       206
       207       227
       207       293
       296       207
       750       207
       208       254
       208       263
       351       208
       238       208
       209       244
       209       321
       360       209
       263       209
       210       245
       210       272
       352       210
       321       210
       211       246
       211       336
       349       211
       272       211
       212       247
       212       265
       361       212
       336       212
       213       255
       213       228
       350       213
       265       213
       214       268
       214      1534
       298       214
       248       214
       754       215
       236       215
       216       279
       285       216
       216       288
       216       269
       217      1517
       257       217
       243       217
       276       217
       217      1511
       224       218
       218      1529
       218      1538
       268       218
       237       219
       219       236
       261       219
       259       219
       219       257
       219       256
       262       220
       220       277
       278       220
       220       275
       286       220
       289       220
       344       221
       346       221
       221       284
       221       291
       285       221
       221       288
       222       290
       292       222
       284       222
       222       286
       287       222
       222       289
       737       223
       734       223
       223       237
       319       224
       267       224
       317       224
       225       296
       239       225
       225       281
       241       226
       226       345
       271       226
       226       283
       226       344
       740       227
       227       274
       752       227
       228       240
       356       228
       229       242
       300       229
       290       229
       229       275
       286       229
       280       230
       260       230
       230       262
       230       261
       230       259
       231       317
       318       231
       315       231
       301       231
       231       319
       231       320
       231       300
       274       232
       312       232
       232       313
       232       311
       294       232
       325       233
       327       233
       233       299
       233       324
       331       233
       234       332
       234       343
       299       234
       347       234
       337       234
       332       235
       314       235
       235       318
       235       315
       329       235
       236       258
       237       236
       236       256
       259       237
       238       239
       362       238
       239       254
       240       297
       255       240
       310       241
       241       271
       242      1509
       242      1516
       275       242
       243       276
       243       257
       262       243
       277       243
       261       243
       244       323
       264       244
       244       306
       245       273
       323       245
       245       342
       246       335
       273       246
       246       338
       247       266
       335       247
       247       328
       248       267
       297       248
       303       248
       249       294
       249       305
       282       249
       295       249
       250       326
       250       341
       322       250
       305       250
       251       339
       251       307
       340       251
       341       251
       252       333
       252       330
       334       252
       307       252
       253       316
       253       303
       302       253
       330       253
       254       264
       254       281
       266       255
       255       304
       257       256
       256       258
       261       257
       258      1507
       258      1528
       260       259
       259       261
       730       260
       729       260
       262       261
       262       277
       278       262
       280       262
       263       264
       358       263
       264       282
       265       266
       354       265
       266       302
       267       268
       308       267
       268      1535
       269       280
       269       287
       288       269
       279       269
       343       270
       291       270
       270       292
       270       314
       313       271
       271       327
       271       283
       272       273
       357       272
       273       340
       274       312
       293       274
       275       277
       286       275
       276      1518
       277       276
       276      1511
       280       278
       289       278
       739       279
       279       280
       281       295
       281       282
       282       306
       283       344
       283       327
       291       284
       288       284
       284       292
       284       287
       345       285
       285       288
       344       285
       289       286
       290       286
       287       289
       288       287
       292       290
       290       300
       301       290
       346       291
       291       292
       292       301
       295       293
       293       294
       294       309
       296       295
       749       296
       297       298
       304       297
       298      1533
       324       299
       339       299
       299       347
       300       320
       301       300
       315       301
       328       302
       302       304
       303       308
       304       303
       305       309
       306       305
       306       322
       307       337
       338       307
       308       317
       316       308
       309       311
       309       326
       728       310
       310       312
       735       310
       311       325
       313       311
       312       313
       314       315
       332       314
       343       314
       315       318
       329       316
       316       318
       317       319
       318       317
       319       320
       320      1510
       321       323
       355       321
       323       322
       322       342
       324       346
       327       324
       324       347
       325       327
       326       325
       326       331
       334       328
       328       330
       333       329
       330       329
       331       339
       341       331
       343       332
       333       332
       337       333
       338       334
       335       334
       336       335
       359       336
       339       337
       340       338
       342       340
       342       341
       347       343
       344       346
       345       344
       732       345
       346       347
       348      1537
       356       348
       357       349
       349       359
       354       350
       350       356
       362       351
       351       358
       355       352
       352       357
       353       362
       746       353
       361       354
       360       355
       358       360
       359       361
       363      1598
       363       408
      1599       363
       363       374
      1603       363
       364      1513
       364       754
       364      1505
       736       364
       412       364
       375       364
      1595       365
       365       495
       365       456
       410       365
      1602       365
       366       413
       366       385
      1587       366
      1597       366
       366       500
       386       367
       475       367
       367       441
       367       735
       367       740
      1594       368
      1591       368
       368       550
       368       445
       434       368
       530       369
       435       369
       369       734
       369       730
       411       369
       370       387
      1596       370
      1593       370
      1592       370
       370       414
       370       434
       460       371
       432       371
      1553       371
       371      1525
       371       375
       371      1552
       372       436
       372       388
       711       372
      1578       372
       373       486
       373       750
       748       373
       389       373
       374       408
      1603       374
       374       409
       374       446
      1588       374
       375      1505
       412       375
       375      1525
       432       375
       483       376
       376       522
       376       526
       525       376
       377       460
       377       459
       449       377
       431       377
       377      1562
      1600       378
      1601       378
       378       484
       378       514
       512       378
       378       410
       518       379
       441       379
       379       728
       547       379
       379       731
       379       548
       548       380
       380       732
       380       755
       439       380
       380       480
       454       380
       480       381
       381       739
       481       381
       381       729
       451       381
       381       411
       382       455
       550       382
      1591       382
       382       440
      1590       382
       382       512
       383       736
       383       737
       463       383
       447       383
       383       412
       433       383
       384       495
      1595       384
      1589       384
       384       462
       384       450
       446       384
       385       413
      1587       385
       385       437
       385       436
      1577       385
       475       386
       386       740
       487       386
       386       752
       486       386
      1596       387
       387       414
      1597       387
       387       448
       387       500
       388       415
       714       388
       388       468
       389       438
       723       389
       416       389
       482       390
       537       390
       390       536
       390       507
       390       510
       391       498
       391       472
       391       466
       453       391
       452       391
       494       392
       462       392
       392       461
       392       464
       470       392
       393       475
       393       487
       517       393
       501       393
       485       393
       472       394
       524       394
       394       525
       394       519
       471       394
       395       494
       395       496
       456       395
       495       395
       473       395
       522       396
       396       537
       396       534
       497       396
       526       396
       491       397
       397       454
       547       397
       551       397
       397       548
       514       398
       484       398
       398       505
       398       511
       513       398
       459       399
       399       460
       399       432
       458       399
       399       433
       502       400
       503       400
       400       451
       492       400
       400       481
       542       401
       543       401
       401       552
       401       493
       457       401
       402       530
       529       402
       464       402
       402       463
       469       402
       403       549
       553       403
       403       490
       479       403
       465       403
       404       442
       404       521
       719       404
       468       404
       405       488
       405       476
       713       405
       521       405
       406       443
       406       533
       716       406
       476       406
       407       444
       407       509
       718       407
       533       407
      1598       408
       408       409
       408       431
       408      1556
       446       409
       409       431
       409       449
       409       450
      1602       410
       410       456
       410       484
      1600       410
       435       411
       411       730
       411       729
       451       411
       412       736
       432       412
       433       412
       500       413
       413       437
       413       499
       413       452
       434       414
       414       448
       414       465
       414       445
       436       415
       415       467
       437       415
       415       453
       416       474
       720       416
       509       416
       417       503
       417       502
       417       527
       528       417
       538       417
       541       417
       418       501
       507       418
       418       485
       418       474
       508       418
       510       418
       419       543
       419       542
       419       477
       546       419
       544       419
       539       419
       536       420
       535       420
       420       516
       420       517
       507       420
       420       501
       516       421
       517       421
       421       518
       493       421
       421       547
       421       551
       522       422
       422       537
       515       422
       422       531
       422       535
       422       536
       528       423
       423       527
       423       469
       506       423
       423       470
       496       423
       498       424
       424       524
       424       523
       499       424
       424       490
       479       424
       425       515
       483       425
       523       425
       545       425
       425       544
       425       546
       426       506
       505       426
       511       426
       426       541
       426       528
       540       426
       525       427
       519       427
       427       526
       427       489
       488       427
       427       497
       428       492
       428       491
       543       428
       538       428
       552       428
       428       502
       545       429
       549       429
       429       544
       429       539
       504       429
       429       478
       462       430
       430       461
       430       458
       450       430
       430       459
       449       430
       449       431
       431      1562
      1556       431
       431      1554
       460       432
       433       432
       447       433
       458       433
       434       445
      1594       434
      1592       434
       435       530
       451       435
       529       435
       503       435
      1577       436
       436       437
       437       452
       437       453
       438       486
       474       438
       438       487
       485       438
       439       480
       454       439
       491       439
       492       439
       439       481
       455       440
       512       440
       440       504
       440       513
       440       514
       475       441
       441       735
       518       441
       441       728
       442       520
       467       442
       466       442
       442       471
       443       532
       489       443
       443       534
       497       443
       444       508
       532       444
       482       444
       444       510
       550       445
       445       465
       445       553
      1588       446
      1589       446
       446       450
       447       463
       458       447
       464       447
       461       447
       500       448
       448       465
       448       499
       448       479
       449       459
       450       449
       450       462
       481       451
       503       451
       452       453
       452       498
       499       452
       453       466
       453       467
       454       548
       491       454
       550       455
       455       504
       455       549
       553       455
       456       495
       456       473
       484       456
       457       493
       542       457
       535       457
       457       516
       531       457
       459       458
       461       458
       459       460
       460      1553
      1562       460
       462       461
       461       464
       495       462
       494       462
       463       737
       464       463
       463       530
       470       464
       469       464
       465       479
       465       553
       466       472
       467       466
       466       471
       468       467
       712       468
       469       529
       527       469
       470       469
       494       470
       496       470
       472       471
       471       519
       471       520
       498       472
       472       524
       473       496
       484       473
       505       473
       473       506
       508       474
       474       485
       487       475
       517       475
       475       518
       476       489
       717       476
       477       543
       539       477
       477       538
       540       477
       477       541
       504       478
       478       539
       513       478
       478       540
       478       511
       479       490
       499       479
       480       755
       480       739
       481       480
       492       481
       537       482
       482       510
       532       482
       534       482
       483       522
       525       483
       483       515
       523       483
       524       483
       514       484
       484       505
       501       485
       485       487
       486       752
       487       486
       488       489
       520       488
       519       488
       489       497
       549       490
       490       523
       490       545
       551       491
       491       492
       552       491
       502       492
       493       552
       516       493
       493       551
       496       494
       495       494
      1595       495
       506       496
       497       534
       526       497
       498       524
       499       498
       500       499
      1597       500
       501       517
       507       501
       502       503
       538       502
       527       503
       503       529
       549       504
       504       513
       511       505
       505       506
       506       528
       536       507
       510       507
       509       508
       510       508
       721       509
       513       511
       511       540
      1601       512
       512       514
      1590       512
       514       513
       522       515
       515       531
       515       546
       535       516
       516       517
       517       518
       518       547
       519       525
       520       519
       521       520
       715       521
       526       522
       522       537
       524       523
       523       545
       524       525
       525       526
       528       527
       527       529
       541       528
       529       530
       530       734
       530       737
       531       535
       531       542
       546       531
       533       532
       534       532
       722       533
       534       537
       536       535
       537       536
       541       538
       543       538
       544       539
       539       540
       540       541
       542       543
       546       542
       543       552
       544       546
       545       544
       549       545
       547       548
       551       547
       548       731
       548       732
       553       549
      1591       550
       550       553
       552       551
       554       592
       554       753
       726       554
       622       554
       586       554
       555      1570
      1551       555
       564       555
       581       555
       555       654
       583       556
       556       591
       565       556
      1559       556
       556       724
       556       751
      1558       557
       557       582
      1555       557
       557       581
       557       564
      1571       557
      1563       558
      1566       558
       558       566
      1539       558
       558       601
       558       589
       559       711
       559       567
       647       559
      1580       559
       560       723
       560       747
       568       560
       585       560
       561       699
       621       561
       599       561
       561       738
       591       561
       561       733
       562      1581
       562       650
       594       562
      1583       562
       563       742
       563       725
       600       563
       592       563
       563       644
       564      1551
       564       581
      1571       564
      1561       564
       565       583
       565      1559
       653       565
       654       565
      1570       565
      1563       566
       566       589
       566       690
       566       584
       567       714
       593       567
       567       624
       568       727
       590       568
       627       568
       569       655
       653       569
       620       569
       569       709
       633       569
       570       628
       570       622
       640       570
       692       570
       699       570
       708       571
       710       571
       571       698
       571       692
       571       621
       572       603
       572       709
       707       572
       701       572
       572       651
       573       666
       573       646
       601       573
      1540       573
       574       594
       574       668
       666       574
      1585       574
       575       719
       575       693
       604       575
       624       575
       576       713
       576       664
       605       576
       693       576
       577       716
       577       642
       606       577
       664       577
       578       718
       578       602
       625       578
       642       578
       579       679
       579       744
       644       579
       607       579
       580       627
       580       746
       679       580
       608       580
       581       654
       582       581
       581       588
      1558       582
       582       588
       690       582
       582       598
       583       591
       653       583
       655       583
       583       599
       589       584
       690       584
       584       691
       584       630
       585       720
       590       585
       602       585
       622       586
       586       592
       628       586
       629       586
       586       600
       587       707
       587       633
       634       587
       689       587
       688       587
       587       687
       588       654
       598       588
       588       620
       588       653
       601       589
       589       630
       589       631
       626       590
       619       590
       591       751
       599       591
       591       733
       592       753
       600       592
       592       725
       647       593
       593       623
       649       593
       594       636
      1584       594
       595       629
       595       628
       671       595
       640       595
       595       662
       702       596
       710       596
       596       671
       596       698
       596       652
       597       688
       597       689
       631       597
       630       597
       597       645
       690       598
       598       620
       691       598
       598       634
       599       621
       655       599
       708       599
       600       643
       629       600
      1539       601
       601       631
       602       721
       619       602
       709       603
       651       603
       603       708
       603       710
       603       702
       604       694
       623       604
       635       604
       605       663
       694       605
       632       605
       606       641
       663       606
       657       606
       607       680
       643       607
       660       607
       608       626
       680       608
       637       608
       609       667
       609       677
       645       609
       669       609
       610       649
       610       675
       667       610
       636       610
       611       656
       611       706
       687       611
       673       611
       612       674
       612       697
       656       612
       676       612
       613       700
       613       704
       651       613
       706       613
       614       684
       614       686
       700       614
       697       614
       615       678
       615       670
       652       615
       703       615
       616       657
       616       659
       678       616
       685       616
       617       682
       617       660
       662       617
       670       617
       618       639
       618       637
       682       618
       659       618
       625       619
       638       619
       620       653
       620       633
       634       620
       621       699
       708       621
       621       692
       622       726
       628       622
       699       622
       623       624
       648       623
       624       712
       641       625
       639       625
       626       627
       638       626
       627       741
       640       628
       628       629
       629       661
       630       691
       631       630
       630       689
       631       646
       632       665
       695       632
       684       632
       633       709
       633       707
       634       633
       689       634
       691       634
       635       695
       648       635
       674       635
       636       650
       668       636
       637       638
       681       637
       639       638
       658       639
       692       640
       671       640
       698       640
       641       642
       658       641
       642       722
       643       644
       661       643
       644       743
       645       673
       646       645
       646       669
      1581       647
       650       647
       649       648
       675       648
       650       649
       701       651
       651       702
       652       672
       704       652
       654       653
       653       655
       654      1570
       709       655
       655       708
       656       705
       677       656
       657       658
       665       657
       659       658
       683       659
       660       681
       661       660
       662       661
       672       662
       663       664
       665       663
       664       717
       685       665
       666       669
      1586       666
       667       676
       668       667
       669       668
       670       683
       672       670
       671       672
       698       671
       688       673
       673       677
       674       696
       675       674
       676       675
       677       676
       678       683
       686       678
       679       745
       680       679
       681       680
       682       681
       683       682
       684       685
       696       684
       686       685
       703       686
       688       687
       687       707
       687       701
       689       688
       691       689
      1563       690
      1558       690
       690       691
       692       699
       698       692
       693       715
       694       693
       695       694
       696       695
       697       696
       705       697
       710       698
       699       738
       699       726
       700       703
       705       700
       707       701
       701       706
       702       710
       702       704
       704       703
       706       705
       707       709
       708       710
       709       708
       711       714
      1579       711
       714       712
       712       719
       713       717
       715       713
       719       715
       716       722
       717       716
       718       721
       722       718
       720       723
       721       720
       723       748
      1567       724
       724       751
      1559       724
       753       725
       725       742
       738       726
       726       753
       741       727
       727       747
       728       731
       735       728
       739       729
       729       730
       730       734
       731       732
       732       755
       751       733
       733       738
       734       737
       740       735
       736       754
       737       736
       755       739
       752       740
       746       741
       742       743
       743       744
       744       745
       745       746
       747       748
       748       749
       749       750
       750       752
       754      1513
      1482       756
      1483       756
       756       798
       756       886
       757       763
       757       793
      1139       757
       757      1138
       812       757
       758      1611
       890       758
       758      1609
       821       758
       808       758
       759       764
      1497       759
      1512       759
       759       794
       759       809
      1572       759
       759      1557
       760      1131
      1133       760
       760       939
       772       760
       828       760
      1126       760
       761      1550
       761      1612
       761       773
      1546       761
       856       761
       800       761
       762      1136
       762       774
       816       762
      1492       762
       793       763
      1138       763
       763       808
       763      1607
       763      1608
      1497       764
       764       809
      1481       764
       764       813
       829       765
       765       940
       926       765
       765       938
       766       855
       846       766
      1501       766
       766       795
       766       810
      1496       766
      1135       767
       767      1128
       767       859
       827       767
       767       860
       796       767
      1545       768
       768      1576
       868       768
       768       849
       768       797
       870       768
      1486       769
       769       846
      1480       769
       769       814
       798       769
       769       811
      1130       770
       860       770
      1144       770
       824       770
       770       812
       770       820
       771       842
       771       886
      1477       771
      1482       771
       771       822
       813       771
       772       939
       828       772
       772       799
       841       772
       773      1612
       800       773
       890       773
       773      1611
       815       773
       774      1129
       823       774
       774       903
       873       775
       775       879
       775       830
       862       775
       775       880
       776       921
       776       916
       867       776
       855       776
       924       776
       777       852
       777       876
       877       777
       887       777
       848       777
       921       778
       908       778
       778       831
       778       909
       778       863
       779       893
       892       779
       779       862
       913       779
       779       872
       780       869
       780       870
       868       780
       825       780
       839       780
       781       915
       781       913
       850       781
       900       781
       781       899
       782       888
       782       851
       886       782
       889       782
       842       782
       783       878
       911       783
       938       783
       840       783
       783       827
       784       912
       922       784
       784       850
       919       784
       784       883
       893       785
       785       894
       785       847
       876       785
       857       785
       786       821
       786       820
       786       891
       880       786
       824       786
       787       844
       787       832
       917       787
      1489       787
       788       816
       788       826
       844       788
      1490       788
       789      1141
       789       865
       833       789
       903       789
       790      1143
       790       930
       834       790
       865       790
       791      1145
       791       854
       835       791
       930       791
       792      1134
       792       828
       843       792
       854       792
       812       793
       793       808
       821       793
       820       793
       809       794
      1557       794
       794       825
       794      1545
       794       868
      1501       795
       795       810
      1502       795
       795       917
       795       923
       796       827
       796      1135
      1131       796
       939       796
       840       796
       849       797
      1576       797
      1543       797
       797       856
       797       858
       798       886
      1483       798
      1480       798
       798       811
       798       889
       799       939
       841       799
       799       940
       882       799
       856       800
       800       815
       858       800
       847       800
       801       919
       801       922
       910       801
       801       918
       863       801
       909       801
       802       878
       802       911
       802       873
       914       802
       915       802
       872       802
       920       803
       803       912
       885       803
       803       892
       803       852
       848       803
       804       887
       804       885
       888       804
       867       804
       804       916
       866       804
       869       805
       870       805
       805       849
       877       805
       805       876
       805       857
       806       921
       806       908
       924       806
       874       806
       806       895
       923       806
       871       807
       914       807
       807       911
       807       926
       807       938
       821       808
       808      1609
       808      1608
       813       809
       809       825
       809       822
       855       810
       810       923
       810       924
       811       814
       811       889
       811       866
       812      1139
       820       812
      1144       812
      1132       812
      1481       813
      1477       813
       813       822
       846       814
       814       866
       814       855
       814       867
       815       890
       847       815
       891       815
       894       815
       816       823
      1491       816
       817       871
       817       899
       898       817
       900       817
       817       928
       918       818
       919       818
       818       898
       818       883
       818       932
       895       819
       908       819
       819       910
       819       909
       819       875
       824       820
       820       821
       821       890
       891       821
       822       842
       822       825
       822       839
       823       901
       826       823
       860       824
       880       824
       879       824
       859       824
       825       868
       825       839
       845       826
       826       904
       827       859
       878       827
       840       827
       828      1126
       841       828
       829       940
       926       829
       829       882
       861       829
       862       830
       830       880
       893       830
       830       894
       830       891
       921       831
       831       863
       831       920
       916       831
       831       922
       832       845
       874       832
       832       897
       833       864
       901       833
       902       833
       834       925
       864       834
       933       834
       835       853
       925       835
       905       835
       836       902
       836       936
       875       836
       896       836
       837       933
       837       884
       934       837
       936       837
       838       905
       838       907
       929       838
       884       838
       839       869
       842       839
       839       851
       938       840
       939       840
       940       840
       843       841
       882       841
       886       842
       842       851
       853       843
       881       843
       844       845
      1498       844
       845       896
       846       855
      1496       846
      1486       846
       847       894
       857       847
       858       847
       848       852
       887       848
       885       848
       870       849
       849       858
       849       857
       850       913
       850       900
       912       850
       883       850
       888       851
       851       869
       851       887
       851       877
       852       876
       852       892
       852       893
       853       854
       906       853
       854      1127
       855       867
       855       924
       856      1546
      1543       856
       858       856
       876       857
       857       858
       859       860
       859       879
       878       859
      1128       860
       860      1130
       861       881
       927       861
       907       861
       862       873
       893       862
       872       862
       909       863
       863       922
       864       865
       935       864
       865      1142
       866       867
       866       888
       889       866
       867       916
      1545       868
       868       870
       869       870
       869       877
       871       914
       871       927
       899       871
       913       872
       872       873
       915       872
       873       879
       873       878
       917       874
       874       895
       923       874
       875       937
       897       875
       877       876
       876       893
       887       877
       911       878
       878       879
       879       880
       880       891
       881       882
       906       881
       882       940
       919       883
       883       898
       883       900
       884       931
       932       884
       885       920
       887       885
       916       885
      1482       886
       886       889
       888       887
       889       888
       890      1611
       891       890
       894       891
       892       893
       892       913
       912       892
       893       894
       895       908
       895       897
       896       904
       897       896
       898       900
       898       929
       900       899
       899       915
       899       914
       901       903
       904       901
       902       935
       904       902
       903      1140
       905       906
       931       905
       907       906
       928       907
       921       908
       908       909
       909       910
       910       918
       910       937
       938       911
       914       911
       922       912
       920       912
       912       913
       913       915
       915       914
       921       916
       916       920
      1502       917
       917       923
       918       919
       918       934
       922       919
       920       922
       924       921
       923       924
       925       930
       931       925
       926       938
       927       926
       928       927
       929       928
       932       929
       930      1137
       933       931
       934       932
       935       933
       937       934
       936       935
       937       936
       938       940
       939      1131
       940       939
       952       941
       941       980
       941      1475
      1504       941
      1525       942
       942       950
      1552       942
      1569       942
       942      1574
       942       981
       943      1604
       943      1605
       943      1607
      1138       943
       985       943
       951       943
       944      1034
       944      1066
       980       944
      1475       944
       944      1484
       945      1022
       945       952
       945      1028
      1536       945
      1499       945
      1135       946
      1063       946
       946      1128
       946      1125
       988       946
       947      1061
      1062       947
       964       947
       947      1610
       947      1606
      1051       948
      1560       948
       948      1021
       948       987
       948      1575
       949      1008
       949       965
      1136       949
      1494       949
      1525       950
       950       981
       950      1002
      1505       950
       950      1001
       951      1604
       985       951
      1061       951
      1016       951
       952       980
       952      1504
       952      1022
      1499       952
       953      1023
       953      1046
      1099       953
      1102       953
       954      1051
       954      1013
       954      1564
       981       954
      1001       954
       955      1088
      1503       955
       955      1032
      1500       955
      1007       955
       955      1017
      1488       956
       956      1100
       956       982
      1478       956
       956      1003
       956      1014
      1037       957
      1054       957
       957      1144
       957      1132
      1015       957
       957      1083
      1038       958
       983       958
       958      1131
      1004       958
       958      1063
       958      1135
      1125       959
      1005       959
      1128       959
       984       959
       959      1130
       959      1015
       960      1044
       960      1007
      1069       960
       960      1070
      1479       960
      1485       960
      1082       961
      1083       961
       961      1138
       961      1139
       961       985
      1132       961
      1006       961
       962      1029
       962      1028
      1513       962
      1524       962
       962      1011
      1002       962
       963      1039
       963      1038
      1126       963
       963      1133
       986       963
       964      1610
       964      1062
      1613       964
      1020       964
       987       964
       965      1012
      1129       965
       965      1041
      1110       966
       966      1123
      1090       966
       966      1120
       966      1112
      1044       967
       967      1086
       967      1089
      1032       967
      1017       967
      1123       968
       968      1121
      1112       968
       968      1096
       968      1043
      1045       969
      1059       969
      1062       969
       969      1061
       969      1016
       970      1073
       970      1078
      1079       970
      1072       970
       970      1071
       971      1064
      1092       971
      1098       971
       971      1019
       971      1065
      1013       972
       972      1051
       972      1053
       972      1033
      1030       972
      1086       973
       973      1099
      1076       973
       973      1111
       973      1108
      1014       974
       974      1104
       974      1068
      1031       974
       974      1103
       975      1024
       975      1084
       975      1085
      1040       975
      1081       975
       976      1088
       976      1056
      1008       976
      1487       976
       977      1025
       977      1119
      1141       977
      1041       977
       978      1026
       978      1047
      1143       978
      1119       978
       979      1027
       979      1105
      1145       979
      1047       979
      1475       980
       980      1034
      1022       980
       981      1574
       981      1001
       981      1564
      1478       982
       982      1014
      1476       982
       982      1069
       982      1031
       983      1038
       983      1004
      1055       983
      1039       983
      1005       984
       984      1015
      1036       984
       984      1037
       985      1138
      1016       985
      1006       985
       986      1018
      1134       986
      1105       986
      1021       987
      1575       987
       987      1613
       987      1020
       988      1063
       988      1125
      1019       988
      1124       988
      1065       988
       989      1037
      1036       989
       989      1084
      1085       989
       989      1054
      1075       989
       990      1059
       990      1045
      1060       990
       990      1074
      1073       990
      1071       990
       991      1050
      1113       991
       991      1097
      1120       991
       991      1096
      1112       991
      1052       992
       992      1060
       992      1071
      1067       992
      1035       992
       992      1072
      1101       993
      1079       993
      1104       993
       993      1080
       993      1094
       993      1078
       994      1098
       994      1124
       994      1122
      1043       994
      1097       994
      1096       994
      1093       995
       995      1121
       995      1075
      1095       995
       995      1085
      1081       995
       996      1099
       996      1086
      1044       996
      1070       996
      1068       996
       996      1102
      1052       997
       997      1060
       997      1059
      1021       997
       997      1020
      1053       997
      1066       998
      1100       998
       998      1101
      1067       998
       998      1079
       998      1072
       999      1035
       999      1034
      1029       999
      1022       999
      1030       999
       999      1033
      1000      1110
      1111      1000
      1000      1090
      1000      1077
      1109      1000
      1108      1000
      1002      1001
      1001      1013
      1001      1011
      1505      1002
      1513      1002
      1002      1011
      1100      1003
      1003      1014
      1003      1104
      1003      1101
      1004      1063
      1055      1004
      1064      1004
      1065      1004
      1005      1125
      1005      1036
      1122      1005
      1124      1005
      1082      1006
      1006      1016
      1074      1006
      1045      1006
      1500      1007
      1007      1017
      1007      1044
      1485      1007
      1008      1012
      1495      1008
      1087      1009
      1089      1009
      1009      1049
      1009      1076
      1058      1009
      1077      1010
      1090      1010
      1010      1113
      1010      1120
      1115      1010
      1011      1029
      1011      1013
      1011      1030
      1012      1042
      1012      1056
      1013      1051
      1013      1030
      1014      1104
      1014      1031
      1015      1144
      1037      1015
      1015      1130
      1016      1061
      1045      1016
      1017      1032
      1017      1044
      1018      1039
      1107      1018
      1018      1091
      1019      1065
      1098      1019
      1019      1124
      1020      1062
      1021      1020
      1020      1059
      1051      1021
      1053      1021
      1028      1022
      1022      1034
      1029      1022
      1023      1046
      1102      1023
      1023      1093
      1023      1095
      1103      1023
      1094      1023
      1024      1084
      1040      1024
      1024      1074
      1073      1024
      1024      1082
      1025      1118
      1042      1025
      1025      1057
      1026      1048
      1118      1026
      1026      1116
      1027      1107
      1048      1027
      1027      1114
      1536      1028
      1028      1029
      1524      1028
      1029      1030
      1030      1033
      1031      1068
      1069      1031
      1031      1070
      1088      1032
      1032      1089
      1032      1087
      1033      1053
      1033      1035
      1033      1052
      1034      1066
      1034      1035
      1034      1067
      1035      1067
      1035      1052
      1036      1037
      1075      1036
      1122      1036
      1037      1054
      1038      1131
      1039      1038
      1133      1038
      1039      1055
      1081      1040
      1040      1073
      1078      1040
      1080      1040
      1041      1042
      1140      1041
      1042      1058
      1096      1043
      1121      1043
      1043      1122
      1070      1044
      1044      1086
      1059      1045
      1074      1045
      1099      1046
      1046      1093
      1111      1046
      1046      1110
      1046      1123
      1047      1048
      1137      1047
      1048      1115
      1076      1049
      1057      1049
      1049      1109
      1049      1108
      1113      1050
      1050      1097
      1050      1092
      1106      1050
      1051      1560
      1564      1051
      1051      1053
      1052      1060
      1053      1052
      1054      1083
      1084      1054
      1054      1082
      1055      1064
      1091      1055
      1056      1087
      1056      1058
      1058      1057
      1057      1117
      1059      1062
      1060      1059
      1071      1060
      1062      1061
      1061      1606
      1061      1604
      1063      1135
      1065      1063
      1092      1064
      1064      1065
      1484      1066
      1066      1100
      1066      1067
      1067      1072
      1068      1103
      1070      1068
      1068      1102
      1069      1070
      1479      1069
      1476      1069
      1072      1071
      1071      1073
      1072      1079
      1078      1073
      1073      1074
      1074      1082
      1085      1075
      1121      1075
      1075      1122
      1086      1076
      1076      1108
      1089      1076
      1109      1077
      1077      1090
      1116      1077
      1079      1078
      1078      1080
      1101      1079
      1094      1080
      1080      1081
      1080      1095
      1081      1085
      1095      1081
      1082      1083
      1084      1082
      1083      1132
      1085      1084
      1089      1086
      1086      1099
      1088      1087
      1087      1089
      1503      1088
      1110      1090
      1090      1120
      1106      1091
      1091      1092
      1092      1098
      1097      1092
      1093      1121
      1095      1093
      1093      1123
      1104      1094
      1094      1095
      1103      1094
      1112      1096
      1096      1097
      1097      1098
      1098      1124
      1102      1099
      1099      1111
      1488      1100
      1100      1101
      1484      1100
      1101      1104
      1103      1102
      1104      1103
      1105      1107
      1127      1105
      1107      1106
      1114      1106
      1108      1111
      1108      1109
      1117      1109
      1110      1123
      1111      1110
      1123      1112
      1120      1112
      1120      1113
      1114      1113
      1115      1114
      1116      1115
      1117      1116
      1118      1117
      1119      1118
      1142      1119
      1123      1121
      1121      1122
      1122      1124
      1124      1125
      1125      1128
      1126      1133
      1134      1126
      1145      1127
      1127      1134
      1135      1128
      1128      1130
      1136      1129
      1129      1140
      1130      1144
      1133      1131
      1131      1135
      1144      1132
      1132      1139
      1493      1136
      1143      1137
      1137      1145
      1139      1138
      1138      1607
      1140      1141
      1141      1142
      1142      1143
      1146      1476
      1146      1479
      1286      1146
      1178      1146
      1146      1193
      1147      1229
      1198      1147
      1147      1504
      1499      1147
      1160      1147
      1510      1148
      1148      1157
      1529      1148
      1148      1261
      1538      1148
      1148      1187
      1149      1488
      1149      1180
      1149      1484
      1227      1149
      1229      1149
      1475      1149
      1150      1231
      1150      1158
      1468      1150
      1519      1150
      1151      1159
      1151      1493
      1458      1151
      1188      1151
      1152      1485
      1152      1251
      1193      1152
      1215      1152
      1249      1152
      1153      1308
      1153      1179
      1518      1153
      1153      1219
      1220      1153
      1516      1153
      1154      1476
      1154      1286
      1180      1154
      1154      1478
      1243      1154
      1207      1154
      1189      1155
      1155      1199
      1517      1155
      1155      1160
      1155      1198
      1507      1155
      1208      1156
      1251      1156
      1156      1503
      1156      1500
      1181      1156
      1510      1157
      1157      1187
      1157      1220
      1157      1201
      1509      1157
      1158      1240
      1470      1158
      1158      1192
      1159      1494
      1197      1159
      1159      1222
      1160      1499
      1160      1198
      1507      1160
      1528      1160
      1161      1288
      1289      1161
      1161      1202
      1285      1161
      1233      1161
      1288      1162
      1162      1287
      1162      1230
      1263      1162
      1162      1266
      1198      1163
      1163      1229
      1190      1163
      1163      1227
      1228      1163
      1298      1164
      1307      1164
      1164      1297
      1164      1257
      1164      1217
      1165      1307
      1165      1298
      1290      1165
      1216      1165
      1255      1165
      1262      1166
      1166      1256
      1280      1166
      1166      1291
      1166      1216
      1285      1167
      1217      1167
      1167      1289
      1167      1279
      1257      1167
      1228      1168
      1168      1227
      1168      1207
      1168      1244
      1241      1168
      1201      1169
      1219      1169
      1169      1284
      1169      1282
      1259      1169
      1170      1304
      1232      1170
      1170      1305
      1170      1307
      1255      1170
      1171      1191
      1171      1238
      1231      1171
      1534      1171
      1172      1246
      1172      1296
      1474      1172
      1192      1172
      1173      1203
      1173      1223
      1465      1173
      1296      1173
      1174      1204
      1174      1302
      1464      1174
      1223      1174
      1175      1205
      1175      1252
      1462      1175
      1302      1175
      1176      1206
      1176      1270
      1466      1176
      1252      1176
      1177      1235
      1177      1200
      1469      1177
      1270      1177
      1286      1178
      1178      1193
      1287      1178
      1230      1178
      1178      1215
      1308      1179
      1219      1179
      1179      1303
      1179      1283
      1180      1488
      1227      1180
      1180      1478
      1207      1180
      1181      1487
      1218      1181
      1222      1181
      1230      1182
      1182      1215
      1266      1182
      1182      1250
      1264      1182
      1182      1249
      1283      1183
      1183      1306
      1284      1183
      1262      1183
      1183      1256
      1183      1232
      1304      1184
      1305      1184
      1184      1285
      1242      1184
      1184      1241
      1184      1233
      1185      1304
      1306      1185
      1303      1185
      1185      1242
      1213      1185
      1185      1214
      1186      1288
      1186      1263
      1289      1186
      1186      1258
      1277      1186
      1279      1186
      1261      1187
      1187      1201
      1187      1260
      1187      1259
      1188      1197
      1461      1188
      1200      1188
      1189      1199
      1517      1189
      1189      1213
      1308      1189
      1511      1189
      1198      1190
      1190      1228
      1214      1190
      1199      1190
      1191      1248
      1535      1191
      1191      1261
      1192      1239
      1472      1192
      1193      1479
      1193      1485
      1215      1193
      1194      1281
      1194      1282
      1260      1194
      1259      1194
      1247      1194
      1297      1195
      1257      1195
      1195      1277
      1195      1279
      1276      1195
      1258      1196
      1263      1196
      1196      1264
      1196      1266
      1268      1196
      1197      1221
      1237      1197
      1198      1229
      1199      1198
      1213      1199
      1199      1214
      1200      1237
      1459      1200
      1220      1201
      1201      1219
      1201      1259
      1202      1288
      1233      1202
      1202      1243
      1202      1287
      1244      1202
      1203      1224
      1295      1203
      1203      1293
      1204      1301
      1224      1204
      1204      1275
      1205      1254
      1301      1205
      1205      1225
      1206      1269
      1254      1206
      1206      1226
      1207      1243
      1227      1207
      1244      1207
      1208      1251
      1218      1208
      1250      1208
      1249      1208
      1209      1247
      1209      1272
      1239      1209
      1238      1209
      1210      1280
      1210      1292
      1294      1210
      1273      1210
      1211      1290
      1211      1234
      1274      1211
      1292      1211
      1212      1265
      1212      1236
      1235      1212
      1267      1212
      1213      1214
      1303      1213
      1308      1213
      1214      1242
      1214      1228
      1215      1249
      1230      1215
      1216      1290
      1216      1255
      1291      1216
      1256      1216
      1217      1257
      1307      1217
      1217      1285
      1305      1217
      1221      1218
      1245      1218
      1220      1219
      1219      1284
      1219      1283
      1516      1220
      1509      1220
      1221      1222
      1236      1221
      1222      1495
      1223      1224
      1473      1223
      1224      1274
      1225      1253
      1300      1225
      1225      1276
      1226      1267
      1253      1226
      1226      1271
      1229      1227
      1228      1227
      1228      1241
      1242      1228
      1504      1229
      1229      1475
      1287      1230
      1266      1230
      1231      1240
      1533      1231
      1232      1304
      1232      1255
      1306      1232
      1256      1232
      1285      1233
      1241      1233
      1233      1244
      1234      1298
      1275      1234
      1234      1299
      1235      1237
      1269      1235
      1237      1236
      1236      1245
      1238      1248
      1240      1238
      1240      1239
      1239      1246
      1241      1244
      1242      1241
      1304      1242
      1243      1286
      1243      1287
      1244      1243
      1245      1250
      1265      1245
      1246      1295
      1246      1272
      1247      1273
      1248      1247
      1248      1260
      1249      1251
      1250      1249
      1264      1250
      1251      1485
      1251      1500
      1252      1254
      1463      1252
      1254      1253
      1253      1278
      1255      1307
      1256      1255
      1262      1256
      1297      1257
      1257      1279
      1277      1258
      1258      1263
      1271      1258
      1259      1282
      1260      1259
      1261      1260
      1538      1261
      1262      1280
      1284      1262
      1281      1262
      1282      1262
      1288      1263
      1263      1266
      1266      1264
      1265      1264
      1268      1265
      1269      1267
      1267      1268
      1271      1268
      1270      1269
      1467      1270
      1278      1271
      1272      1273
      1272      1294
      1273      1281
      1293      1274
      1274      1275
      1275      1300
      1276      1278
      1299      1276
      1279      1277
      1278      1277
      1279      1289
      1280      1291
      1281      1280
      1282      1281
      1282      1284
      1283      1303
      1283      1306
      1284      1283
      1285      1289
      1305      1285
      1286      1476
      1287      1286
      1288      1287
      1289      1288
      1290      1298
      1291      1290
      1292      1291
      1293      1292
      1294      1293
      1295      1294
      1296      1295
      1471      1296
      1298      1297
      1299      1297
      1298      1307
      1300      1299
      1301      1300
      1302      1301
      1460      1302
      1308      1303
      1303      1306
      1304      1305
      1306      1304
      1307      1305
      1518      1308
      1511      1308
      1508      1309
      1337      1309
      1309      1315
      1521      1309
      1309      1481
      1309      1497
      1486      1310
      1420      1310
      1310      1496
      1341      1310
      1310      1371
      1311      1337
      1508      1311
      1520      1311
      1393      1311
      1311      1348
      1312      1482
      1477      1312
      1447      1312
      1312      1321
      1339      1312
      1313      1468
      1313      1322
      1351      1313
      1537      1313
      1314      1458
      1314      1491
      1323      1314
      1340      1314
      1337      1315
      1315      1481
      1315      1477
      1315      1447
      1356      1315
      1316      1486
      1316      1420
      1419      1316
      1422      1316
      1316      1480
      1359      1316
      1514      1317
      1526      1317
      1452      1317
      1317      1455
      1317      1350
      1317      1375
      1350      1318
      1318      1391
      1522      1318
      1318      1392
      1318      1393
      1506      1318
      1319      1502
      1319      1501
      1372      1319
      1371      1319
      1319      1338
      1515      1320
      1523      1320
      1320      1361
      1320      1452
      1320      1373
      1321      1482
      1339      1321
      1321      1483
      1379      1321
      1321      1359
      1322      1470
      1355      1322
      1322      1390
      1323      1490
      1349      1323
      1377      1323
      1324      1453
      1448      1324
      1360      1324
      1418      1324
      1324      1439
      1325      1422
      1419      1325
      1384      1325
      1325      1415
      1421      1325
      1326      1433
      1450      1326
      1416      1326
      1326      1432
      1446      1326
      1327      1451
      1356      1327
      1378      1327
      1417      1327
      1327      1449
      1328      1405
      1328      1455
      1452      1328
      1361      1328
      1328      1398
      1391      1329
      1329      1456
      1375      1329
      1454      1329
      1329      1457
      1330      1351
      1330      1370
      1373      1330
      1530      1330
      1331      1474
      1331      1427
      1362      1331
      1390      1331
      1332      1465
      1332      1407
      1363      1332
      1427      1332
      1333      1464
      1333      1441
      1364      1333
      1407      1333
      1334      1462
      1334      1424
      1365      1334
      1441      1334
      1335      1466
      1335      1403
      1366      1335
      1424      1335
      1336      1469
      1336      1357
      1385      1336
      1403      1336
      1508      1337
      1348      1337
      1337      1356
      1338      1489
      1358      1338
      1338      1377
      1447      1339
      1339      1379
      1451      1339
      1388      1339
      1340      1461
      1349      1340
      1357      1340
      1341      1371
      1420      1341
      1341      1372
      1395      1341
      1401      1341
      1404      1342
      1342      1435
      1405      1342
      1342      1434
      1454      1342
      1342      1457
      1388      1343
      1450      1343
      1433      1343
      1343      1379
      1343      1419
      1343      1421
      1417      1344
      1448      1344
      1453      1344
      1344      1449
      1344      1450
      1344      1446
      1345      1417
      1345      1448
      1391      1345
      1456      1345
      1345      1378
      1392      1345
      1440      1346
      1346      1409
      1346      1416
      1439      1346
      1346      1446
      1453      1346
      1430      1347
      1347      1413
      1347      1384
      1432      1347
      1347      1421
      1433      1347
      1393      1348
      1348      1356
      1348      1378
      1392      1348
      1376      1349
      1386      1349
      1514      1350
      1350      1375
      1350      1391
      1522      1350
      1351      1355
      1531      1351
      1414      1352
      1415      1352
      1352      1395
      1352      1401
      1352      1394
      1409      1353
      1416      1353
      1353      1430
      1353      1432
      1353      1429
      1354      1440
      1354      1439
      1383      1354
      1418      1354
      1354      1436
      1355      1389
      1370      1355
      1356      1447
      1356      1451
      1378      1356
      1357      1459
      1386      1357
      1372      1358
      1358      1376
      1396      1358
      1419      1359
      1359      1480
      1379      1359
      1359      1483
      1360      1418
      1360      1448
      1456      1360
      1457      1360
      1434      1360
      1452      1361
      1361      1374
      1361      1398
      1362      1426
      1389      1362
      1397      1362
      1363      1406
      1426      1363
      1380      1363
      1364      1442
      1406      1364
      1381      1364
      1365      1423
      1442      1365
      1382      1365
      1366      1402
      1423      1366
      1410      1366
      1367      1397
      1367      1438
      1404      1367
      1400      1367
      1368      1410
      1368      1412
      1413      1368
      1431      1368
      1369      1385
      1369      1387
      1394      1369
      1411      1369
      1374      1370
      1370      1399
      1371      1496
      1372      1371
      1371      1501
      1395      1372
      1373      1374
      1527      1373
      1374      1400
      1455      1375
      1375      1391
      1375      1454
      1376      1377
      1387      1376
      1377      1498
      1378      1417
      1392      1378
      1388      1379
      1379      1419
      1380      1408
      1428      1380
      1437      1380
      1381      1443
      1408      1381
      1445      1381
      1382      1425
      1443      1382
      1429      1382
      1383      1418
      1383      1437
      1435      1383
      1434      1383
      1384      1415
      1421      1384
      1413      1384
      1384      1414
      1385      1386
      1402      1385
      1387      1386
      1396      1387
      1451      1388
      1450      1388
      1449      1388
      1389      1390
      1399      1389
      1390      1472
      1391      1392
      1391      1456
      1393      1392
      1520      1393
      1506      1393
      1394      1396
      1412      1394
      1401      1395
      1395      1396
      1397      1428
      1399      1397
      1398      1405
      1398      1400
      1398      1404
      1400      1399
      1401      1420
      1415      1401
      1422      1401
      1402      1403
      1411      1402
      1403      1467
      1404      1435
      1405      1404
      1455      1405
      1405      1454
      1406      1407
      1408      1406
      1407      1473
      1436      1408
      1440      1409
      1409      1416
      1409      1444
      1410      1411
      1425      1410
      1412      1411
      1414      1412
      1430      1413
      1413      1414
      1414      1415
      1415      1422
      1416      1432
      1446      1416
      1417      1449
      1448      1417
      1418      1439
      1434      1418
      1419      1422
      1421      1419
      1420      1486
      1422      1420
      1433      1421
      1423      1424
      1425      1423
      1424      1463
      1431      1425
      1426      1427
      1428      1426
      1427      1471
      1438      1428
      1429      1431
      1444      1429
      1432      1430
      1430      1431
      1432      1433
      1450      1433
      1435      1434
      1457      1434
      1435      1438
      1436      1445
      1437      1436
      1438      1437
      1439      1453
      1439      1440
      1440      1445
      1441      1460
      1442      1441
      1443      1442
      1444      1443
      1445      1444
      1446      1450
      1453      1446
      1447      1477
      1451      1447
      1448      1453
      1456      1448
      1449      1451
      1449      1450
      1526      1452
      1452      1455
      1523      1452
      1454      1457
      1455      1454
      1457      1456
      1458      1492
      1461      1458
      1469      1459
      1459      1461
      1464      1460
      1460      1462
      1462      1463
      1463      1466
      1473      1464
      1465      1473
      1471      1465
      1466      1467
      1467      1469
      1468      1470
      1532      1468
      1470      1472
      1474      1471
      1472      1474
      1504      1475
      1475      1484
      1478      1476
      1476      1479
      1477      1482
      1481      1477
      1488      1478
      1479      1485
      1480      1486
      1483      1480
      1497      1481
      1482      1483
      1484      1488
      1485      1500
      1486      1496
      1487      1503
      1495      1487
      1489      1498
      1502      1489
      1490      1491
      1498      1490
      1491      1492
      1492      1493
      1493      1494
      1494      1495
      1496      1501
      1512      1497
      1521      1497
      1536      1499
      1499      1504
      1528      1499
      1500      1503
      1501      1502
      1505      1513
      1525      1505
      1522      1506
      1506      1520
      1517      1507
      1507      1528
      1520      1508
      1508      1521
      1510      1509
      1509      1516
      1529      1510
      1511      1517
      1518      1511
      1512      1572
      1521      1512
      1513      1524
      1526      1514
      1514      1522
      1515      1527
      1515      1523
      1516      1518
      1532      1519
      1519      1533
      1523      1526
      1524      1536
      1552      1525
      1527      1530
      1528      1536
      1529      1538
      1530      1531
      1531      1537
      1537      1532
      1533      1534
      1534      1535
      1535      1538
      1566      1539
      1539      1540
      1542      1541
      1541      1565
      1544      1542
      1576      1543
      1543      1546
      1547      1544
      1545      1576
      1557      1545
      1546      1550
      1548      1547
      1549      1548
      1567      1549
      1551      1570
      1561      1551
      1553      1552
      1552      1569
      1562      1553
      1554      1562
      1556      1554
      1555      1558
      1555      1571
      1572      1557
      1563      1558
      1570      1559
      1559      1567
      1560      1575
      1564      1560
      1571      1561
      1566      1563
      1574      1564
      1565      1568
      1568      1573
      1569      1574
      1573      1572
      1540      1586
      1550      1612
      1598      1556
      1575      1613
      1578      1577
      1587      1577
      1579      1578
      1580      1579
      1581      1580
      1582      1581
      1583      1582
      1584      1583
      1585      1584
      1586      1585
      1597      1587
      1603      1588
      1588      1589
      1589      1595
      1591      1590
      1590      1601
      1594      1591
      1593      1592
      1594      1592
      1593      1596
      1602      1595
      1596      1597
      1599      1598
      1599      1603
      1600      1601
      1600      1602
      1604      1605
      1606      1604
      1607      1605
      1610      1606
      1607      1608
      1608      1609
      1611      1609
      1613      1610
      1612      1611
