         1
         6
        11
        17
        22
        26
        30
        36
        42
        48
        54
        60
        65
        70
        74
        78
        83
        88
        93
        97
       101
       105
       109
       113
       117
       121
       125
       129
       135
       140
       145
       149
       155
       160
       165
       171
       177
       184
       188
       194
       200
       204
       209
       213
       218
       224
       230
       234
       238
       242
       246
       250
       254
       258
       262
       266
       270
       274
       278
       282
       286
       290
       294
       301
       307
       313
       319
       323
       327
       333
       339
       343
       347
       351
       357
       361
       365
       369
       373
       377
       383
       389
       395
       401
       405
       409
       415
       420
       424
       428
       432
       436
       440
       447
       451
       455
       459
       463
       467
       471
       475
       479
       486
       492
       498
       502
       506
       510
       514
       518
       522
       526
       530
       534
       538
       542
       546
       551
       555
       559
       563
       567
       571
       575
       579
       583
       589
       596
       602
       608
       613
       620
       625
       629
       635
       639
       643
       647
       651
       655
       659
       663
       667
       671
       675
       679
       683
       687
       691
       696
       701
       706
       710
       714
       718
       722
       726
       730
       734
       738
       742
       746
       750
       756
       761
       766
       772
       778
       782
       788
       793
       799
       805
       810
       815
       821
       827
       833
       839
       845
       851
       857
       863
       868
       873
       878
       883
       888
       894
       899
       905
       910
       915
       920
       925
       930
       935
       940
       945
       950
       955
       960
       965
       971
       977
       983
       989
       995
      1000
      1005
      1010
      1016
      1022
      1028
      1034
      1040
      1046
      1052
      1058
      1064
      1070
      1076
      1082
      1088
      1094
      1100
      1105
      1111
      1117
      1123
      1129
      1135
      1141
      1147
      1153
      1159
      1164
      1170
      1176
      1182
      1188
      1194
      1200
      1207
      1213
      1219
      1225
      1231
      1237
      1243
      1249
      1255
      1261
      1267
      1273
      1279
      1285
      1292
      1297
      1303
      1309
      1315
      1321
      1328
      1334
      1340
      1347
      1354
      1360
      1366
      1372
      1378
      1384
      1390
      1396
      1402
      1408
      1415
      1421
      1427
      1433
      1440
      1446
      1452
      1459
      1464
      1471
      1477
      1483
      1489
      1496
      1502
      1508
      1514
      1520
      1526
      1532
      1539
      1546
      1551
      1557
      1563
      1569
      1575
      1581
      1587
      1593
      1599
      1605
      1611
      1618
      1624
      1631
      1637
      1643
      1649
      1655
      1662
      1668
      1674
      1680
      1686
      1692
      1699
      1706
      1712
      1716
      1720
      1724
      1728
      1732
      1736
      1740
      1744
      1748
      1752
      1756
      1760
      1764
      1769
      1775
      1781
      1786
      1791
      1796
      1801
      1806
      1812
      1818
      1824
      1830
      1835
      1841
      1846
      1852
      1858
      1864
      1870
      1875
      1880
      1886
      1892
      1898
      1903
      1908
      1913
      1917
      1921
      1925
      1929
      1933
      1937
      1941
      1945
      1950
      1956
      1962
      1968
      1974
      1980
      1986
      1993
      1998
      2002
      2008
      2013
      2019
      2025
      2031
      2037
      2043
      2049
      2056
      2062
      2067
      2073
      2080
      2086
      2092
      2098
      2104
      2110
      2116
      2122
      2128
      2134
      2141
      2147
      2153
      2159
      2164
      2170
      2177
      2182
      2187
      2193
      2199
      2205
      2211
      2217
      2221
      2225
      2229
      2233
      2237
      2241
      2245
      2249
      2253
      2257
      2261
      2265
      2269
      2275
      2281
      2287
      2293
      2298
      2303
      2309
      2316
      2321
      2326
      2330
      2337
      2341
      2345
      2349
      2353
      2357
      2361
      2365
      2369
      2375
      2381
      2387
      2393
      2398
      2405
      2410
      2415
      2420
      2424
      2428
      2432
      2436
      2440
      2444
      2448
      2452
      2456
      2460
      2464
      2468
      2473
      2477
      2481
      2485
      2491
      2496
      2500
      2506
      2512
      2518
      2522
      2526
      2530
      2534
      2538
      2542
      2546
      2550
      2554
      2558
      2562
      2566
      2570
      2574
      2578
      2582
      2586
      2590
      2594
      2598
      2602
      2606
      2610
      2614
      2618
      2622
      2628
      2634
      2639
      2645
      2652
      2659
      2665
      2671
      2677
      2683
      2687
      2691
      2696
      2701
      2706
      2711
      2717
      2722
      2727
      2733
      2738
      2743
      2747
      2751
      2755
      2759
      2763
      2767
      2771
      2776
      2781
      2786
      2792
      2798
      2804
      2810
      2816
      2820
      2825
      2830
      2835
      2840
      2846
      2852
      2857
      2863
      2869
      2873
      2877
      2883
      2889
      2894
      2900
      2904
      2908
      2912
      2916
      2920
      2924
      2928
      2932
      2936
      2940
      2944
      2948
      2952
      2956
      2960
      2964
      2968
      2972
      2978
      2984
      2990
      2996
      3002
      3006
      3010
      3014
      3018
      3024
      3030
      3037
      3042
      3046
      3050
      3054
      3058
      3062
      3066
      3070
      3076
      3081
      3085
      3089
      3093
      3097
      3103
      3108
      3113
      3117
      3123
      3130
      3136
      3140
      3144
      3148
      3152
      3156
      3161
      3165
      3169
      3173
      3177
      3181
      3187
      3192
      3196
      3200
      3204
      3208
      3212
      3216
      3221
      3228
      3235
      3241
      3245
      3249
      3253
      3258
      3262
      3266
      3270
      3274
      3278
      3282
      3286
      3290
      3294
      3298
      3302
      3306
      3310
      3314
      3318
      3322
      3326
      3330
      3334
      3340
      3345
      3350
      3355
      3359
      3363
      3367
      3371
      3375
      3379
      3383
      3387
      3391
      3395
      3399
      3403
      3409
      3416
      3422
      3427
      3431
      3437
      3444
      3450
      3457
      3463
      3468
      3474
      3478
      3482
      3488
      3494
      3500
      3507
      3511
      3515
      3519
      3523
      3527
      3532
      3536
      3542
      3548
      3554
      3560
      3566
      3572
      3578
      3582
      3588
      3594
      3600
      3607
      3614
      3621
      3626
      3633
      3640
      3644
      3648
      3652
      3656
      3660
      3664
      3668
      3672
      3678
      3683
      3689
      3696
      3702
      3707
      3713
      3718
      3724
      3730
      3736
      3743
      3749
      3755
      3761
      3767
      3773
      3779
      3785
      3791
      3796
      3802
      3808
      3814
      3820
      3826
      3832
      3838
      3844
      3850
      3856
      3862
      3868
      3874
      3879
      3884
      3890
      3896
      3901
      3906
      3911
      3916
      3921
      3926
      3931
      3936
      3941
      3946
      3952
      3957
      3963
      3969
      3975
      3981
      3987
      3993
      4000
      4005
      4011
      4016
      4022
      4028
      4034
      4040
      4046
      4052
      4058
      4064
      4070
      4076
      4082
      4089
      4095
      4101
      4107
      4113
      4119
      4125
      4131
      4137
      4143
      4149
      4155
      4161
      4167
      4173
      4179
      4184
      4191
      4197
      4203
      4209
      4216
      4222
      4228
      4234
      4240
      4246
      4252
      4259
      4265
      4271
      4277
      4284
      4290
      4296
      4302
      4308
      4314
      4321
      4327
      4333
      4339
      4345
      4351
      4357
      4363
      4369
      4375
      4381
      4387
      4393
      4399
      4405
      4411
      4417
      4423
      4429
      4435
      4441
      4447
      4453
      4460
      4466
      4472
      4478
      4484
      4490
      4496
      4501
      4508
      4515
      4521
      4527
      4534
      4540
      4547
      4553
      4559
      4565
      4571
      4577
      4583
      4589
      4596
      4602
      4609
      4616
      4622
      4627
      4632
      4637
      4643
      4648
      4653
      4658
      4663
      4668
      4673
      4678
      4683
      4688
      4693
      4699
      4705
      4711
      4717
      4724
      4730
      4736
      4740
      4746
      4752
      4758
      4764
      4770
      4776
      4782
      4788
      4794
      4800
      4806
      4811
      4816
      4821
      4826
      4831
      4836
      4841
      4847
      4853
      4858
      4863
      4870
      4876
      4882
      4888
      4894
      4900
      4906
      4912
      4918
      4924
      4931
      4937
      4943
      4948
      4954
      4959
      4965
      4971
      4977
      4983
      4989
      4995
      5001
      5007
      5013
      5019
      5025
      5031
      5037
      5043
      5049
      5055
      5061
      5067
      5073
      5079
      5086
      5092
      5098
      5104
      5111
      5117
      5124
      5131
      5137
      5143
      5149
      5155
      5161
      5168
      5174
      5180
      5187
      5193
      5199
      5205
      5212
      5218
      5224
      5230
      5236
      5242
      5248
      5254
      5260
      5266
      5272
      5279
      5286
      5292
      5298
      5304
      5310
      5317
      5323
      5329
      5335
      5341
      5347
      5353
      5360
      5366
      5372
      5379
      5385
      5391
      5397
      5403
      5409
      5415
      5421
      5428
      5434
      5440
      5447
      5453
      5460
      5466
      5472
      5479
      5485
      5491
      5498
      5504
      5510
      5516
      5522
      5528
      5534
      5540
      5546
      5553
      5559
      5566
      5573
      5579
      5585
      5592
      5598
      5604
      5610
      5616
      5622
      5627
      5632
      5637
      5642
      5647
      5652
      5657
      5663
      5669
      5675
      5681
      5685
      5690
      5696
      5702
      5707
      5712
      5718
      5723
      5728
      5733
      5737
      5741
      5745
      5749
      5753
      5757
      5761
      5766
      5772
      5778
      5784
      5790
      5796
      5802
      5807
      5811
      5817
      5823
      5829
      5834
      5840
      5844
      5848
      5852
      5857
      5862
      5867
      5872
      5876
      5883
      5888
      5893
      5897
      5901
      5905
      5909
      5913
      5917
      5921
      5925
      5929
      5933
      5937
      5941
      5945
      5949
      5953
      5957
      5961
      5965
      5969
      5974
      5979
      5984
      5990
      5997
      6001
      6006
      6013
      6017
      6021
      6026
      6030
      6034
      6040
      6046
      6052
      6057
      6061
      6065
      6069
      6073
      6077
      6081
      6085
      6089
      6093
      6098
      6103
      6109
      6115
      6119
      6123
      6127
      6131
      6135
      6139
      6143
      6147
      6152
      6156
      6160
      6164
      6168
      6172
      6176
      6181
      6185
      6189
      6195
      6201
      6207
      6211
      6215
      6219
      6223
      6227
      6231
      6235
      6240
      6244
      6248
      6254
      6258
      6262
      6266
      6272
      6277
      6281
      6287
      6294
      6299
      6303
      6307
      6311
      6315
      6319
      6323
      6327
      6331
      6335
      6339
      6343
      6347
      6351
      6355
      6359
      6363
      6367
      6371
      6375
      6379
      6383
      6387
      6391
      6396
      6400
      6404
      6408
      6412
      6416
      6420
      6424
      6428
      6432
      6436
      6440
      6444
      6448
      6454
      6461
      6467
      6472
      6477
      6482
      6487
      6492
      6497
      6502
      6508
      6514
      6520
      6526
      6530
      6536
      6541
      6545
      6550
      6556
      6562
      6568
      6574
      6580
      6586
      6592
      6597
      6602
      6607
      6613
      6619
      6624
      6628
      6633
      6638
      6643
      6647
      6651
      6655
      6659
      6663
      6667
      6671
      6677
      6682
      6687
      6693
      6699
      6705
      6710
      6714
      6720
      6726
      6732
      6738
      6744
      6750
      6756
      6762
      6768
      6774
      6780
      6786
      6792
      6798
      6803
      6808
      6814
      6820
      6826
      6830
      6834
      6839
      6846
      6852
      6858
      6862
      6869
      6874
      6880
      6885
      6891
      6898
      6902
      6906
      6910
      6914
      6918
      6922
      6926
      6930
      6934
      6938
      6943
      6949
      6955
      6961
      6968
      6975
      6981
      6987
      6991
      6997
      7001
      7005
      7009
      7013
      7019
      7025
      7032
      7038
      7042
      7046
      7050
      7056
      7062
      7068
      7072
      7078
      7084
      7090
      7096
      7100
      7104
      7110
      7116
      7122
      7128
      7135
      7140
      7146
      7152
      7158
      7164
      7170
      7177
      7183
      7189
      7196
      7202
      7209
      7215
      7221
      7227
      7233
      7237
      7241
      7245
      7249
      7253
      7257
      7261
      7265
      7269
      7273
      7278
      7282
      7286
      7290
      7297
      7302
      7306
      7312
      7318
      7322
      7326
      7330
      7334
      7338
      7342
      7346
      7350
      7354
      7358
      7362
      7366
      7370
      7375
      7380
      7387
      7391
      7395
      7399
      7403
      7407
      7411
      7415
      7419
      7423
      7427
      7431
      7437
      7445
      7449
      7453
      7460
      7464
      7471
      7475
      7480
      7484
      7489
      7493
      7497
      7501
      7507
      7511
      7517
      7523
      7529
      7535
      7540
      7546
      7552
      7558
      7564
      7571
      7578
      7584
      7590
      7596
      7603
      7609
      7615
      7620
      7626
      7631
      7638
      7645
      7650
      7656
      7663
      7669
      7675
      7681
      7688
      7694
      7700
      7706
      7712
      7718
      7724
      7729
      7734
      7740
      7746
      7752
      7757
      7764
      7771
      7777
      7783
      7789
      7796
      7802
      7808
      7814
      7820
      7826
      7832
      7836
      7840
      7844
      7848
      7852
      7856
      7860
      7864
      7868
      7874
      7880
      7886
      7892
      7895
      7899
      7901
      7904
      7907
      7910
      7912
      7916
      7919
      7922
      7925
      7928
      7931
      7934
      7938
      7940
      7943
      7947
      7951
      7954
      7959
      7964
      7968
      7972
      7977
      7980
      7985
      7989
      7994
      7998
      8002
      8006
      8010
      8015
      8019
      8023
      8026
      8030
      8035
      8042
      8046
      8049
      8053
      8056
      8059
      8064
      8067
      8071
      8076
      8079
      8081
      8086
      8092
      8097
      8103
      8107
      8111
      8116
      8120
      8123
      8127
      8132
      8137
      8140
      8143
      8146
      8149
      8152
      8155
      8158
      8163
      8167
      8172
      8175
      8179
      8184
      8188
      8192
      8196
      8199
      8203
      8208
      8211
      8216
      8221
      8225
      8229
      8233
      8236
      8241
      8244
      8246
      8249
      8252
      8256
      8261
      8266
      8269
      8273
      8277
      8281
      8285
      8290
      8292
      8297
      8302
      8306
      8309
      8312
      8317
      8321
      8326
      8331
      8335
      8338
      8341
      8345
      8348
      8353
      8356
      8359
      8364
      8367
      8371
      8375
      8380
      8385
