         2
         3
         4
         5
       379
      1432
      1555
      1913
      1917
         1
         3
         4
         5
       174
      1439
      1558
      1746
      1908
      1917
         1
         2
         4
         5
        44
       127
       319
       379
       380
       381
         1
         2
         3
         5
        62
       174
       175
       176
       177
         1
         2
         3
         4
       128
       175
       289
       380
       382
         7
         8
         9
        10
       103
       279
       315
       316
       317
       318
         6
         8
         9
        10
        68
       315
       452
       458
       459
         6
         7
         9
        10
        13
       103
       104
       105
         6
         7
         8
        10
       458
       573
       967
       971
       984
         6
         7
         8
         9
        14
       104
       570
       966
       971
       972
        12
        13
        14
        15
        54
       278
       443
       444
       445
        11
        13
        14
        15
       105
       278
       279
       280
       281
       282
        11
        12
        14
        15
         8
       103
       104
       105
        11
        12
        13
        15
        10
       104
       570
       966
       971
       972
        11
        12
        13
        14
       444
       569
       805
       972
       976
        17
        18
        19
        20
        21
        50
       106
       254
       255
       256
        16
        18
        19
        20
        21
       106
       107
       108
       109
       110
        16
        17
        19
        20
        21
       107
       497
       596
       974
       986
        16
        17
        18
        20
        21
        48
       254
       257
       258
       259
        16
        17
        18
        19
        21
       257
       479
       973
       982
       983
        16
        17
        18
        19
        20
       480
       597
       896
       973
       974
        23
        24
        25
        26
        27
       119
       161
       260
       276
       421
       426
        22
        24
        25
        26
        27
       112
       260
       261
       262
       263
        22
        23
        25
        26
        27
      4116
      4117
        22
        23
        24
        26
        27
       111
      4071
      4116
        22
        23
        24
        25
        27
       118
       426
      4117
      4138
        22
        23
        24
        25
        26
       111
       112
       113
       114
       115
        29
        30
        31
        32
       179
       215
       236
       349
       430
       431
        28
        30
        31
        32
       110
       237
       356
       430
       432
        28
        29
        31
        32
       109
       432
       496
       799
       985
       986
        28
        29
        30
        32
       178
       552
       801
       970
       985
        28
        29
        30
        31
        65
       178
       179
       180
       181
        34
        35
        36
        37
        38
       312
       470
       979
       980
       981
        33
        35
        36
        37
        38
        73
       264
       312
       313
       314
        33
        34
        36
        37
        38
       979
      4093
      4094
        33
        34
        35
        37
        38
       116
       264
       265
       266
       267
        33
        34
        35
        36
        38
       116
       117
       118
       119
       120
        33
        34
        35
        36
        37
       117
      4094
      4138
        40
        41
        42
       272
      4070
        39
        41
        42
       114
       170
       272
       273
       274
        39
        40
        42
        85
       169
       333
        39
        40
        41
       169
       170
       171
       172
       173
        44
        45
        46
       381
      1433
      1913
        43
        45
        46
         3
       127
       319
       379
       380
       381
        43
        44
        46
       121
       122
       123
        43
        44
        45
       121
       126
       283
       319
       320
        48
        49
        50
        51
        52
       258
      1428
      1589
      1871
      1919
      1920
        47
        49
        50
        51
        52
        19
       254
       257
       258
       259
        47
        48
        50
        51
        52
       255
       268
       269
       270
       271
        47
        48
        49
        51
        52
        16
       106
       254
       255
       256
        47
        48
        49
        50
        52
        77
       268
       306
       307
       308
        47
        48
        49
        50
        51
       306
      1509
      1585
      1915
      1919
        54
        55
        56
        57
        58
       280
       292
       388
       442
       443
        53
        55
        56
        57
        58
        11
       278
       443
       444
       445
        53
        54
        56
        57
        58
       292
       293
       294
       295
       296
        53
        54
        55
        57
        58
        71
       293
       364
       365
       366
        53
        54
        55
        56
        58
       445
       588
       807
       975
       976
        53
        54
        55
        56
        57
       364
       586
       837
       975
       978
        60
        61
        62
        63
        64
        81
       321
       416
       418
       419
        59
        61
        62
        63
        64
       418
      1475
      1570
      1907
      1921
        59
        60
        62
        63
        64
       176
      1442
      1568
      1907
      1908
        59
        60
        61
        63
        64
         4
       174
       175
       176
       177
        59
        60
        61
        62
        64
       288
       321
       322
       323
       324
        59
        60
        61
        62
        63
       177
       288
       289
       290
       291
        66
        67
        68
        69
        70
        32
       178
       179
       180
       181
        65
        67
        68
        69
        70
       180
       548
       929
       969
       970
        65
        66
        68
        69
        70
       459
       576
       931
       969
       984
        65
        66
        67
        69
        70
         7
       315
       452
       458
       459
        65
        66
        67
        68
        70
       317
       348
       405
       452
       453
        65
        66
        67
        68
        69
       181
       212
       348
       349
       350
        72
        73
        74
        75
        76
        56
       293
       364
       365
       366
        71
        73
        74
        75
        76
       365
       542
       836
       977
       978
        71
        72
        74
        75
        76
        34
       264
       312
       313
       314
        71
        72
        73
        75
        76
       313
       471
       541
       680
       977
       980
        71
        72
        73
        74
        76
       295
       328
       338
       366
       367
        71
        72
        73
        74
        75
       266
       314
       327
       337
       338
        78
        79
        80
        81
        82
        51
       268
       306
       307
       308
        77
        79
        80
        81
        82
       210
       271
       307
       334
       335
        77
        78
        80
        81
        82
       308
      1511
      1876
      1914
      1915
        77
        78
        79
        81
        82
       209
       323
       334
       416
       417
        77
        78
        79
        80
        82
        59
       321
       416
       418
       419
        77
        78
        79
        80
        81
       419
      1474
      1875
      1914
      1921
        84
        85
        86
       130
       171
       309
       330
       333
        83
        85
        86
       131
       297
       330
       331
       332
        83
        84
        86
        41
       169
       333
        83
        84
        85
        87
       297
       298
        88
        89
        90
        86
       297
       298
        87
        89
        90
       150
       298
       332
       361
       383
       386
        87
        88
        90
       153
       301
       386
       451
       457
        87
        88
        89
        93
       299
       451
        92
        93
        94
        98
       373
       413
        91
        93
        94
       190
       300
       373
       374
       375
        91
        92
        94
        90
       299
       451
        91
        92
        93
       299
       300
       301
       302
       303
        96
        97
        98
       102
       304
       305
        95
        97
        98
       202
       304
       339
       340
       341
        95
        96
        98
       188
       339
       374
       410
       413
        95
        96
        97
        91
       373
       413
       100
       101
       102
       123
       284
       448
        99
       101
       102
       287
       342
       392
       447
       448
        99
       100
       102
       200
       305
       340
       342
       343
        99
       100
       101
        95
       304
       305
         8
        13
       104
       105
         6
       279
       315
       316
       317
       318
         8
        13
       103
       105
        10
        14
       570
       966
       971
       972
         8
        13
       103
       104
        12
       278
       279
       280
       281
       282
        17
       107
       108
       109
       110
        16
        50
       254
       255
       256
        17
       106
       108
       109
       110
        18
       497
       596
       974
       986
        17
       106
       107
       109
       110
       240
       256
       269
       356
       357
        17
       106
       107
       108
       110
        30
       432
       496
       799
       985
       986
        17
       106
       107
       108
       109
        29
       237
       356
       430
       432
        27
       112
       113
       114
       115
        25
      4071
      4116
        27
       111
       113
       114
       115
        23
       260
       261
       262
       263
        27
       111
       112
       114
       115
       273
      4070
      4071
        27
       111
       112
       113
       115
        40
       170
       272
       273
       274
        27
       111
       112
       113
       114
       173
       261
       274
       275
        37
       117
       118
       119
       120
        36
       264
       265
       266
       267
        37
       116
       118
       119
       120
        38
      4094
      4138
        37
       116
       117
       119
       120
        26
       426
      4117
      4138
        37
       116
       117
       118
       120
        22
       161
       260
       276
       421
       426
        37
       116
       117
       118
       119
       163
       265
       276
       277
        45
       122
       123
        46
       126
       283
       319
       320
        45
       121
       123
       283
       284
       285
       286
       287
        45
       121
       122
        99
       284
       448
       125
       126
       127
       128
       235
       291
       371
       376
       382
       124
       126
       127
       128
       230
       285
       320
       371
       372
       124
       125
       127
       128
        46
       121
       283
       319
       320
       124
       125
       126
       128
         3
        44
       319
       379
       380
       381
       124
       125
       126
       127
         5
       175
       289
       380
       382
       130
       131
       132
       133
       172
       263
       275
       309
       310
       311
       129
       131
       132
       133
        83
       171
       309
       330
       333
       129
       130
       132
       133
        84
       297
       330
       331
       332
       129
       130
       131
       133
       223
       331
       359
       360
       361
       129
       130
       131
       132
       221
       310
       359
       362
       363
       135
       136
       137
       138
       145
       194
       345
       414
       463
       469
       134
       136
       137
       138
       144
       232
       390
       414
       415
       134
       135
       137
       138
       140
       206
       344
       407
       408
       409
       134
       135
       136
       138
       139
       344
       345
       346
       347
       134
       135
       136
       137
       233
       377
       408
       415
       420
       140
       141
       142
       143
       137
       344
       345
       346
       347
       139
       141
       142
       143
       136
       206
       344
       407
       408
       409
       139
       140
       142
       143
       208
       241
       358
       406
       407
       139
       140
       141
       143
       216
       238
       406
       427
       431
       139
       140
       141
       142
       217
       346
       427
       428
       429
       145
       146
       147
       148
       135
       232
       390
       414
       415
       144
       146
       147
       148
       134
       194
       345
       414
       463
       469
       144
       145
       147
       148
       231
       286
       372
       390
       391
       392
       144
       145
       146
       148
       201
       343
       391
       446
       447
       144
       145
       146
       147
       195
       204
       446
       467
       469
       150
       151
       152
       153
       222
       360
       383
       384
       385
       149
       151
       152
       153
        88
       298
       332
       361
       383
       386
       149
       150
       152
       153
       302
       354
       433
       450
       457
       149
       150
       151
       153
       229
       352
       384
       433
       434
       149
       150
       151
       152
        89
       301
       386
       451
       457
       155
       156
       157
       158
       160
       267
       277
       325
       336
       337
       154
       156
       157
       158
       159
       219
       336
       362
       422
       423
       154
       155
       157
       158
       218
       393
       423
       424
       425
       154
       155
       156
       158
       325
       326
       327
       328
       329
       154
       155
       156
       157
       186
       326
       393
       394
       395
       160
       161
       162
       163
       155
       219
       336
       362
       422
       423
       159
       161
       162
       163
       154
       267
       277
       325
       336
       337
       159
       160
       162
       163
        22
       119
       260
       276
       421
       426
       159
       160
       161
       163
       262
       311
       363
       421
       422
       159
       160
       161
       162
       120
       265
       276
       277
       165
       166
       167
       168
       183
       387
       437
       440
       441
       164
       166
       167
       168
       243
       401
       439
       440
       460
       468
       164
       165
       167
       168
       253
       369
       401
       402
       403
       164
       165
       166
       168
       281
       368
       387
       388
       389
       164
       165
       166
       167
       282
       316
       368
       369
       370
        42
       170
       171
       172
       173
        41
        85
       333
        42
       169
       171
       172
       173
        40
       114
       272
       273
       274
        42
       169
       170
       172
       173
        83
       130
       309
       330
       333
        42
       169
       170
       171
       173
       129
       263
       275
       309
       310
       311
        42
       169
       170
       171
       172
       115
       261
       274
       275
         4
        62
       175
       176
       177
         2
      1439
      1558
      1746
      1908
      1917
         4
        62
       174
       176
       177
         5
       128
       289
       380
       382
         4
        62
       174
       175
       177
        61
      1442
      1568
      1907
      1908
         4
        62
       174
       175
       176
        64
       288
       289
       290
       291
        32
        65
       179
       180
       181
        31
       552
       801
       970
       985
        32
        65
       178
       180
       181
        28
       215
       236
       349
       430
       431
        32
        65
       178
       179
       181
        66
       548
       929
       969
       970
        32
        65
       178
       179
       180
        70
       212
       348
       349
       350
       183
       184
       185
       186
       187
       226
       436
       437
       438
       439
       182
       184
       185
       186
       187
       164
       387
       437
       440
       441
       182
       183
       185
       186
       187
       225
       394
       425
       435
       436
       182
       183
       184
       186
       187
       294
       389
       396
       441
       442
       182
       183
       184
       185
       187
       158
       326
       393
       394
       395
       182
       183
       184
       185
       186
       296
       329
       367
       395
       396
       189
       190
       191
       192
       193
        97
       339
       374
       410
       413
       188
       190
       191
       192
       193
       203
       341
       410
       411
       412
       188
       189
       191
       192
       193
        92
       300
       373
       374
       375
       188
       189
       190
       192
       193
       303
       355
       375
       449
       450
       188
       189
       190
       191
       193
       247
       400
       411
       464
       465
       188
       189
       190
       191
       192
       245
       353
       449
       464
       466
       195
       196
       197
       198
       199
       134
       145
       345
       414
       463
       469
       194
       196
       197
       198
       199
       148
       204
       446
       467
       469
       194
       195
       197
       198
       199
       205
       397
       412
       465
       467
       194
       195
       196
       198
       199
       246
       397
       398
       399
       400
       194
       195
       196
       197
       199
       347
       429
       456
       462
       463
       194
       195
       196
       197
       198
       248
       398
       455
       461
       462
       201
       202
       203
       204
       205
       101
       305
       340
       342
       343
       200
       202
       203
       204
       205
       147
       343
       391
       446
       447
       200
       201
       203
       204
       205
        96
       304
       339
       340
       341
       200
       201
       202
       204
       205
       189
       341
       410
       411
       412
       200
       201
       202
       203
       205
       148
       195
       446
       467
       469
       200
       201
       202
       203
       204
       196
       397
       412
       465
       467
       207
       208
       209
       210
       211
       136
       140
       344
       407
       408
       409
       206
       208
       209
       210
       211
       324
       378
       409
       417
       420
       206
       207
       209
       210
       211
       141
       241
       358
       406
       407
       206
       207
       208
       210
       211
        80
       323
       334
       416
       417
       206
       207
       208
       209
       211
        78
       271
       307
       334
       335
       206
       207
       208
       209
       210
       239
       270
       335
       357
       358
       213
       214
       215
       216
       217
        70
       181
       348
       349
       350
       212
       214
       215
       216
       217
       250
       350
       404
       453
       454
       212
       213
       215
       216
       217
       251
       428
       454
       455
       456
       212
       213
       214
       216
       217
        28
       179
       236
       349
       430
       431
       212
       213
       214
       215
       217
       142
       238
       406
       427
       431
       212
       213
       214
       215
       216
       143
       346
       427
       428
       429
       219
       220
       221
       222
       223
       156
       393
       423
       424
       425
       218
       220
       221
       222
       223
       155
       159
       336
       362
       422
       423
       218
       219
       221
       222
       223
       224
       385
       424
       434
       435
       218
       219
       220
       222
       223
       133
       310
       359
       362
       363
       218
       219
       220
       221
       223
       149
       360
       383
       384
       385
       218
       219
       220
       221
       222
       132
       331
       359
       360
       361
       225
       226
       227
       228
       229
       220
       385
       424
       434
       435
       224
       226
       227
       228
       229
       184
       394
       425
       435
       436
       224
       225
       227
       228
       229
       182
       436
       437
       438
       439
       224
       225
       226
       228
       229
       351
       352
       353
       354
       355
       224
       225
       226
       227
       229
       242
       351
       438
       466
       468
       224
       225
       226
       227
       228
       152
       352
       384
       433
       434
       231
       232
       233
       234
       235
       125
       285
       320
       371
       372
       230
       232
       233
       234
       235
       146
       286
       372
       390
       391
       392
       230
       231
       233
       234
       235
       135
       144
       390
       414
       415
       230
       231
       232
       234
       235
       138
       377
       408
       415
       420
       230
       231
       232
       233
       235
       290
       322
       376
       377
       378
       230
       231
       232
       233
       234
       124
       291
       371
       376
       382
       237
       238
       239
       240
       241
        28
       179
       215
       349
       430
       431
       236
       238
       239
       240
       241
        29
       110
       356
       430
       432
       236
       237
       239
       240
       241
       142
       216
       406
       427
       431
       236
       237
       238
       240
       241
       211
       270
       335
       357
       358
       236
       237
       238
       239
       241
       108
       256
       269
       356
       357
       236
       237
       238
       239
       240
       141
       208
       358
       406
       407
       243
       244
       245
       246
       247
       228
       351
       438
       466
       468
       242
       244
       245
       246
       247
       165
       401
       439
       440
       460
       468
       242
       243
       245
       246
       247
       249
       399
       402
       460
       461
       242
       243
       244
       246
       247
       193
       353
       449
       464
       466
       242
       243
       244
       245
       247
       197
       397
       398
       399
       400
       242
       243
       244
       245
       246
       192
       400
       411
       464
       465
       249
       250
       251
       252
       253
       199
       398
       455
       461
       462
       248
       250
       251
       252
       253
       244
       399
       402
       460
       461
       248
       249
       251
       252
       253
       213
       350
       404
       453
       454
       248
       249
       250
       252
       253
       214
       428
       454
       455
       456
       248
       249
       250
       251
       253
       318
       370
       403
       404
       405
       248
       249
       250
       251
       252
       166
       369
       401
       402
       403
        16
        50
       106
       255
       256
        19
        48
       257
       258
       259
        16
        50
       106
       254
       256
        49
       268
       269
       270
       271
        16
        50
       106
       254
       255
       108
       240
       269
       356
       357
        19
        48
       254
       258
       259
        20
       479
       973
       982
       983
        19
        48
       254
       257
       259
        47
      1428
      1589
      1871
      1919
      1920
        19
        48
       254
       257
       258
       982
      1427
      1910
      1920
        23
       112
       261
       262
       263
        22
       119
       161
       276
       421
       426
        23
       112
       260
       262
       263
       115
       173
       274
       275
        23
       112
       260
       261
       263
       162
       311
       363
       421
       422
        23
       112
       260
       261
       262
       129
       172
       275
       309
       310
       311
        36
       116
       265
       266
       267
        34
        73
       312
       313
       314
        36
       116
       264
       266
       267
       120
       163
       276
       277
        36
       116
       264
       265
       267
        76
       314
       327
       337
       338
        36
       116
       264
       265
       266
       154
       160
       277
       325
       336
       337
        49
       255
       269
       270
       271
        51
        77
       306
       307
       308
        49
       255
       268
       270
       271
       108
       240
       256
       356
       357
        49
       255
       268
       269
       271
       211
       239
       335
       357
       358
        49
       255
       268
       269
       270
        78
       210
       307
       334
       335
        40
       114
       170
       273
       274
        39
      4070
        40
       114
       170
       272
       274
       113
      4070
      4071
        40
       114
       170
       272
       273
       115
       173
       261
       275
       115
       173
       261
       274
       129
       172
       263
       309
       310
       311
       120
       163
       265
       277
        22
       119
       161
       260
       421
       426
       120
       163
       265
       276
       154
       160
       267
       325
       336
       337
        12
       105
       279
       280
       281
       282
        11
        54
       443
       444
       445
        12
       105
       278
       280
       281
       282
         6
       103
       315
       316
       317
       318
        12
       105
       278
       279
       281
       282
        53
       292
       388
       442
       443
        12
       105
       278
       279
       280
       282
       167
       368
       387
       388
       389
        12
       105
       278
       279
       280
       281
       168
       316
       368
       369
       370
       122
       284
       285
       286
       287
        46
       121
       126
       319
       320
       122
       283
       285
       286
       287
        99
       123
       448
       122
       283
       284
       286
       287
       125
       230
       320
       371
       372
       122
       283
       284
       285
       287
       146
       231
       372
       390
       391
       392
       122
       283
       284
       285
       286
       100
       342
       392
       447
       448
        64
       177
       289
       290
       291
        63
       321
       322
       323
       324
        64
       177
       288
       290
       291
         5
       128
       175
       380
       382
        64
       177
       288
       289
       291
       234
       322
       376
       377
       378
        64
       177
       288
       289
       290
       124
       235
       371
       376
       382
        55
       293
       294
       295
       296
        53
       280
       388
       442
       443
        55
       292
       294
       295
       296
        56
        71
       364
       365
       366
        55
       292
       293
       295
       296
       185
       389
       396
       441
       442
        55
       292
       293
       294
       296
        75
       328
       338
       366
       367
        55
       292
       293
       294
       295
       187
       329
       367
       395
       396
        86
        87
       298
        84
       131
       330
       331
       332
        86
        87
       297
        88
       150
       332
       361
       383
       386
        94
       300
       301
       302
       303
        90
        93
       451
        94
       299
       301
       302
       303
        92
       190
       373
       374
       375
        94
       299
       300
       302
       303
        89
       153
       386
       451
       457
        94
       299
       300
       301
       303
       151
       354
       433
       450
       457
        94
       299
       300
       301
       302
       191
       355
       375
       449
       450
        95
       102
       305
        96
       202
       339
       340
       341
        95
       102
       304
       101
       200
       340
       342
       343
        51
        77
       268
       307
       308
        52
      1509
      1585
      1915
      1919
        51
        77
       268
       306
       308
        78
       210
       271
       334
       335
        51
        77
       268
       306
       307
        79
      1511
      1876
      1914
      1915
       129
       172
       263
       275
       310
       311
        83
       130
       171
       330
       333
       129
       172
       263
       275
       309
       311
       133
       221
       359
       362
       363
       129
       172
       263
       275
       309
       310
       162
       262
       363
       421
       422
        34
        73
       264
       313
       314
        33
       470
       979
       980
       981
        34
        73
       264
       312
       314
        74
       471
       541
       680
       977
       980
        34
        73
       264
       312
       313
        76
       266
       327
       337
       338
         6
       103
       279
       316
       317
       318
         7
        68
       452
       458
       459
         6
       103
       279
       315
       317
       318
       168
       282
       368
       369
       370
         6
       103
       279
       315
       316
       318
        69
       348
       405
       452
       453
         6
       103
       279
       315
       316
       317
       252
       370
       403
       404
       405
        46
       121
       126
       283
       320
         3
        44
       127
       379
       380
       381
        46
       121
       126
       283
       319
       125
       230
       285
       371
       372
        63
       288
       322
       323
       324
        59
        81
       416
       418
       419
        63
       288
       321
       323
       324
       234
       290
       376
       377
       378
        63
       288
       321
       322
       324
        80
       209
       334
       416
       417
        63
       288
       321
       322
       323
       207
       378
       409
       417
       420
       157
       326
       327
       328
       329
       154
       160
       267
       277
       336
       337
       157
       325
       327
       328
       329
       158
       186
       393
       394
       395
       157
       325
       326
       328
       329
        76
       266
       314
       337
       338
       157
       325
       326
       327
       329
        75
       295
       338
       366
       367
       157
       325
       326
       327
       328
       187
       296
       367
       395
       396
        84
       131
       297
       331
       332
        83
       130
       171
       309
       333
        84
       131
       297
       330
       332
       132
       223
       359
       360
       361
        84
       131
       297
       330
       331
        88
       150
       298
       361
       383
       386
        41
        85
       169
        83
       130
       171
       309
       330
        78
       210
       271
       307
       335
        80
       209
       323
       416
       417
        78
       210
       271
       307
       334
       211
       239
       270
       357
       358
       154
       160
       267
       277
       325
       337
       155
       159
       219
       362
       422
       423
       154
       160
       267
       277
       325
       336
        76
       266
       314
       327
       338
        76
       266
       314
       327
       337
        75
       295
       328
       366
       367
        96
       202
       304
       340
       341
        97
       188
       374
       410
       413
        96
       202
       304
       339
       341
       101
       200
       305
       342
       343
        96
       202
       304
       339
       340
       189
       203
       410
       411
       412
       101
       200
       305
       340
       343
       100
       287
       392
       447
       448
       101
       200
       305
       340
       342
       147
       201
       391
       446
       447
       137
       139
       345
       346
       347
       136
       140
       206
       407
       408
       409
       137
       139
       344
       346
       347
       134
       145
       194
       414
       463
       469
       137
       139
       344
       345
       347
       143
       217
       427
       428
       429
       137
       139
       344
       345
       346
       198
       429
       456
       462
       463
        70
       181
       212
       349
       350
        69
       317
       405
       452
       453
        70
       181
       212
       348
       350
        28
       179
       215
       236
       430
       431
        70
       181
       212
       348
       349
       213
       250
       404
       453
       454
       227
       352
       353
       354
       355
       228
       242
       438
       466
       468
       227
       351
       353
       354
       355
       152
       229
       384
       433
       434
       227
       351
       352
       354
       355
       193
       245
       449
       464
       466
       227
       351
       352
       353
       355
       151
       302
       433
       450
       457
       227
       351
       352
       353
       354
       191
       303
       375
       449
       450
       108
       240
       256
       269
       357
        29
       110
       237
       430
       432
       108
       240
       256
       269
       356
       211
       239
       270
       335
       358
       211
       239
       270
       335
       357
       141
       208
       241
       406
       407
       132
       223
       331
       360
       361
       133
       221
       310
       362
       363
       132
       223
       331
       359
       361
       149
       222
       383
       384
       385
       132
       223
       331
       359
       360
        88
       150
       298
       332
       383
       386
       133
       221
       310
       359
       363
       155
       159
       219
       336
       422
       423
       133
       221
       310
       359
       362
       162
       262
       311
       421
       422
        56
        71
       293
       365
       366
        58
       586
       837
       975
       978
        56
        71
       293
       364
       366
        72
       542
       836
       977
       978
        56
        71
       293
       364
       365
        75
       295
       328
       338
       367
        75
       295
       328
       338
       366
       187
       296
       329
       395
       396
       168
       282
       316
       369
       370
       167
       281
       387
       388
       389
       168
       282
       316
       368
       370
       166
       253
       401
       402
       403
       168
       282
       316
       368
       369
       252
       318
       403
       404
       405
       125
       230
       285
       320
       372
       124
       235
       291
       376
       382
       125
       230
       285
       320
       371
       146
       231
       286
       390
       391
       392
        92
       190
       300
       374
       375
        91
        98
       413
        92
       190
       300
       373
       375
        97
       188
       339
       410
       413
        92
       190
       300
       373
       374
       191
       303
       355
       449
       450
       234
       290
       322
       377
       378
       124
       235
       291
       371
       382
       234
       290
       322
       376
       378
       138
       233
       408
       415
       420
       234
       290
       322
       376
       377
       207
       324
       409
       417
       420
         3
        44
       127
       319
       380
       381
         1
      1432
      1555
      1913
      1917
         3
        44
       127
       319
       379
       381
         5
       128
       175
       289
       382
         3
        44
       127
       319
       379
       380
        43
      1433
      1913
       124
       235
       291
       371
       376
         5
       128
       175
       289
       380
       149
       222
       360
       384
       385
        88
       150
       298
       332
       361
       386
       149
       222
       360
       383
       385
       152
       229
       352
       433
       434
       149
       222
       360
       383
       384
       220
       224
       424
       434
       435
        88
       150
       298
       332
       361
       383
        89
       153
       301
       451
       457
       167
       281
       368
       388
       389
       164
       183
       437
       440
       441
       167
       281
       368
       387
       389
        53
       280
       292
       442
       443
       167
       281
       368
       387
       388
       185
       294
       396
       441
       442
       146
       231
       286
       372
       391
       392
       135
       144
       232
       414
       415
       146
       231
       286
       372
       390
       392
       147
       201
       343
       446
       447
       146
       231
       286
       372
       390
       391
       100
       287
       342
       447
       448
       158
       186
       326
       394
       395
       156
       218
       423
       424
       425
       158
       186
       326
       393
       395
       184
       225
       425
       435
       436
       158
       186
       326
       393
       394
       187
       296
       329
       367
       396
       187
       296
       329
       367
       395
       185
       294
       389
       441
       442
       197
       246
       398
       399
       400
       196
       205
       412
       465
       467
       197
       246
       397
       399
       400
       199
       248
       455
       461
       462
       197
       246
       397
       398
       400
       244
       249
       402
       460
       461
       197
       246
       397
       398
       399
       192
       247
       411
       464
       465
       166
       253
       369
       402
       403
       165
       243
       439
       440
       460
       468
       166
       253
       369
       401
       403
       244
       249
       399
       460
       461
       166
       253
       369
       401
       402
       252
       318
       370
       404
       405
       252
       318
       370
       403
       405
       213
       250
       350
       453
       454
       252
       318
       370
       403
       404
        69
       317
       348
       452
       453
       141
       208
       241
       358
       407
       142
       216
       238
       427
       431
       141
       208
       241
       358
       406
       136
       140
       206
       344
       408
       409
       136
       140
       206
       344
       407
       409
       138
       233
       377
       415
       420
       136
       140
       206
       344
       407
       408
       207
       324
       378
       417
       420
       189
       203
       341
       411
       412
        97
       188
       339
       374
       413
       189
       203
       341
       410
       412
       192
       247
       400
       464
       465
       189
       203
       341
       410
       411
       196
       205
       397
       465
       467
        91
        98
       373
        97
       188
       339
       374
       410
       135
       144
       232
       390
       415
       134
       145
       194
       345
       463
       469
       135
       144
       232
       390
       414
       138
       233
       377
       408
       420
        80
       209
       323
       334
       417
        59
        81
       321
       418
       419
        80
       209
       323
       334
       416
       207
       324
       378
       409
       420
        59
        81
       321
       416
       419
        60
      1475
      1570
      1907
      1921
        59
        81
       321
       416
       418
        82
      1474
      1875
      1914
      1921
       207
       324
       378
       409
       417
       138
       233
       377
       408
       415
       162
       262
       311
       363
       422
        22
       119
       161
       260
       276
       426
       162
       262
       311
       363
       421
       155
       159
       219
       336
       362
       423
       156
       218
       393
       424
       425
       155
       159
       219
       336
       362
       422
       156
       218
       393
       423
       425
       220
       224
       385
       434
       435
       156
       218
       393
       423
       424
       184
       225
       394
       435
       436
        22
       119
       161
       260
       276
       421
        26
       118
      4117
      4138
       143
       217
       346
       428
       429
       142
       216
       238
       406
       431
       143
       217
       346
       427
       429
       214
       251
       454
       455
       456
       143
       217
       346
       427
       428
       198
       347
       456
       462
       463
        28
       179
       215
       236
       349
       431
        29
       110
       237
       356
       432
        28
       179
       215
       236
       349
       430
       142
       216
       238
       406
       427
        29
       110
       237
       356
       430
        30
       109
       496
       799
       985
       986
       152
       229
       352
       384
       434
       151
       302
       354
       450
       457
       152
       229
       352
       384
       433
       220
       224
       385
       424
       435
       220
       224
       385
       424
       434
       184
       225
       394
       425
       436
       184
       225
       394
       425
       435
       182
       226
       437
       438
       439
       182
       226
       436
       438
       439
       164
       183
       387
       440
       441
       182
       226
       436
       437
       439
       228
       242
       351
       466
       468
       182
       226
       436
       437
       438
       165
       243
       401
       440
       460
       468
       164
       183
       387
       437
       441
       165
       243
       401
       439
       460
       468
       164
       183
       387
       437
       440
       185
       294
       389
       396
       442
       185
       294
       389
       396
       441
        53
       280
       292
       388
       443
        53
       280
       292
       388
       442
        11
        54
       278
       444
       445
        11
        54
       278
       443
       445
        15
       569
       805
       972
       976
        11
        54
       278
       443
       444
        57
       588
       807
       975
       976
       147
       201
       343
       391
       447
       148
       195
       204
       467
       469
       147
       201
       343
       391
       446
       100
       287
       342
       392
       448
        99
       123
       284
       100
       287
       342
       392
       447
       191
       303
       355
       375
       450
       193
       245
       353
       464
       466
       191
       303
       355
       375
       449
       151
       302
       354
       433
       457
        90
        93
       299
        89
       153
       301
       386
       457
        69
       317
       348
       405
       453
         7
        68
       315
       458
       459
        69
       317
       348
       405
       452
       213
       250
       350
       404
       454
       213
       250
       350
       404
       453
       214
       251
       428
       455
       456
       214
       251
       428
       454
       456
       199
       248
       398
       461
       462
       214
       251
       428
       454
       455
       198
       347
       429
       462
       463
       151
       302
       354
       433
       450
        89
       153
       301
       386
       451
         7
        68
       315
       452
       459
         9
       573
       967
       971
       984
         7
        68
       315
       452
       458
        67
       576
       931
       969
       984
       244
       249
       399
       402
       461
       165
       243
       401
       439
       440
       468
       244
       249
       399
       402
       460
       199
       248
       398
       455
       462
       199
       248
       398
       455
       461
       198
       347
       429
       456
       463
       198
       347
       429
       456
       462
       134
       145
       194
       345
       414
       469
       192
       247
       400
       411
       465
       193
       245
       353
       449
       466
       192
       247
       400
       411
       464
       196
       205
       397
       412
       467
       193
       245
       353
       449
       464
       228
       242
       351
       438
       468
       196
       205
       397
       412
       465
       148
       195
       204
       446
       469
       228
       242
       351
       438
       466
       165
       243
       401
       439
       440
       460
       134
       145
       194
       345
       414
       463
       148
       195
       204
       446
       467
       471
       472
       473
       474
       475
        33
       312
       979
       980
       981
       470
       472
       473
       474
       475
        74
       313
       541
       680
       977
       980
       470
       471
       473
       474
       475
       981
      4092
      4093
       470
       471
       472
       474
       475
       523
      4092
      4133
       470
       471
       472
       473
       475
       524
       546
       680
       681
       470
       471
       472
       473
       474
       523
       524
       525
       526
       527
       477
       478
       479
       480
       481
       528
       529
       530
       531
       532
       476
       478
       479
       480
       481
       528
      1435
      1757
      1909
      1916
       476
       477
       479
       480
       481
       983
      1426
      1436
      1528
      1909
      1910
       476
       477
       478
       480
       481
        20
       257
       973
       982
       983
       476
       477
       478
       479
       481
        21
       597
       896
       973
       974
       476
       477
       478
       479
       480
       529
       598
       683
       896
       897
       483
       484
       485
       486
       487
       578
       670
       960
      4135
      4136
       482
       484
       485
       486
       487
       534
       670
       671
       672
       673
       482
       483
       485
       486
       487
       533
      4038
      4076
      4078
       482
       483
       484
       486
       487
       492
       533
       534
       535
       536
       482
       483
       484
       485
       487
      4077
      4136
       482
       483
       484
       485
       486
      4076
      4077
       489
       490
       491
       492
       843
      2571
      2677
      4037
      4055
       488
       490
       491
       492
       536
      2498
      2674
      4037
      4038
      4039
       488
       489
       491
       492
       557
       822
       843
       844
       845
       488
       489
       490
       492
       535
       671
       735
       822
       823
       824
       488
       489
       490
       491
       485
       533
       534
       535
       536
       494
       495
       496
       497
       595
       596
       597
       598
       599
       493
       495
       496
       497
       595
       696
       697
       698
       699
       493
       494
       496
       497
       549
       696
       799
       800
       801
       493
       494
       495
       497
        30
       109
       432
       799
       985
       986
       493
       494
       495
       496
        18
       107
       596
       974
       986
       499
       500
       501
       502
       503
       601
      4090
      4096
       498
       500
       501
       502
       503
      4096
      4097
       498
       499
       501
       502
       503
       600
       625
       817
       818
       819
       498
       499
       500
       502
       503
       600
       601
       602
       603
       604
       498
       499
       500
       501
       503
       510
       877
      4097
      4115
       498
       499
       500
       501
       502
       513
       817
       873
       877
       505
       506
       507
       508
       509
       616
       883
       885
       886
       887
       504
       506
       507
       508
       509
       605
       615
       777
       847
       883
       884
       504
       505
       507
       508
       509
       605
       606
       607
       608
       609
       504
       505
       506
       508
       509
       885
      2508
      2807
      4043
      4046
       504
       505
       506
       507
       509
      1450
      1918
      2606
      2808
      4040
      4043
       504
       505
       506
       507
       508
       606
      1449
      1581
      1911
      1918
       511
       512
       513
       514
       515
       516
       502
       877
      4097
      4115
       510
       512
       513
       514
       515
       516
      4115
      4139
       510
       511
       513
       514
       515
       516
       626
       693
       819
       860
       873
       874
       510
       511
       512
       514
       515
       516
       503
       817
       873
       877
       510
       511
       512
       513
       515
       516
      4075
      4139
       510
       511
       512
       513
       514
       516
       692
      4074
      4075
       510
       511
       512
       513
       514
       515
       590
       692
       693
       694
       695
       518
       519
       520
       521
       522
      2611
      2680
      2925
      4051
      4053
       517
       519
       520
       521
       522
       689
       924
      2504
      2609
      4053
      4057
       517
       518
       520
       521
       522
       610
      2575
      2678
      4051
      4052
       517
       518
       519
       521
       522
       639
       690
       802
       922
       924
       517
       518
       519
       520
       522
       611
       636
       701
       802
       803
       517
       518
       519
       520
       521
       610
       611
       612
       613
       614
       475
       524
       525
       526
       527
       473
      4092
      4133
       475
       523
       525
       526
       527
       474
       546
       680
       681
       475
       523
       524
       526
       527
       563
       782
       812
       813
       814
       475
       523
       524
       525
       527
       812
      4127
      4133
       475
       523
       524
       525
       526
       545
       681
       782
       783
       784
       476
       529
       530
       531
       532
       477
      1435
      1757
      1909
      1916
       476
       528
       530
       531
       532
       481
       598
       683
       896
       897
       476
       528
       529
       531
       532
       792
      1493
      1759
      1912
      1916
       476
       528
       529
       530
       532
       609
       682
       792
       793
       794
       476
       528
       529
       530
       531
       682
       683
       684
       685
       686
       485
       492
       534
       535
       536
       484
      4038
      4076
      4078
       485
       492
       533
       535
       536
       483
       670
       671
       672
       673
       485
       492
       533
       534
       536
       491
       671
       735
       822
       823
       824
       485
       492
       533
       534
       535
       489
      2498
      2674
      4037
      4038
      4039
       538
       539
       540
       559
       674
       785
       786
       787
       537
       539
       540
       560
       711
       785
       815
       830
       831
       537
       538
       540
       674
       675
       676
       677
       678
       679
       537
       538
       539
       675
       710
       830
       832
       833
       542
       543
       544
       545
       546
        74
       313
       471
       680
       977
       980
       541
       543
       544
       545
       546
        72
       365
       836
       977
       978
       541
       542
       544
       545
       546
       585
       788
       836
       837
       838
       541
       542
       543
       545
       546
       783
       788
       789
       790
       791
       541
       542
       543
       544
       546
       527
       681
       782
       783
       784
       541
       542
       543
       544
       545
       474
       524
       680
       681
       548
       549
       550
       551
       552
       574
       631
       863
       929
       930
       931
       547
       549
       550
       551
       552
        66
       180
       929
       969
       970
       547
       548
       550
       551
       552
       495
       696
       799
       800
       801
       547
       548
       549
       551
       552
       698
       706
       800
       849
       850
       547
       548
       549
       550
       552
       632
       705
       849
       928
       930
       547
       548
       549
       550
       551
        31
       178
       801
       970
       985
       554
       555
       556
       557
       558
       687
       688
       689
       690
       691
       553
       555
       556
       557
       558
       687
      2503
      2870
      4054
      4057
       553
       554
       556
       557
       558
       688
       795
       796
       797
       798
       553
       554
       555
       557
       558
       734
       795
       824
       844
       846
       553
       554
       555
       556
       558
       490
       822
       843
       844
       845
       553
       554
       555
       556
       557
       845
      2573
      2872
      4054
      4055
       560
       561
       562
       563
       564
       537
       674
       785
       786
       787
       559
       561
       562
       563
       564
       538
       711
       785
       815
       830
       831
       559
       560
       562
       563
       564
       786
      4126
      4128
       559
       560
       561
       563
       564
       814
      4126
      4127
       559
       560
       561
       562
       564
       525
       782
       812
       813
       814
       559
       560
       561
       562
       563
       784
       789
       813
       815
       816
       566
       567
       568
       569
       570
       572
       650
       908
       964
       966
       967
       565
       567
       568
       569
       570
       652
       882
       888
       908
       909
       565
       566
       568
       569
       570
       587
       804
       805
       806
       807
       565
       566
       567
       569
       570
       621
       804
       880
       888
       889
       565
       566
       567
       568
       570
        15
       444
       805
       972
       976
       565
       566
       567
       568
       569
        10
        14
       104
       966
       971
       972
       572
       573
       574
       575
       576
       651
       741
       864
       964
       965
       571
       573
       574
       575
       576
       565
       650
       908
       964
       966
       967
       571
       572
       574
       575
       576
         9
       458
       967
       971
       984
       571
       572
       573
       575
       576
       547
       631
       863
       929
       930
       931
       571
       572
       573
       574
       576
       630
       740
       863
       864
       865
       571
       572
       573
       574
       575
        67
       459
       931
       969
       984
       578
       579
       580
       581
       582
       672
       728
       910
       960
       961
       577
       579
       580
       581
       582
       482
       670
       960
      4135
      4136
       577
       578
       580
       581
       582
       659
       729
       841
       910
       911
       577
       578
       579
       581
       582
       603
       808
       809
       810
       811
       577
       578
       579
       580
       582
       658
       808
       821
       841
       842
       577
       578
       579
       580
       581
       809
      4091
      4135
       584
       585
       586
       587
       588
       790
       835
       838
       839
       840
       583
       585
       586
       587
       588
       620
       806
       825
       839
       889
       890
       583
       584
       586
       587
       588
       543
       788
       836
       837
       838
       583
       584
       585
       587
       588
        58
       364
       837
       975
       978
       583
       584
       585
       586
       588
       567
       804
       805
       806
       807
       583
       584
       585
       586
       587
        57
       445
       807
       975
       976
       590
       591
       592
       593
       594
       694
      4072
      4074
       589
       591
       592
       593
       594
       516
       692
       693
       694
       695
       589
       590
       592
       593
       594
       748
       859
       899
       947
       948
       589
       590
       591
       593
       594
       695
       716
       859
       860
       861
       862
       589
       590
       591
       592
       594
       678
       832
       900
       947
       949
       589
       590
       591
       592
       593
       679
       949
      4072
      4073
       493
       596
       597
       598
       599
       494
       696
       697
       698
       699
       493
       595
       597
       598
       599
        18
       107
       497
       974
       986
       493
       595
       596
       598
       599
        21
       480
       896
       973
       974
       493
       595
       596
       597
       599
       481
       529
       683
       896
       897
       493
       595
       596
       597
       598
       686
       697
       870
       895
       897
       501
       601
       602
       603
       604
       500
       625
       817
       818
       819
       501
       600
       602
       603
       604
       498
      4090
      4096
       501
       600
       601
       603
       604
       810
      4090
      4091
       501
       600
       601
       602
       604
       580
       808
       809
       810
       811
       501
       600
       601
       602
       603
       628
       811
       818
       820
       821
       506
       606
       607
       608
       609
       505
       615
       777
       847
       883
       884
       506
       605
       607
       608
       609
       509
      1449
      1581
      1911
      1918
       506
       605
       606
       608
       609
       684
       780
       793
       847
       848
       506
       605
       606
       607
       609
       794
      1495
      1583
      1911
      1912
       506
       605
       606
       607
       608
       531
       682
       792
       793
       794
       522
       611
       612
       613
       614
       519
      2575
      2678
      4051
      4052
       522
       610
       612
       613
       614
       521
       636
       701
       802
       803
       522
       610
       611
       613
       614
       618
       700
       886
       941
       942
       943
       522
       610
       611
       612
       614
       941
      2576
      2859
      4052
      4058
       522
       610
       611
       612
       613
       700
       701
       702
       703
       616
       617
       618
       619
       505
       605
       777
       847
       883
       884
       615
       617
       618
       619
       504
       883
       885
       886
       887
       615
       616
       618
       619
       727
       776
       884
       904
       905
       615
       616
       617
       619
       612
       700
       886
       941
       942
       943
       615
       616
       617
       618
       703
       725
       904
       937
       942
       621
       622
       623
       624
       584
       806
       825
       839
       889
       890
       620
       622
       623
       624
       568
       804
       880
       888
       889
       620
       621
       623
       624
       825
       826
       827
       828
       829
       620
       621
       622
       624
       664
       826
       856
       857
       858
       620
       621
       622
       623
       661
       856
       880
       881
       882
       626
       627
       628
       629
       500
       600
       817
       818
       819
       625
       627
       628
       629
       512
       693
       819
       860
       873
       874
       625
       626
       628
       629
       655
       719
       820
       842
       875
       876
       625
       626
       627
       629
       604
       811
       818
       820
       821
       625
       626
       627
       628
       717
       861
       874
       875
       631
       632
       633
       634
       575
       740
       863
       864
       865
       630
       632
       633
       634
       547
       574
       863
       929
       930
       931
       630
       631
       633
       634
       551
       705
       849
       928
       930
       630
       631
       632
       634
       743
       775
       865
       926
       927
       630
       631
       632
       633
       704
       774
       921
       926
       928
       636
       637
       638
       639
       702
       724
       803
       852
       937
       938
       635
       637
       638
       639
       521
       611
       701
       802
       803
       635
       636
       638
       639
       691
       796
       851
       922
       923
       635
       636
       637
       639
       851
       852
       853
       854
       855
       635
       636
       637
       638
       520
       690
       802
       922
       924
       641
       642
       643
       644
       667
       764
       912
       916
       950
       955
       640
       642
       643
       644
       668
       737
       879
       912
       913
       640
       641
       643
       644
       649
       731
       933
       962
       963
       640
       641
       642
       644
       648
       867
       917
       955
       959
       962
       640
       641
       642
       643
       733
       739
       913
       963
       968
       646
       647
       648
       649
       656
       720
       866
       876
       932
       935
       645
       647
       648
       649
       752
       866
       867
       868
       869
       645
       646
       648
       649
       657
       730
       911
       932
       933
       645
       646
       647
       649
       643
       867
       917
       955
       959
       962
       645
       646
       647
       648
       642
       731
       933
       962
       963
       651
       652
       653
       654
       565
       572
       908
       964
       966
       967
       650
       652
       653
       654
       571
       741
       864
       964
       965
       650
       651
       653
       654
       566
       882
       888
       908
       909
       650
       651
       652
       654
       742
       763
       954
       956
       965
       650
       651
       652
       653
       660
       762
       881
       909
       956
       957
       656
       657
       658
       659
       627
       719
       820
       842
       875
       876
       655
       657
       658
       659
       645
       720
       866
       876
       932
       935
       655
       656
       658
       659
       647
       730
       911
       932
       933
       655
       656
       657
       659
       581
       808
       821
       841
       842
       655
       656
       657
       658
       579
       729
       841
       910
       911
       661
       662
       663
       664
       654
       762
       881
       909
       956
       957
       660
       662
       663
       664
       624
       856
       880
       881
       882
       660
       661
       663
       664
       756
       761
       946
       957
       958
       660
       661
       662
       664
       757
       857
       903
       945
       946
       660
       661
       662
       663
       623
       826
       856
       857
       858
       666
       667
       668
       669
       765
       854
       925
       939
       950
       951
       665
       667
       668
       669
       798
       853
       878
       923
       925
       665
       666
       668
       669
       640
       764
       912
       916
       950
       955
       665
       666
       667
       669
       641
       737
       879
       912
       913
       665
       666
       667
       668
       736
       797
       846
       878
       879
       483
       534
       671
       672
       673
       482
       578
       960
      4135
      4136
       483
       534
       670
       672
       673
       491
       535
       735
       822
       823
       824
       483
       534
       670
       671
       673
       577
       728
       910
       960
       961
       483
       534
       670
       671
       672
       732
       738
       823
       961
       968
       539
       675
       676
       677
       678
       679
       537
       559
       785
       786
       787
       539
       674
       676
       677
       678
       679
       540
       710
       830
       832
       833
       539
       674
       675
       677
       678
       679
       787
      4095
      4128
       539
       674
       675
       676
       678
       679
      4073
      4095
       539
       674
       675
       676
       677
       679
       593
       832
       900
       947
       949
       539
       674
       675
       676
       677
       678
       594
       949
      4072
      4073
       474
       524
       546
       681
        74
       313
       471
       541
       977
       980
       474
       524
       546
       680
       527
       545
       782
       783
       784
       532
       683
       684
       685
       686
       531
       609
       792
       793
       794
       532
       682
       684
       685
       686
       481
       529
       598
       896
       897
       532
       682
       683
       685
       686
       607
       780
       793
       847
       848
       532
       682
       683
       684
       686
       781
       848
       870
       871
       872
       532
       682
       683
       684
       685
       599
       697
       870
       895
       897
       553
       688
       689
       690
       691
       554
      2503
      2870
      4054
      4057
       553
       687
       689
       690
       691
       555
       795
       796
       797
       798
       553
       687
       688
       690
       691
       518
       924
      2504
      2609
      4053
      4057
       553
       687
       688
       689
       691
       520
       639
       802
       922
       924
       553
       687
       688
       689
       690
       637
       796
       851
       922
       923
       516
       590
       693
       694
       695
       515
      4074
      4075
       516
       590
       692
       694
       695
       512
       626
       819
       860
       873
       874
       516
       590
       692
       693
       695
       589
      4072
      4074
       516
       590
       692
       693
       694
       592
       716
       859
       860
       861
       862
       494
       595
       697
       698
       699
       495
       549
       799
       800
       801
       494
       595
       696
       698
       699
       599
       686
       870
       895
       897
       494
       595
       696
       697
       699
       550
       706
       800
       849
       850
       494
       595
       696
       697
       698
       707
       850
       872
       892
       895
       614
       701
       702
       703
       612
       618
       886
       941
       942
       943
       614
       700
       702
       703
       521
       611
       636
       802
       803
       614
       700
       701
       703
       635
       724
       803
       852
       937
       938
       614
       700
       701
       702
       619
       725
       904
       937
       942
       705
       706
       707
       708
       709
       634
       774
       921
       926
       928
       704
       706
       707
       708
       709
       551
       632
       849
       928
       930
       704
       705
       707
       708
       709
       550
       698
       800
       849
       850
       704
       705
       706
       708
       709
       699
       850
       872
       892
       895
       704
       705
       706
       707
       709
       779
       871
       892
       893
       894
       704
       705
       706
       707
       708
       772
       893
       907
       920
       921
       711
       712
       713
       714
       715
       540
       675
       830
       832
       833
       710
       712
       713
       714
       715
       538
       560
       785
       815
       830
       831
       710
       711
       713
       714
       715
       791
       816
       831
       834
       835
       710
       711
       712
       714
       715
       827
       834
       840
       890
       891
       710
       711
       712
       713
       715
       751
       828
       891
       898
       902
       710
       711
       712
       713
       714
       749
       833
       898
       899
       900
       717
       718
       719
       720
       721
       592
       695
       859
       860
       861
       862
       716
       718
       719
       720
       721
       629
       861
       874
       875
       716
       717
       719
       720
       721
       747
       862
       934
       944
       948
       716
       717
       718
       720
       721
       627
       655
       820
       842
       875
       876
       716
       717
       718
       719
       721
       645
       656
       866
       876
       932
       935
       716
       717
       718
       719
       720
       753
       868
       934
       935
       936
       723
       724
       725
       726
       727
       855
       918
       938
       939
       940
       722
       724
       725
       726
       727
       770
       906
       918
       919
       920
       722
       723
       725
       726
       727
       635
       702
       803
       852
       937
       938
       722
       723
       724
       726
       727
       619
       703
       904
       937
       942
       722
       723
       724
       725
       727
       778
       894
       905
       906
       907
       722
       723
       724
       725
       726
       617
       776
       884
       904
       905
       729
       730
       731
       732
       733
       577
       672
       910
       960
       961
       728
       730
       731
       732
       733
       579
       659
       841
       910
       911
       728
       729
       731
       732
       733
       647
       657
       911
       932
       933
       728
       729
       730
       732
       733
       642
       649
       933
       962
       963
       728
       729
       730
       731
       733
       673
       738
       823
       961
       968
       728
       729
       730
       731
       732
       644
       739
       913
       963
       968
       735
       736
       737
       738
       739
       556
       795
       824
       844
       846
       734
       736
       737
       738
       739
       491
       535
       671
       822
       823
       824
       734
       735
       737
       738
       739
       669
       797
       846
       878
       879
       734
       735
       736
       738
       739
       641
       668
       879
       912
       913
       734
       735
       736
       737
       739
       673
       732
       823
       961
       968
       734
       735
       736
       737
       738
       644
       733
       913
       963
       968
       741
       742
       743
       744
       745
       575
       630
       863
       864
       865
       740
       742
       743
       744
       745
       571
       651
       864
       964
       965
       740
       741
       743
       744
       745
       653
       763
       954
       956
       965
       740
       741
       742
       744
       745
       633
       775
       865
       926
       927
       740
       741
       742
       743
       745
       768
       773
       927
       952
       953
       740
       741
       742
       743
       744
       760
       769
       915
       953
       954
       747
       748
       749
       750
       751
       754
       901
       936
       944
       945
       746
       748
       749
       750
       751
       718
       862
       934
       944
       948
       746
       747
       749
       750
       751
       591
       859
       899
       947
       948
       746
       747
       748
       750
       751
       715
       833
       898
       899
       900
       746
       747
       748
       749
       751
       829
       858
       901
       902
       903
       746
       747
       748
       749
       750
       714
       828
       891
       898
       902
       753
       754
       755
       756
       757
       646
       866
       867
       868
       869
       752
       754
       755
       756
       757
       721
       868
       934
       935
       936
       752
       753
       755
       756
       757
       746
       901
       936
       944
       945
       752
       753
       754
       756
       757
       759
       869
       914
       958
       959
       752
       753
       754
       755
       757
       662
       761
       946
       957
       958
       752
       753
       754
       755
       756
       663
       857
       903
       945
       946
       759
       760
       761
       762
       763
       767
       914
       915
       916
       917
       758
       760
       761
       762
       763
       755
       869
       914
       958
       959
       758
       759
       761
       762
       763
       745
       769
       915
       953
       954
       758
       759
       760
       762
       763
       662
       756
       946
       957
       958
       758
       759
       760
       761
       763
       654
       660
       881
       909
       956
       957
       758
       759
       760
       761
       762
       653
       742
       954
       956
       965
       765
       766
       767
       768
       769
       640
       667
       912
       916
       950
       955
       764
       766
       767
       768
       769
       665
       854
       925
       939
       950
       951
       764
       765
       767
       768
       769
       771
       919
       940
       951
       952
       764
       765
       766
       768
       769
       758
       914
       915
       916
       917
       764
       765
       766
       767
       769
       744
       773
       927
       952
       953
       764
       765
       766
       767
       768
       745
       760
       915
       953
       954
       771
       772
       773
       774
       775
       723
       906
       918
       919
       920
       770
       772
       773
       774
       775
       766
       919
       940
       951
       952
       770
       771
       773
       774
       775
       709
       893
       907
       920
       921
       770
       771
       772
       774
       775
       744
       768
       927
       952
       953
       770
       771
       772
       773
       775
       634
       704
       921
       926
       928
       770
       771
       772
       773
       774
       633
       743
       865
       926
       927
       777
       778
       779
       780
       781
       617
       727
       884
       904
       905
       776
       778
       779
       780
       781
       505
       605
       615
       847
       883
       884
       776
       777
       779
       780
       781
       726
       894
       905
       906
       907
       776
       777
       778
       780
       781
       708
       871
       892
       893
       894
       776
       777
       778
       779
       781
       607
       684
       793
       847
       848
       776
       777
       778
       779
       780
       685
       848
       870
       871
       872
       527
       545
       681
       783
       784
       525
       563
       812
       813
       814
       527
       545
       681
       782
       784
       544
       788
       789
       790
       791
       527
       545
       681
       782
       783
       564
       789
       813
       815
       816
       537
       559
       674
       786
       787
       538
       560
       711
       815
       830
       831
       537
       559
       674
       785
       787
       561
      4126
      4128
       537
       559
       674
       785
       786
       676
      4095
      4128
       544
       783
       789
       790
       791
       543
       585
       836
       837
       838
       544
       783
       788
       790
       791
       564
       784
       813
       815
       816
       544
       783
       788
       789
       791
       583
       835
       838
       839
       840
       544
       783
       788
       789
       790
       712
       816
       831
       834
       835
       531
       609
       682
       793
       794
       530
      1493
      1759
      1912
      1916
       531
       609
       682
       792
       794
       607
       684
       780
       847
       848
       531
       609
       682
       792
       793
       608
      1495
      1583
      1911
      1912
       555
       688
       796
       797
       798
       556
       734
       824
       844
       846
       555
       688
       795
       797
       798
       637
       691
       851
       922
       923
       555
       688
       795
       796
       798
       669
       736
       846
       878
       879
       555
       688
       795
       796
       797
       666
       853
       878
       923
       925
       495
       549
       696
       800
       801
        30
       109
       432
       496
       985
       986
       495
       549
       696
       799
       801
       550
       698
       706
       849
       850
       495
       549
       696
       799
       800
        31
       178
       552
       970
       985
       521
       611
       636
       701
       803
       520
       639
       690
       922
       924
       521
       611
       636
       701
       802
       635
       702
       724
       852
       937
       938
       567
       587
       805
       806
       807
       568
       621
       880
       888
       889
       567
       587
       804
       806
       807
        15
       444
       569
       972
       976
       567
       587
       804
       805
       807
       584
       620
       825
       839
       889
       890
       567
       587
       804
       805
       806
        57
       445
       588
       975
       976
       580
       603
       809
       810
       811
       581
       658
       821
       841
       842
       580
       603
       808
       810
       811
       582
      4091
      4135
       580
       603
       808
       809
       811
       602
      4090
      4091
       580
       603
       808
       809
       810
       604
       628
       818
       820
       821
       525
       563
       782
       813
       814
       526
      4127
      4133
       525
       563
       782
       812
       814
       564
       784
       789
       815
       816
       525
       563
       782
       812
       813
       562
      4126
      4127
       564
       784
       789
       813
       816
       538
       560
       711
       785
       830
       831
       564
       784
       789
       813
       815
       712
       791
       831
       834
       835
       500
       600
       625
       818
       819
       503
       513
       873
       877
       500
       600
       625
       817
       819
       604
       628
       811
       820
       821
       500
       600
       625
       817
       818
       512
       626
       693
       860
       873
       874
       604
       628
       811
       818
       821
       627
       655
       719
       842
       875
       876
       604
       628
       811
       818
       820
       581
       658
       808
       841
       842
       491
       535
       671
       735
       823
       824
       490
       557
       843
       844
       845
       491
       535
       671
       735
       822
       824
       673
       732
       738
       961
       968
       491
       535
       671
       735
       822
       823
       556
       734
       795
       844
       846
       622
       826
       827
       828
       829
       584
       620
       806
       839
       889
       890
       622
       825
       827
       828
       829
       623
       664
       856
       857
       858
       622
       825
       826
       828
       829
       713
       834
       840
       890
       891
       622
       825
       826
       827
       829
       714
       751
       891
       898
       902
       622
       825
       826
       827
       828
       750
       858
       901
       902
       903
       538
       560
       711
       785
       815
       831
       540
       675
       710
       832
       833
       538
       560
       711
       785
       815
       830
       712
       791
       816
       834
       835
       540
       675
       710
       830
       833
       593
       678
       900
       947
       949
       540
       675
       710
       830
       832
       715
       749
       898
       899
       900
       712
       791
       816
       831
       835
       713
       827
       840
       890
       891
       712
       791
       816
       831
       834
       583
       790
       838
       839
       840
       543
       585
       788
       837
       838
        72
       365
       542
       977
       978
       543
       585
       788
       836
       838
        58
       364
       586
       975
       978
       543
       585
       788
       836
       837
       583
       790
       835
       839
       840
       583
       790
       835
       838
       840
       584
       620
       806
       825
       889
       890
       583
       790
       835
       838
       839
       713
       827
       834
       890
       891
       581
       658
       808
       821
       842
       579
       659
       729
       910
       911
       581
       658
       808
       821
       841
       627
       655
       719
       820
       875
       876
       490
       557
       822
       844
       845
       488
      2571
      2677
      4037
      4055
       490
       557
       822
       843
       845
       556
       734
       795
       824
       846
       490
       557
       822
       843
       844
       558
      2573
      2872
      4054
      4055
       556
       734
       795
       824
       844
       669
       736
       797
       878
       879
       607
       684
       780
       793
       848
       505
       605
       615
       777
       883
       884
       607
       684
       780
       793
       847
       685
       781
       870
       871
       872
       550
       698
       706
       800
       850
       551
       632
       705
       928
       930
       550
       698
       706
       800
       849
       699
       707
       872
       892
       895
       638
       852
       853
       854
       855
       637
       691
       796
       922
       923
       638
       851
       853
       854
       855
       635
       702
       724
       803
       937
       938
       638
       851
       852
       854
       855
       666
       798
       878
       923
       925
       638
       851
       852
       853
       855
       665
       765
       925
       939
       950
       951
       638
       851
       852
       853
       854
       722
       918
       938
       939
       940
       623
       664
       826
       857
       858
       624
       661
       880
       881
       882
       623
       664
       826
       856
       858
       663
       757
       903
       945
       946
       623
       664
       826
       856
       857
       750
       829
       901
       902
       903
       592
       695
       716
       860
       861
       862
       591
       748
       899
       947
       948
       592
       695
       716
       859
       861
       862
       512
       626
       693
       819
       873
       874
       592
       695
       716
       859
       860
       862
       629
       717
       874
       875
       592
       695
       716
       859
       860
       861
       718
       747
       934
       944
       948
       575
       630
