         1
         6
        11
        16
        22
        28
        33
        39
        43
        47
        53
        59
        65
        71
        77
        83
        87
        91
        95
        99
       103
       108
       114
       120
       126
       130
       135
       140
       145
       150
       155
       160
       165
       170
       175
       181
       187
       193
       199
       205
       211
       217
       223
       229
       235
       241
       247
       253
       259
       265
       271
       277
       283
       289
       295
       301
       306
       311
       318
       324
       330
       336
       340
       346
       350
       356
       363
       369
       376
       382
       388
       394
       400
       404
       410
       416
       423
       429
       435
       441
       447
       453
       459
       465
       471
       477
       483
       489
       495
       501
       507
       513
       519
       526
       532
       538
       544
       551
       557
       564
       570
       576
       582
       588
       594
       600
       607
       613
       617
       623
       629
       635
       641
       647
       653
       659
       665
       672
       679
       685
       692
       698
       704
       710
       716
       722
       728
       734
       740
       746
       752
       758
       762
       768
       774
       778
       784
       790
       796
       802
       808
       814
       820
       826
       832
       838
       844
       850
       856
       863
       870
       876
       882
       888
       894
       899
       904
       910
       916
       923
       929
       935
       941
       947
       951
       957
       963
       969
       975
       981
       987
       993
       999
      1005
      1011
      1017
      1023
      1029
      1034
      1039
      1044
      1049
      1054
      1059
      1064
      1069
      1074
      1079
      1084
      1090
      1097
      1102
      1108
      1114
      1120
      1126
      1131
      1137
      1143
      1149
      1155
      1161
      1167
      1173
      1179
      1185
      1191
      1197
      1203
      1209
      1215
      1221
      1227
      1233
      1239
      1245
      1251
      1257
      1263
      1269
      1275
      1281
      1287
      1294
      1300
      1307
      1313
      1319
      1325
      1331
      1337
      1343
      1349
      1355
      1361
      1367
      1373
      1380
      1386
      1392
      1398
      1405
      1412
      1417
      1422
      1428
      1434
      1441
      1447
      1453
      1460
      1466
      1472
      1478
      1484
      1490
      1496
      1502
      1508
      1514
      1520
      1526
      1532
      1538
      1544
      1550
      1556
      1562
      1568
      1574
      1580
      1586
      1593
      1599
      1605
      1611
      1618
      1625
      1631
      1638
      1644
      1650
      1656
      1662
      1668
      1674
      1681
      1687
      1693
      1699
      1706
      1713
      1719
      1725
      1731
      1737
      1743
      1750
      1757
      1763
      1769
      1775
      1781
      1788
      1794
      1800
      1806
      1812
      1818
      1824
      1831
      1837
      1843
      1849
      1855
      1862
      1868
      1872
      1876
      1882
      1888
      1894
      1900
      1906
      1910
      1914
      1920
      1926
      1932
      1937
      1943
      1948
      1954
      1960
      1966
      1972
      1978
      1984
      1990
      1994
      2000
      2005
      2010
      2015
      2020
      2025
      2030
      2035
      2041
      2047
      2052
      2058
      2064
      2070
      2076
      2082
      2088
      2094
      2100
      2106
      2112
      2118
      2124
      2130
      2136
      2142
      2148
      2154
      2158
      2164
      2170
      2177
      2183
      2189
      2195
      2201
      2207
      2213
      2219
      2225
      2231
      2238
      2244
      2251
      2257
      2263
      2269
      2275
      2281
      2287
      2291
      2297
      2304
      2310
      2316
      2322
      2328
      2334
      2340
      2346
      2352
      2358
      2364
      2370
      2376
      2382
      2388
      2394
      2401
      2407
      2413
      2419
      2425
      2431
      2437
      2443
      2449
      2455
      2461
      2467
      2474
      2480
      2486
      2492
      2498
      2504
      2510
      2516
      2523
      2529
      2535
      2541
      2548
      2554
      2560
      2566
      2572
      2578
      2584
      2590
      2596
      2602
      2608
      2614
      2620
      2626
      2632
      2638
      2644
      2651
      2657
      2663
      2668
      2672
      2677
      2682
      2687
      2693
      2699
      2703
      2707
      2711
      2717
      2723
      2729
      2735
      2741
      2747
      2753
      2759
      2763
      2767
      2773
      2779
      2785
      2789
      2794
      2799
      2805
      2810
      2814
      2820
      2826
      2831
      2837
      2843
      2849
      2855
      2860
      2865
      2871
      2877
      2883
      2888
      2894
      2900
      2906
      2912
      2918
      2924
      2930
      2936
      2942
      2948
      2954
      2960
      2966
      2972
      2978
      2984
      2990
      2996
      3002
      3008
      3014
      3020
      3026
      3032
      3038
      3043
      3050
      3056
      3061
      3067
      3073
      3080
      3086
      3092
      3098
      3103
      3109
      3115
      3121
      3127
      3133
      3139
      3145
      3151
      3157
      3163
      3169
      3175
      3182
      3188
      3194
      3200
      3207
      3214
      3220
      3226
      3232
      3238
      3244
      3250
      3256
      3262
      3268
      3272
      3279
      3285
      3291
      3297
      3303
      3309
      3315
      3321
      3327
      3333
      3340
      3346
      3351
      3357
      3363
      3369
      3375
      3381
      3387
      3393
      3400
      3406
      3412
      3418
      3425
      3431
      3437
      3443
      3449
      3455
      3461
      3467
      3473
      3479
      3485
      3491
      3497
      3504
      3510
      3516
      3522
      3529
      3535
      3541
      3547
      3553
      3559
      3565
      3571
      3577
      3581
      3587
      3593
      3599
      3605
      3611
      3617
      3624
      3630
      3634
      3640
      3646
      3652
      3659
      3665
      3671
      3677
      3684
      3689
      3695
      3701
      3705
      3711
      3717
      3722
      3727
      3732
      3738
      3743
      3748
      3754
      3759
      3765
      3771
      3777
      3783
      3789
      3794
      3800
      3806
      3810
      3814
      3820
      3826
      3832
      3838
      3844
      3850
      3856
      3862
      3868
      3874
      3881
      3887
      3892
      3897
      3902
      3907
      3912
      3917
      3922
      3927
      3932
      3937
      3942
      3949
      3954
      3959
      3965
      3971
      3977
      3983
      3989
      3995
      4001
      4007
      4013
      4019
      4025
      4031
      4037
      4043
      4049
      4055
      4061
      4067
      4073
      4079
      4086
      4092
      4098
      4104
      4110
      4116
      4122
      4128
      4134
      4140
      4146
      4152
      4159
      4166
      4173
      4179
      4185
      4191
      4197
      4204
      4211
      4217
      4223
      4229
      4235
      4242
      4248
      4253
      4259
      4265
      4271
      4278
      4285
      4291
      4297
      4303
      4309
      4316
      4322
      4328
      4334
      4340
      4347
      4353
      4359
      4365
      4371
      4377
      4383
      4389
      4395
      4402
      4408
      4414
      4420
      4426
      4432
      4438
      4444
      4450
      4457
      4463
      4469
      4476
      4482
      4489
      4495
      4501
      4507
      4513
      4520
      4526
      4532
      4538
      4544
      4550
      4556
      4562
      4568
      4575
      4581
      4588
      4594
      4600
      4607
      4614
      4620
      4626
      4632
      4639
      4645
      4651
      4657
      4663
      4669
      4675
      4681
      4687
      4691
      4696
      4701
      4706
      4711
      4716
      4721
      4726
      4731
      4737
      4742
      4748
      4754
      4761
      4767
      4773
      4779
      4784
      4791
      4797
      4803
      4809
      4815
      4821
      4827
      4833
      4839
      4845
      4850
      4855
      4860
      4865
      4870
      4875
      4881
      4887
      4893
      4899
      4905
      4911
      4917
      4923
      4929
      4935
      4941
      4947
      4952
      4958
      4964
      4970
      4976
      4982
      4988
      4994
      5000
      5006
      5012
      5018
      5024
      5030
      5035
      5041
      5047
      5052
      5058
      5064
      5071
      5077
      5083
      5089
      5095
      5101
      5107
      5113
      5119
      5125
      5131
      5137
      5143
      5149
      5155
      5162
      5168
      5174
      5181
      5188
      5194
      5200
      5206
      5212
      5218
      5224
      5230
      5236
      5242
      5248
      5254
      5260
      5266
      5272
      5278
      5285
      5291
      5297
      5303
      5309
      5316
      5322
      5328
      5334
      5340
      5346
      5352
      5359
      5365
      5371
      5377
      5383
      5390
      5396
      5402
      5408
      5414
      5420
      5426
      5432
      5438
      5444
      5450
      5456
      5462
      5468
      5474
      5481
      5487
      5493
      5500
      5506
      5512
      5518
      5524
      5530
      5537
      5543
      5550
      5556
      5562
      5568
      5574
      5581
      5588
      5595
      5601
      5609
      5615
      5621
      5627
      5633
      5639
      5645
      5650
      5655
      5660
      5667
      5673
      5679
      5685
      5691
      5697
      5703
      5709
      5715
      5721
      5726
      5733
      5739
      5745
      5751
      5757
      5763
      5769
      5775
      5781
      5787
      5794
      5800
      5806
      5812
      5817
      5822
      5827
      5832
      5837
      5842
      5847
      5853
      5859
      5865
      5870
      5876
      5882
      5889
      5895
      5900
      5906
      5912
      5918
      5924
      5930
      5936
      5942
      5948
      5954
      5960
      5966
      5972
      5978
      5984
      5990
      5996
      6002
      6008
      6014
      6020
      6026
      6032
      6038
      6044
      6050
      6056
      6063
      6069
      6075
      6081
      6087
      6094
      6100
      6106
      6112
      6118
      6124
      6130
      6136
      6142
      6149
      6155
      6161
      6167
      6173
      6179
      6185
      6191
      6197
      6203
      6210
      6216
      6222
      6228
      6234
      6240
      6246
      6252
      6258
      6264
      6270
      6276
      6283
      6289
      6294
      6300
      6306
      6312
      6319
      6325
      6331
      6337
      6343
      6349
      6355
      6361
      6368
      6374
      6380
      6386
      6392
      6398
      6404
      6410
      6416
      6422
      6428
      6434
      6441
      6447
      6453
      6459
      6465
      6471
      6477
      6483
      6489
      6495
      6501
      6507
      6513
      6519
      6526
      6532
      6538
      6544
      6550
      6556
      6561
      6566
      6571
      6576
      6582
      6588
      6594
      6600
      6606
      6612
      6618
      6624
      6631
      6637
      6643
      6649
      6656
      6662
      6668
      6674
      6680
      6686
      6692
      6698
      6704
      6710
      6716
      6722
      6727
      6732
      6737
      6742
      6747
      6752
      6757
      6762
      6767
      6772
      6777
      6783
      6787
      6793
      6799
      6805
      6811
      6817
      6823
      6829
      6836
      6842
      6849
      6855
      6861
      6866
      6872
      6878
      6884
      6890
      6896
      6902
      6908
      6914
      6920
      6926
      6932
      6938
      6944
      6950
      6956
      6963
      6969
      6976
      6982
      6988
      6994
      6999
      7005
      7011
      7018
      7024
      7030
      7036
      7042
      7048
      7054
      7060
      7067
      7073
      7080
      7086
      7092
      7098
      7104
      7110
      7116
      7122
      7128
      7134
      7140
      7146
      7152
      7158
      7164
      7170
      7176
      7182
      7188
      7194
      7200
      7206
      7213
      7220
      7226
      7232
      7238
      7244
      7250
      7257
      7263
      7269
      7275
      7281
      7288
      7294
      7300
      7306
      7313
      7319
      7325
      7331
      7337
      7343
      7349
      7355
      7361
      7368
      7374
      7381
      7387
      7393
      7399
      7405
      7411
      7418
      7424
      7430
      7436
      7443
      7449
      7455
      7461
      7467
      7473
      7479
      7485
      7491
      7497
      7504
      7510
      7516
      7522
      7528
      7534
      7540
      7546
      7552
      7558
      7564
      7570
      7576
      7582
      7588
      7594
      7600
      7606
      7613
      7620
      7626
      7633
      7639
      7646
      7652
      7659
      7665
      7672
      7678
      7685
      7692
      7698
      7704
      7711
      7717
      7723
      7729
      7735
      7741
      7747
      7753
      7759
      7765
      7771
      7777
      7784
      7791
      7798
      7804
      7810
      7816
      7822
      7828
      7834
      7840
      7843
      7847
      7852
      7856
      7860
      7863
      7868
      7873
      7877
      7881
      7885
      7888
      7893
      7897
      7901
      7906
      7910
      7913
      7917
      7921
      7925
      7928
      7932
      7935
      7938
      7941
      7945
      7950
      7953
      7958
      7962
      7967
      7970
      7975
      7980
      7985
      7988
      7992
      7996
      8000
      8004
      8007
      8009
      8014
      8018
      8022
      8026
      8030
      8034
      8038
      8042
      8046
      8050
      8056
      8060
      8064
      8069
      8073
      8076
      8079
      8083
      8086
      8091
      8095
      8098
      8103
      8108
      8112
      8116
      8120
      8124
      8127
      8130
      8133
      8137
      8141
      8144
      8147
      8151
      8153
      8156
      8161
      8165
      8169
      8173
      8177
      8182
      8185
      8190
      8193
      8198
      8201
      8205
      8207
      8210
      8215
      8219
      8223
      8226
      8231
      8234
      8239
      8243
      8247
      8251
      8255
      8260
      8263
      8268
      8271
      8274
      8279
      8282
      8286
      8292
      8297
      8301
      8306
      8310
      8314
      8317
      8321
      8325
      8329
      8334
      8338
      8342
      8346
      8349
      8352
      8355
      8359
      8364
      8369
      8372
      8376
      8380
      8385
      8389
      8394
      8398
      8403
      8407
      8410
      8415
      8419
      8422
      8426
      8430
      8433
      8436
      8440
      8443
