         1
         6
        11
        16
        21
        26
        33
        40
        47
        54
        59
        64
        69
        74
        79
        84
        89
        94
        99
       104
       109
       114
       119
       124
       129
       134
       139
       144
       149
       154
       159
       164
       169
       174
       179
       184
       189
       196
       203
       210
       217
       222
       227
       232
       237
       242
       249
       256
       263
       268
       273
       278
       283
       288
       293
       298
       303
       308
       313
       318
       323
       328
       333
       338
       343
       348
       353
       359
       364
       370
       375
       382
       387
       392
       397
       402
       407
       412
       417
       422
       427
       432
       439
       446
       453
       458
       463
       468
       473
       478
       483
       488
       493
       498
       503
       508
       513
       518
       523
       528
       533
       538
       543
       548
       553
       558
       563
       568
       573
       578
       583
       588
       593
       598
       603
       608
       613
       618
       623
       628
       633
       638
       643
       648
       653
       658
       663
       668
       673
       678
       683
       688
       693
       698
       703
       708
       713
       718
       723
       728
       733
       738
       743
       748
       753
       760
       767
       774
       781
       788
       795
       802
       809
       816
       823
       830
       837
       844
       851
       858
       865
       872
       879
       886
       893
       900
       907
       914
       921
       928
       935
       942
       949
       956
       963
       970
       977
       984
       991
       998
      1005
      1012
      1019
      1026
      1031
      1036
      1041
      1046
      1051
      1056
      1061
      1066
      1071
      1076
      1081
      1086
      1091
      1096
      1101
      1106
      1111
      1116
      1121
      1126
      1131
      1136
      1141
      1146
      1151
      1156
      1161
      1166
      1171
      1176
      1181
      1186
      1191
      1196
      1201
      1206
      1211
      1216
      1221
      1226
      1231
      1236
      1241
      1246
      1251
      1256
      1261
      1268
      1275
      1280
      1285
      1290
      1295
      1300
      1305
      1310
      1315
      1320
      1325
      1332
      1338
      1343
      1349
      1354
      1360
      1367
      1372
      1377
      1382
      1387
      1394
      1401
      1407
      1412
      1418
      1423
      1430
      1436
      1441
      1447
      1452
      1459
      1465
      1470
      1476
      1481
      1488
      1494
      1499
      1504
      1510
      1517
      1522
      1527
      1532
      1537
      1542
      1547
      1554
      1561
      1568
      1575
      1582
      1589
      1596
      1603
      1610
      1617
      1624
      1631
      1638
      1645
      1652
      1659
      1666
      1673
      1680
      1687
      1694
      1701
      1708
      1715
      1722
      1729
      1736
      1743
      1750
      1757
      1764
      1771
      1778
      1783
      1788
      1793
      1800
      1807
      1812
      1817
      1822
      1827
      1832
      1839
      1846
      1853
      1860
      1867
      1872
      1877
      1882
      1889
      1896
      1903
      1908
      1913
      1918
      1923
      1928
      1933
      1938
      1943
      1948
      1953
      1958
      1963
      1968
      1973
      1978
      1983
      1988
      1995
      2002
      2009
      2016
      2023
      2030
      2037
      2042
      2047
      2052
      2057
      2062
      2067
      2072
      2079
      2086
      2093
      2100
      2107
      2114
      2121
      2128
      2135
      2142
      2147
      2152
      2157
      2164
      2171
      2178
      2185
      2192
      2199
      2204
      2209
      2214
      2219
      2224
      2229
      2234
      2241
      2248
      2255
      2262
      2269
      2276
      2281
      2287
      2292
      2297
      2302
      2307
      2312
      2317
      2324
      2331
      2338
      2345
      2352
      2359
      2365
      2370
      2376
      2381
      2386
      2391
      2396
      2401
      2407
      2412
      2417
      2422
      2427
      2434
      2441
      2446
      2451
      2456
      2461
      2466
      2471
      2476
      2482
      2488
      2494
      2501
      2508
      2515
      2520
      2525
      2530
      2535
      2540
      2545
      2550
      2555
      2560
      2565
      2570
      2575
      2580
      2585
      2592
      2599
      2606
      2613
      2620
      2627
      2632
      2637
      2642
      2647
      2652
      2657
      2662
      2669
      2676
      2683
      2690
      2697
      2702
      2707
      2712
      2717
      2722
      2727
      2732
      2737
      2742
      2747
      2752
      2757
      2762
      2767
      2772
      2777
      2782
      2787
      2792
      2799
      2806
      2813
      2820
      2825
      2830
      2837
      2844
      2851
      2858
      2865
      2872
      2879
      2886
      2893
      2898
      2905
      2912
      2919
      2926
      2933
      2940
      2947
      2952
      2957
      2962
      2967
      2972
      2977
      2982
      2987
      2992
      2997
      3002
      3007
      3012
      3017
      3022
      3027
      3032
      3037
      3042
      3047
      3052
      3057
      3062
      3067
      3072
      3077
      3082
      3087
      3092
      3097
      3102
      3107
      3112
      3117
      3124
      3131
      3138
      3145
      3152
      3159
      3166
      3173
      3180
      3187
      3194
      3201
      3206
      3211
      3216
      3221
      3226
      3233
      3240
      3245
      3250
      3255
      3260
      3265
      3270
      3275
      3280
      3285
      3290
      3295
      3300
      3305
      3310
      3315
      3320
      3325
      3330
      3335
      3340
      3345
      3350
      3355
      3361
      3366
      3371
      3377
      3384
      3389
      3394
      3399
      3404
      3409
      3416
      3423
      3430
      3435
      3440
      3445
      3450
      3455
      3460
      3465
      3470
      3475
      3480
      3485
      3490
      3495
      3500
      3505
      3510
      3515
      3520
      3525
      3530
      3535
      3540
      3545
      3550
      3555
      3562
      3569
      3576
      3583
      3590
      3597
      3604
      3611
      3618
      3625
      3632
      3639
      3646
      3653
      3660
      3667
      3674
      3681
      3688
      3695
      3702
      3709
      3716
      3723
      3730
      3737
      3744
      3751
      3756
      3761
      3766
      3771
      3778
      3785
      3792
      3797
      3802
      3807
      3812
      3817
      3822
      3827
      3832
      3837
      3842
      3847
      3852
      3857
      3862
      3867
      3872
      3877
      3882
      3889
      3896
      3903
      3908
      3913
      3918
      3923
      3928
      3933
      3938
      3943
      3948
      3953
      3958
      3963
      3968
      3973
      3978
      3983
      3988
      3993
      3998
      4003
      4008
      4013
      4018
      4023
      4028
      4033
      4038
      4043
      4048
      4053
      4058
      4063
      4068
      4073
      4078
      4083
      4088
      4093
      4098
      4103
      4108
      4113
      4118
      4123
      4128
      4133
      4138
      4145
      4152
      4157
      4162
      4167
      4172
      4177
      4182
      4187
      4192
      4197
      4204
      4211
      4218
      4225
      4232
      4239
      4246
      4251
      4256
      4261
      4266
      4273
      4278
      4284
      4289
      4294
      4299
      4304
      4310
      4315
      4321
      4326
      4333
      4339
      4344
      4350
      4355
      4362
      4368
      4373
      4379
      4384
      4391
      4396
      4401
      4406
      4411
      4416
      4421
      4428
      4435
      4440
      4445
      4450
      4455
      4462
      4469
      4476
      4483
      4490
      4497
      4504
      4511
      4518
      4525
      4532
      4539
      4546
      4553
      4560
      4567
      4574
      4581
      4588
      4595
      4602
      4609
      4616
      4623
      4630
      4637
      4642
      4647
      4652
      4657
      4662
      4667
      4672
      4677
      4682
      4689
      4696
      4703
      4710
      4717
      4724
      4731
      4738
      4745
      4750
      4755
      4760
      4765
      4770
      4775
      4780
      4785
      4790
      4797
      4804
      4811
      4816
      4821
      4826
      4831
      4838
      4845
      4852
      4859
      4866
      4873
      4880
      4887
      4894
      4899
      4904
      4909
      4914
      4919
      4926
      4933
      4940
      4945
      4950
      4955
      4960
      4965
      4970
      4975
      4980
      4985
      4990
      4995
      5000
      5007
      5014
      5021
      5028
      5035
      5040
      5047
      5054
      5061
      5068
      5073
      5078
      5083
      5088
      5093
      5098
      5103
      5108
      5113
      5118
      5125
      5132
      5139
      5144
      5149
      5154
      5159
      5164
      5171
      5178
      5185
      5192
      5199
      5206
      5211
      5216
      5221
      5226
      5231
      5236
      5242
      5247
      5253
      5260
      5267
      5274
      5281
      5288
      5295
      5302
      5309
      5314
      5319
      5324
      5329
      5334
      5339
      5344
      5350
      5355
      5360
      5365
      5370
      5375
      5380
      5385
      5390
      5395
      5402
      5409
      5414
      5421
      5428
      5434
      5440
      5446
      5452
      5457
      5462
      5467
      5474
      5481
      5486
      5493
      5500
      5507
      5514
      5519
      5524
      5529
      5534
      5539
      5544
      5549
      5556
      5563
      5570
      5577
      5584
      5591
      5598
      5605
      5612
      5619
      5626
      5633
      5640
      5647
      5654
      5661
      5668
      5675
      5682
      5687
      5692
      5697
      5702
      5707
      5712
      5717
      5722
      5727
      5732
      5737
      5742
      5747
      5752
      5757
      5762
      5767
      5772
      5777
      5782
      5787
      5792
      5797
      5802
      5807
      5812
      5817
      5822
      5827
      5832
      5837
      5842
      5847
      5852
      5857
      5862
      5867
      5872
      5877
      5882
      5887
      5892
      5897
      5902
      5907
      5912
      5917
      5922
      5927
      5932
      5937
      5942
      5947
      5952
      5957
      5962
      5967
      5972
      5977
      5982
      5987
      5993
      5998
      6004
      6009
      6016
      6022
      6027
      6033
      6038
      6045
      6050
      6055
      6060
      6065
      6070
      6075
      6080
      6085
      6090
      6095
      6100
      6105
      6110
      6115
      6120
      6125
      6130
      6135
      6140
      6147
      6154
      6161
      6168
      6175
      6182
      6189
      6196
      6203
      6210
      6217
      6224
      6231
      6238
      6245
      6252
      6259
      6266
      6273
      6280
      6287
      6294
      6301
      6308
      6315
      6322
      6329
      6336
      6343
      6350
      6357
      6364
      6369
      6374
      6379
      6384
      6389
      6394
      6399
      6404
      6409
      6414
      6419
      6424
      6429
      6434
      6439
      6445
      6450
      6456
      6463
      6468
      6473
      6478
      6483
      6488
      6493
      6498
      6503
      6508
      6513
      6518
      6523
      6528
      6533
      6538
      6543
      6549
      6555
      6562
      6567
      6572
      6577
      6582
      6587
      6592
      6598
      6603
      6609
      6614
      6621
      6627
      6632
      6638
      6643
      6650
      6656
      6661
      6667
      6672
      6679
      6685
      6690
      6696
      6701
      6708
      6713
      6718
      6723
      6728
      6733
      6738
      6743
      6748
      6753
      6758
      6763
      6768
      6775
      6782
      6789
      6796
      6803
      6810
      6817
      6824
      6831
      6838
      6845
      6852
      6859
      6866
      6873
      6880
      6887
      6894
      6901
      6908
      6915
      6922
      6929
      6936
      6943
      6950
      6957
      6964
      6971
      6978
      6985
      6992
      6999
      7006
      7013
      7020
      7027
      7034
      7041
      7048
      7055
      7062
      7069
      7076
      7083
      7090
      7097
      7104
      7111
      7118
      7125
      7132
      7139
      7146
      7153
      7160
      7167
      7174
      7179
      7185
      7190
      7195
      7201
      7206
      7212
      7219
      7224
      7229
      7234
      7241
      7248
      7255
      7260
      7265
      7270
      7275
      7280
      7285
      7290
      7295
      7302
      7307
      7312
      7317
      7324
      7331
      7338
      7345
      7352
      7359
      7366
      7373
      7380
      7387
      7394
      7401
      7408
      7415
      7422
      7429
      7436
      7443
      7448
      7455
      7462
      7467
      7472
      7479
      7484
      7489
      7494
      7499
      7504
      7509
      7514
      7521
      7528
      7535
      7542
      7549
      7556
      7563
      7570
      7577
      7584
      7591
      7597
      7604
      7611
      7618
      7625
      7630
      7635
      7640
      7647
      7654
      7661
      7666
      7671
      7678
      7683
      7688
      7693
      7700
      7707
      7714
      7721
      7728
      7735
      7742
      7749
      7756
      7763
      7770
      7777
      7784
      7791
      7798
      7805
      7812
      7819
      7826
      7833
      7840
      7847
      7854
      7861
      7868
      7875
      7882
      7889
      7896
      7903
      7910
      7917
      7924
      7931
      7938
      7945
      7952
      7957
      7962
      7967
      7972
      7977
      7982
      7987
      7992
      7997
      8002
      8007
      8012
      8017
      8022
      8027
      8032
      8037
      8042
      8047
      8052
      8057
      8062
      8067
      8072
      8077
      8082
      8087
      8092
      8097
      8102
      8107
      8112
      8117
      8122
      8127
      8132
      8137
      8142
      8147
      8152
      8157
      8162
      8167
      8172
      8177
      8182
      8187
      8192
      8197
      8202
      8207
      8212
      8217
      8222
      8227
      8232
      8237
      8242
      8247
      8252
      8257
      8262
      8267
      8272
      8277
      8282
      8287
      8292
      8297
      8302
      8307
      8312
      8317
      8322
      8327
      8332
      8337
      8342
      8347
      8352
      8357
      8362
      8367
      8372
      8377
      8382
      8387
      8392
      8397
      8402
      8407
      8412
      8417
      8422
      8427
      8432
      8437
      8442
      8447
      8452
      8457
      8462
      8467
      8472
      8477
      8482
      8487
      8492
      8497
      8502
      8507
      8512
      8517
      8522
      8527
      8532
      8537
      8542
      8547
      8552
      8557
      8562
      8567
      8572
      8577
      8582
      8587
      8592
      8597
      8602
      8607
      8612
      8617
      8622
      8627
      8632
      8637
      8642
      8647
      8652
      8657
      8662
      8667
      8672
      8677
      8682
      8687
      8692
      8697
      8702
      8707
      8712
      8717
      8722
      8727
      8732
      8737
      8742
      8747
      8752
      8757
      8762
      8767
      8772
      8777
      8782
      8787
      8792
      8797
      8802
      8807
      8812
      8817
      8822
      8827
      8832
      8837
      8842
      8847
      8852
      8857
      8862
      8867
      8872
      8877
      8882
      8887
      8892
      8897
      8902
      8907
      8912
      8917
      8922
      8927
      8932
      8937
      8942
      8947
      8952
      8957
      8962
      8967
      8972
      8977
      8982
      8987
      8992
      8997
      9002
      9007
      9012
      9017
      9022
      9027
      9032
      9037
      9042
      9047
      9052
      9057
      9062
      9067
      9072
      9077
      9082
      9087
      9092
      9097
      9102
      9107
      9112
      9117
      9122
      9127
      9132
      9137
      9142
      9147
      9152
      9157
      9162
      9167
      9172
      9177
      9182
      9187
      9192
      9197
      9202
      9207
      9212
      9217
      9222
      9227
      9232
      9237
      9242
      9247
      9252
      9257
      9262
      9267
      9272
      9277
      9282
      9287
      9292
      9297
      9302
      9307
      9312
      9317
      9322
      9327
      9332
      9337
      9342
      9347
      9352
      9357
      9362
      9367
      9372
      9377
      9382
      9387
      9392
      9397
      9402
      9407
      9412
      9417
      9422
      9427
      9432
      9437
      9442
      9447
      9452
      9457
      9462
      9467
      9472
      9477
      9482
      9487
      9492
      9497
      9502
      9507
      9512
      9517
      9522
      9527
      9532
      9537
      9542
      9547
      9552
      9557
      9562
      9567
      9572
      9577
      9582
      9587
      9592
      9597
      9602
      9607
      9612
      9617
      9622
      9627
      9632
      9637
      9642
      9647
      9652
      9657
      9662
      9667
      9672
      9677
      9682
      9687
      9692
      9697
      9702
      9707
      9712
      9717
      9722
      9727
      9732
      9737
      9742
      9747
      9752
      9757
      9762
      9767
      9772
      9777
      9782
      9787
      9792
      9797
      9802
      9807
      9812
      9817
      9822
      9827
      9832
      9837
      9842
      9847
      9852
      9857
      9862
      9867
      9872
      9877
      9882
      9887
      9892
      9897
      9902
      9907
      9912
      9917
      9922
      9927
      9932
      9937
      9942
      9947
      9952
      9957
      9962
      9967
      9972
      9977
      9982
      9987
      9992
      9997
     10002
     10007
     10012
     10017
     10022
     10027
     10032
     10037
     10042
     10047
     10052
     10057
     10062
     10067
     10072
     10077
     10082
     10087
     10092
     10097
     10102
     10107
     10112
     10117
     10122
     10127
     10132
     10137
     10142
     10147
     10152
     10157
     10162
     10167
     10172
     10177
     10182
     10187
     10192
     10197
     10202
     10207
     10212
     10217
     10222
     10227
     10232
     10237
     10242
     10247
     10252
     10257
     10262
     10267
     10272
     10277
     10282
     10287
     10292
     10297
     10302
     10307
     10312
     10317
     10322
     10327
     10332
     10337
     10342
     10347
     10352
     10357
     10362
     10367
     10372
     10377
     10382
     10387
     10392
     10397
     10402
     10407
     10412
     10417
     10422
     10427
     10432
     10437
     10442
     10447
     10452
     10457
     10462
     10467
     10472
     10477
     10482
     10487
     10492
     10497
     10502
     10507
     10512
     10517
     10522
     10527
     10532
     10537
     10542
     10547
     10554
     10559
     10564
     10569
     10574
     10579
     10584
     10589
     10594
     10599
     10604
     10609
     10614
     10619
     10626
     10633
     10638
     10643
     10650
     10657
     10664
     10671
     10678
     10685
     10692
     10697
     10702
     10707
     10712
     10717
     10722
     10727
     10732
     10737
     10742
     10747
     10752
     10757
     10762
     10767
     10772
     10777
     10782
     10787
     10792
     10797
     10802
     10807
     10812
     10817
     10822
     10827
     10832
     10837
     10842
     10847
     10852
     10857
     10864
     10871
     10878
     10885
     10892
     10899
     10906
     10913
     10918
     10923
     10928
     10933
     10938
     10943
     10948
     10953
     10958
     10963
     10968
     10973
     10978
     10983
     10988
     10993
     10998
     11003
     11008
     11013
     11018
     11023
     11028
     11033
     11038
     11043
     11048
     11053
     11058
     11063
     11068
     11075
     11082
     11089
     11096
     11103
     11110
     11115
     11120
     11125
     11130
     11135
     11140
     11145
     11150
     11155
     11160
     11165
     11170
     11175
     11180
     11185
     11190
     11195
     11200
     11205
     11210
     11215
     11220
     11225
     11230
     11235
     11240
     11245
     11250
     11255
     11260
     11265
     11270
     11275
     11280
     11285
     11290
     11297
     11304
     11311
     11318
     11325
     11332
     11339
     11346
     11353
     11360
     11367
     11374
     11379
     11384
     11389
     11394
     11399
     11404
     11409
     11414
     11419
     11424
     11429
     11436
     11443
     11450
     11457
     11464
     11471
     11476
     11481
     11486
     11491
     11496
     11501
     11506
     11511
     11516
     11521
     11526
     11531
     11536
     11541
     11546
     11551
     11556
     11561
     11566
     11571
     11576
     11581
     11586
     11591
     11596
     11601
     11606
     11611
     11618
     11625
     11632
     11639
     11644
     11649
     11654
     11659
     11665
     11670
     11676
     11681
     11688
     11694
     11699
     11705
     11710
     11717
     11722
     11727
     11732
     11737
     11743
     11749
     11754
     11759
     11765
     11771
     11776
     11781
     11786
     11791
     11796
     11801
     11806
     11811
     11816
     11821
     11826
     11831
     11837
     11842
     11848
     11853
     11858
     11863
     11868
     11873
     11878
     11883
     11888
     11895
     11902
     11907
     11912
     11917
     11922
     11927
     11932
     11937
     11942
     11947
     11952
     11957
     11962
     11967
     11972
     11977
     11982
     11987
     11992
     11997
     12002
     12007
     12014
     12021
     12026
     12031
     12036
     12041
     12046
     12051
     12056
     12061
     12067
     12074
     12079
     12084
     12089
     12094
     12099
     12104
     12109
     12114
     12119
     12124
     12129
     12134
     12141
     12148
     12154
     12161
     12166
     12171
     12176
     12181
     12186
     12191
     12198
     12203
     12208
     12213
     12220
     12227
     12234
     12241
     12248
     12253
     12260
     12267
     12274
     12281
     12288
     12293
     12298
     12303
     12308
     12313
     12318
     12323
     12328
     12333
     12338
     12343
     12348
     12353
     12358
     12363
     12368
     12373
     12378
     12383
     12388
     12393
     12398
     12403
     12410
     12417
     12424
     12431
     12438
     12445
     12452
     12459
     12464
     12469
     12474
     12479
     12484
     12489
     12494
     12499
     12504
     12509
     12514
     12519
     12525
     12530
     12536
     12541
     12548
     12554
     12559
     12565
     12572
     12579
     12586
     12593
     12600
     12607
     12614
     12619
     12624
     12629
     12634
     12639
     12646
     12653
     12660
     12667
     12674
     12681
     12688
     12695
     12702
     12709
     12716
     12723
     12730
     12737
     12744
     12751
     12758
     12765
     12772
     12779
     12786
     12793
     12800
     12807
     12812
     12817
     12822
     12827
     12832
     12837
     12842
     12847
     12852
     12857
     12862
     12867
     12872
     12877
     12882
     12887
     12892
     12897
     12902
     12907
     12914
     12920
     12927
     12934
     12941
     12948
     12955
     12962
     12969
     12976
     12983
     12990
     12995
     13000
     13005
     13010
     13015
     13021
     13026
     13032
     13037
     13044
     13050
     13055
     13061
     13066
     13073
     13080
     13087
     13092
     13099
     13105
     13110
     13117
     13124
     13131
     13138
     13145
     13152
     13159
     13166
     13173
     13180
     13187
     13194
     13199
     13204
     13209
     13216
     13223
     13230
     13237
     13244
     13251
     13258
     13265
     13272
     13279
     13286
     13293
     13300
     13307
     13314
     13321
     13328
     13335
     13342
     13349
     13356
     13363
     13370
     13377
     13384
     13391
     13398
     13403
     13408
     13413
     13418
     13425
     13432
     13439
     13446
     13453
     13460
     13467
     13474
     13481
     13488
     13495
     13502
     13509
     13516
     13523
     13530
     13535
     13540
     13545
     13551
     13556
     13561
     13568
     13575
     13582
     13589
     13596
     13603
     13610
     13617
     13624
     13631
     13638
     13643
     13648
     13653
     13658
     13663
     13668
     13675
     13682
     13689
     13695
     13702
     13709
     13716
     13723
     13730
     13737
     13744
     13751
     13758
     13765
     13772
     13779
     13786
     13793
     13800
     13807
     13814
     13819
     13826
     13833
     13840
     13847
     13854
     13861
     13868
     13873
     13878
     13883
     13888
     13895
     13902
     13909
     13916
     13923
     13930
     13937
     13944
     13951
     13958
     13965
     13972
     13977
     13982
     13987
     13992
     13997
     14002
     14007
     14012
     14017
     14022
     14027
     14032
     14037
     14042
     14047
     14052
     14057
     14062
     14067
     14072
     14077
     14082
     14087
     14092
     14097
     14102
     14107
     14112
     14117
     14122
     14127
     14132
     14137
     14142
     14147
     14152
     14157
     14162
     14167
     14172
     14177
     14182
     14187
     14192
     14197
     14202
     14207
     14212
     14217
     14222
     14227
     14232
     14237
     14242
     14247
     14252
     14257
     14262
     14267
     14272
     14277
     14282
     14287
     14292
     14297
     14302
     14307
     14312
     14317
     14322
     14327
     14332
     14337
     14342
     14347
     14353
     14358
     14364
     14369
     14376
     14382
     14387
     14393
     14398
     14405
     14410
     14415
     14420
     14425
     14430
     14435
     14440
     14445
     14450
     14455
     14460
     14465
     14470
     14475
     14480
     14485
     14490
     14495
     14500
     14505
     14510
     14515
     14520
     14525
     14530
     14535
     14540
     14545
     14550
     14555
     14560
     14565
     14570
     14575
     14580
     14587
     14594
     14601
     14608
     14615
     14622
     14629
     14636
     14643
     14650
     14657
     14664
     14671
     14678
     14685
     14692
     14699
     14706
     14713
     14720
     14727
     14734
     14741
     14748
     14755
     14762
     14769
     14776
     14783
     14790
     14797
     14804
     14809
     14814
     14819
     14824
     14829
     14834
     14839
     14844
     14849
     14854
     14859
     14864
     14869
     14874
     14879
     14884
     14889
     14894
     14899
     14904
     14909
     14914
     14919
     14925
     14930
     14936
     14943
     14948
     14953
     14958
     14963
     14970
     14977
     14984
     14989
     14994
     14999
     15004
     15009
     15014
     15019
     15024
     15029
     15034
     15039
     15044
     15049
     15054
     15059
     15064
     15069
     15074
     15079
     15084
     15089
     15094
     15099
     15104
     15109
     15114
     15119
     15124
     15129
     15134
     15139
     15144
     15149
     15154
     15159
     15164
     15169
     15174
     15179
     15184
     15189
     15196
     15203
     15209
     15214
     15220
     15225
     15232
     15238
     15243
     15249
     15254
     15261
     15267
     15272
     15278
     15283
     15290
     15295
     15300
     15305
     15310
     15315
     15320
     15325
     15332
     15339
     15346
     15351
     15356
     15361
     15366
     15373
     15380
     15387
     15394
     15401
     15408
     15415
     15422
     15429
     15436
     15443
     15450
     15457
     15464
     15471
     15478
     15485
     15492
     15499
     15506
     15513
     15520
     15527
     15534
     15541
     15548
     15555
     15562
     15569
     15576
     15583
     15590
     15597
     15604
     15611
     15618
     15625
     15630
     15635
     15640
     15645
     15650
     15655
     15660
     15665
     15670
     15675
     15680
     15685
     15691
     15696
     15701
     15706
     15711
     15716
     15721
     15726
     15731
     15736
     15741
     15746
     15751
     15756
     15761
     15766
     15771
     15778
     15783
     15788
     15793
     15798
     15804
     15810
     15816
     15823
     15830
     15837
     15844
     15851
     15858
     15865
     15872
     15879
     15886
     15893
     15900
     15907
     15914
     15921
     15928
     15935
     15942
     15949
     15956
     15963
     15970
     15977
     15984
     15991
     15998
     16003
     16008
     16013
     16018
     16023
     16030
     16037
     16044
     16051
     16058
     16065
     16072
     16079
     16084
     16089
     16094
     16101
     16108
     16115
     16122
     16127
     16133
     16139
     16144
     16149
     16156
     16163
     16170
     16177
     16184
     16189
     16194
     16201
     16208
     16215
     16222
     16229
     16236
     16243
     16250
     16255
     16260
     16265
     16272
     16279
     16286
     16293
     16300
     16307
     16314
     16321
     16328
     16335
     16342
     16349
     16356
     16363
     16370
     16377
     16384
     16391
     16398
     16405
     16412
     16419
     16426
     16433
     16440
     16447
     16454
     16461
     16466
     16471
     16478
     16485
     16490
     16495
     16500
     16505
     16510
     16515
     16520
     16527
     16534
     16541
     16548
     16553
     16560
     16565
     16572
     16577
     16582
     16587
     16592
     16597
     16602
     16607
     16612
     16617
     16622
     16627
     16632
     16637
     16642
     16647
     16652
     16657
     16662
     16667
     16672
     16677
     16682
     16687
     16692
     16697
     16702
     16707
     16712
     16717
     16722
     16727
     16732
     16737
     16742
     16747
     16752
     16757
     16762
     16767
     16772
     16777
     16782
     16787
     16792
     16797
     16802
     16807
     16812
     16817
     16822
     16827
     16832
     16837
     16842
     16847
     16852
     16857
     16862
     16867
     16872
     16877
     16882
     16887
     16892
     16897
     16902
     16907
     16912
     16917
     16922
     16927
     16932
     16937
     16942
     16947
     16952
     16957
     16962
     16967
     16972
     16977
     16982
     16987
     16992
     16997
     17002
     17007
     17012
     17017
     17022
     17027
     17032
     17037
     17042
     17047
     17052
     17057
     17062
     17067
     17072
     17077
     17082
     17087
     17092
     17097
     17102
     17107
     17112
     17117
     17122
     17127
     17132
     17137
     17142
     17147
     17152
     17157
     17162
     17167
     17172
     17177
     17182
     17187
     17192
     17197
     17202
     17207
     17212
     17217
     17222
     17227
     17232
     17237
     17242
     17247
     17252
     17257
     17262
     17267
     17272
     17277
     17282
     17287
     17292
     17297
     17302
     17307
     17312
     17317
     17322
     17327
     17332
     17337
     17342
     17347
     17352
     17357
     17362
     17367
     17372
     17377
     17382
     17387
     17392
     17397
     17402
     17407
     17412
     17417
     17422
     17427
     17432
     17437
     17442
     17447
     17452
     17457
     17462
     17467
     17472
     17477
     17482
     17487
     17492
     17497
     17502
     17507
     17512
     17517
     17522
     17527
     17532
     17537
     17542
     17547
     17552
     17557
     17562
     17567
     17572
     17577
     17582
     17587
     17592
     17597
     17602
     17607
     17612
     17617
     17622
     17627
     17632
     17637
     17642
     17647
     17652
     17657
     17662
     17667
     17672
     17677
     17682
     17687
     17692
     17697
     17702
     17707
     17712
     17717
     17722
     17727
     17732
     17737
     17742
     17747
     17752
     17757
     17762
     17767
     17772
     17777
     17782
     17787
     17792
     17797
     17802
     17807
     17812
     17817
     17822
     17827
     17832
     17837
     17842
     17847
     17852
     17857
     17862
     17867
     17872
     17877
     17882
     17887
     17892
     17897
     17902
     17907
     17912
     17917
     17922
     17927
     17932
     17937
     17942
     17947
     17952
     17957
     17962
     17967
     17972
     17977
     17982
     17987
     17992
     17997
     18002
     18007
     18012
     18017
     18022
     18027
     18032
     18037
     18042
     18047
     18052
     18057
     18062
     18067
     18072
     18077
     18082
     18087
     18092
     18097
     18102
     18107
     18112
     18117
     18122
     18127
     18132
     18137
     18142
     18147
     18152
     18157
     18162
     18167
     18172
     18177
     18182
     18187
     18192
     18197
     18202
     18207
     18212
     18217
     18222
     18227
     18232
     18237
     18242
     18247
     18252
     18257
     18262
     18267
     18272
     18277
     18282
     18287
     18292
     18297
     18302
     18307
     18312
     18317
     18322
     18327
     18332
     18337
     18342
     18347
     18352
     18357
     18362
     18367
     18372
     18377
     18382
     18387
     18392
     18397
     18402
     18407
     18412
     18417
     18422
     18427
     18432
     18437
     18442
     18447
     18452
     18457
     18462
     18467
     18472
     18477
     18482
     18487
     18492
     18497
     18502
     18507
     18512
     18517
     18522
     18527
     18532
     18537
     18542
     18547
     18552
     18557
     18562
     18567
     18572
     18577
     18582
     18587
     18592
     18597
     18602
     18607
     18612
     18617
     18622
     18627
     18632
     18637
     18642
     18647
     18652
     18657
     18662
     18667
     18672
     18677
     18682
     18687
     18692
     18697
     18702
     18707
     18712
     18717
     18722
     18727
     18732
     18737
     18742
     18747
     18752
     18757
     18762
     18767
     18772
     18777
     18782
     18787
     18792
     18797
     18802
     18807
     18812
     18817
     18822
     18827
     18832
     18837
     18842
     18847
     18852
     18857
     18862
     18867
     18872
     18877
     18882
     18887
     18892
     18897
     18902
     18907
     18912
     18917
     18922
     18927
     18932
     18937
     18942
     18947
     18952
     18957
     18962
     18967
     18972
     18977
     18982
     18987
     18992
     18997
     19002
     19007
     19012
     19017
     19022
     19027
     19032
     19037
     19042
     19047
     19052
     19057
     19062
     19067
     19072
     19077
     19082
     19087
     19092
     19097
     19102
     19107
     19112
     19117
     19122
     19127
     19132
     19137
     19142
     19147
     19152
     19157
     19162
     19167
     19172
     19177
     19182
     19187
     19192
     19197
     19202
     19207
     19212
     19217
     19222
     19227
     19232
     19237
     19242
     19247
     19252
     19257
     19262
     19267
     19272
     19277
     19282
     19287
     19292
     19297
     19302
     19307
     19312
     19317
     19322
     19327
     19332
     19337
     19342
     19347
     19352
     19357
     19362
     19367
     19372
     19377
     19382
     19387
     19392
     19397
     19402
     19407
     19412
     19417
     19422
     19427
     19432
     19437
     19442
     19447
     19452
     19457
     19462
     19467
     19472
     19477
     19482
     19487
     19492
     19497
     19502
     19507
     19512
     19517
     19522
     19527
     19532
     19537
     19542
     19547
     19552
     19557
     19562
     19567
     19572
     19577
     19582
     19587
     19592
     19597
     19602
     19607
     19612
     19617
     19622
     19627
     19632
     19637
     19642
     19647
     19652
     19657
     19662
     19667
     19672
     19677
     19682
     19687
     19692
     19697
     19702
     19707
     19712
     19717
     19722
     19727
     19732
     19737
     19742
     19747
     19752
     19757
     19762
     19767
     19772
     19777
     19782
     19787
     19792
     19797
     19802
     19807
     19812
     19817
     19822
     19827
     19832
     19837
     19842
     19847
     19852
     19857
     19862
     19867
     19872
     19877
     19882
     19887
     19892
     19899
     19906
     19913
     19920
     19927
     19934
     19941
     19948
     19953
     19958
     19963
     19968
     19973
     19978
     19983
     19988
     19993
     19998
     20003
     20008
     20014
     20019
     20025
     20030
     20037
     20042
     20047
     20052
     20057
     20062
     20067
     20072
     20077
     20082
     20087
     20094
     20101
     20108
     20115
     20122
     20129
     20134
     20139
     20144
     20149
     20154
     20159
     20164
     20169
     20174
     20179
     20184
     20189
     20194
     20199
     20204
     20211
     20218
     20225
     20232
     20239
     20246
     20253
     20260
     20267
     20274
     20281
     20288
     20295
     20302
     20309
     20316
     20323
     20330
     20337
     20344
     20351
     20358
     20365
     20372
     20379
     20386
     20393
     20400
     20407
     20414
     20421
     20428
     20435
     20442
     20449
     20456
     20463
     20470
     20477
     20484
     20491
     20498
     20505
     20512
     20519
     20526
     20533
     20540
     20545
     20550
     20555
     20560
     20565
     20570
     20575
     20580
     20585
     20590
     20595
     20600
     20605
     20610
     20615
     20620
     20625
     20630
     20635
     20640
     20645
     20650
     20655
     20660
     20665
     20670
     20675
     20680
     20685
     20692
     20699
     20706
     20713
     20720
     20727
     20733
     20738
     20744
     20749
     20756
     20761
     20766
     20771
     20776
     20783
     20790
     20797
     20804
     20809
     20814
     20819
     20824
     20829
     20834
     20839
     20844
     20849
     20856
     20863
     20870
     20877
     20884
     20891
     20898
     20905
     20912
     20919
     20926
     20933
     20940
     20947
     20954
     20961
     20968
     20975
     20982
     20989
     20996
     21003
     21010
     21017
     21024
     21031
     21038
     21045
     21052
     21059
     21066
     21073
     21080
     21087
     21094
     21101
     21108
     21115
     21122
     21129
     21136
     21143
     21150
     21157
     21164
     21171
     21178
     21185
     21192
     21199
     21206
     21213
     21220
     21227
     21234
     21241
     21248
     21255
     21262
     21269
     21276
     21283
     21290
     21297
     21304
     21311
     21318
     21325
     21332
     21339
     21346
     21353
     21360
     21367
     21374
     21381
     21388
     21395
     21402
     21409
     21416
     21423
     21430
     21437
     21444
     21451
     21458
     21465
     21472
     21478
     21484
     21491
     21497
     21502
     21508
     21514
     21519
     21525
     21531
     21538
     21544
     21549
     21555
     21562
     21567
     21572
     21579
     21586
     21593
     21600
     21607
     21614
     21621
     21628
     21635
     21640
     21645
     21650
     21657
     21662
     21669
     21675
     21680
     21685
     21690
     21697
     21704
     21711
     21718
     21725
     21732
     21739
     21746
     21753
     21760
     21767
     21774
     21781
     21788
     21793
     21798
     21803
     21808
     21815
     21822
     21827
     21832
     21837
     21844
     21851
     21858
     21865
     21872
     21879
     21886
     21893
     21900
     21907
     21914
     21921
     21928
     21935
     21942
     21947
     21952
     21957
     21962
     21969
     21976
     21983
     21990
     21997
     22004
     22011
     22017
     22024
     22031
     22038
     22045
     22052
     22059
     22064
     22071
     22076
     22081
     22086
     22091
     22098
     22105
     22112
     22119
     22126
     22133
     22140
     22147
     22154
     22161
     22168
     22175
     22182
     22189
     22196
     22203
     22210
     22217
     22224
     22231
     22238
     22245
     22252
     22259
     22266
     22273
     22280
     22287
     22294
     22301
     22308
     22315
     22322
     22329
     22336
     22343
     22350
     22357
     22364
     22371
     22378
     22385
     22392
     22397
     22404
     22411
     22418
     22425
     22432
     22439
     22446
     22453
     22460
     22467
     22472
     22477
     22482
     22487
     22493
     22499
     22505
     22511
     22517
     22523
     22529
     22535
     22541
     22547
     22553
     22559
     22565
     22571
     22577
     22584
     22591
     22596
     22601
     22606
     22611
     22616
     22621
     22626
     22631
     22636
     22641
     22646
     22653
     22660
     22667
     22672
     22677
     22684
     22691
     22698
     22705
     22712
     22717
     22722
     22727
     22732
     22737
     22742
     22747
     22752
     22757
     22762
     22767
     22772
     22777
     22782
     22787
     22792
     22797
     22802
     22807
     22812
     22819
     22824
     22829
     22834
     22839
     22844
     22849
     22854
     22861
     22868
     22875
     22880
     22885
     22892
     22899
     22906
     22913
     22920
     22927
     22932
     22937
     22940
     22944
     22947
     22951
     22955
     22959
     22963
     22967
     22971
     22975
     22979
     22983
     22987
     22991
     22995
     22999
     23003
     23007
     23011
     23014
     23017
     23020
     23023
     23026
     23029
     23032
     23035
     23038
     23041
     23044
     23047
     23050
     23053
     23056
     23059
     23062
     23065
     23068
     23071
     23074
     23077
     23080
     23083
     23086
     23089
     23092
     23095
     23098
     23101
     23104
     23107
     23110
     23113
     23116
     23120
     23124
     23127
     23130
     23133
     23137
     23141
     23145
     23149
     23152
     23155
     23158
     23161
     23164
     23167
     23170
     23173
     23176
     23179
     23182
     23185
     23188
     23191
     23194
     23197
     23200
     23203
     23206
     23209
     23212
     23215
     23218
     23221
     23224
     23227
     23230
     23234
     23237
     23240
     23243
     23246
     23249
     23252
     23255
     23258
     23261
     23264
     23267
     23270
     23273
     23276
     23279
     23282
     23285
     23288
     23291
     23294
