         1
        11
        20
        29
        38
        47
        57
        67
        76
        84
        92
       102
       112
       123
       133
       143
       153
       163
       173
       182
       190
       198
       204
       210
       216
       222
       228
       234
       240
       246
       256
       266
       276
       286
       296
       306
       316
       327
       337
       348
       358
       367
       378
       389
       398
       409
       419
       429
       439
       450
       461
       471
       481
       491
       501
       512
       522
       532
       540
       550
       558
       565
       573
       582
       590
       597
       603
       609
       615
       621
       627
       633
       643
       652
       661
       670
       679
       689
       698
       707
       715
       723
       732
       742
       751
       760
       769
       775
       781
       787
       793
       799
       805
       811
       817
       823
       829
       835
       841
       847
       853
       859
       865
       871
       877
       883
       889
       895
       901
       907
       913
       919
       925
       931
       937
       943
       949
       955
       961
       967
       973
       979
       985
       996
      1006
      1016
      1026
      1036
      1045
      1052
      1060
      1070
      1077
      1085
      1091
      1097
      1103
      1113
      1123
      1133
      1144
      1154
      1164
      1173
      1182
      1191
      1201
      1210
      1219
      1229
      1239
      1249
      1259
      1268
      1277
      1287
      1297
      1307
      1318
      1328
      1339
      1349
      1360
      1371
      1383
      1394
      1405
      1411
      1417
      1423
      1433
      1443
      1453
      1464
      1474
      1484
      1493
      1502
      1508
      1514
      1522
      1531
      1539
      1548
      1555
      1561
      1567
      1577
      1584
      1592
      1601
      1612
      1621
      1631
      1640
      1650
      1660
      1670
      1680
      1690
      1700
      1706
      1712
      1718
      1724
      1730
      1736
      1742
      1748
      1754
      1760
      1766
      1772
      1778
      1784
      1790
      1796
      1802
      1808
      1814
      1820
      1826
      1832
      1838
      1844
      1850
      1856
      1862
      1868
      1874
      1880
      1886
      1892
      1898
      1904
      1910
      1916
      1922
      1928
      1934
      1940
      1946
      1952
      1958
      1964
      1970
      1976
      1982
      1989
      1995
      2001
      2007
      2013
      2019
      2025
      2031
      2037
      2043
      2054
      2065
      2075
      2085
      2095
      2105
      2115
      2121
      2127
      2133
      2139
      2149
      2159
      2169
      2179
      2185
      2191
      2197
      2203
      2209
      2215
      2226
      2237
      2247
      2257
      2263
      2269
      2275
      2281
      2287
      2293
      2299
      2305
      2315
      2326
      2336
      2347
      2357
      2367
      2378
      2384
      2390
      2396
      2406
      2415
      2424
      2432
      2440
      2447
      2453
      2459
      2465
      2471
      2477
      2483
      2489
      2495
      2501
      2507
      2513
      2519
      2530
      2541
      2547
      2553
      2559
      2565
      2571
      2577
      2583
      2589
      2595
      2601
      2607
      2618
      2629
      2640
      2650
      2660
      2666
      2672
      2678
      2684
      2690
      2696
      2702
      2708
      2714
      2720
      2726
      2732
      2738
      2744
      2750
      2756
      2765
      2772
      2778
      2784
      2790
      2796
      2802
      2808
      2815
      2821
      2827
      2833
      2839
      2845
      2855
      2864
      2875
      2886
      2896
      2904
      2911
      2923
      2934
      2943
      2950
      2956
      2962
      2968
      2974
      2980
      2986
      2992
      2998
      3004
      3010
      3016
      3022
      3028
      3034
      3040
      3046
      3052
      3058
      3064
      3071
      3079
      3087
      3096
      3102
      3108
      3114
      3120
      3126
      3132
      3138
      3144
      3150
      3156
      3167
      3173
      3181
      3190
      3198
      3207
      3215
      3224
      3230
      3238
      3248
      3257
      3268
      3275
      3285
      3295
      3304
      3313
      3323
      3332
      3342
      3349
      3359
      3368
      3377
      3386
      3394
      3404
      3415
      3424
      3434
      3445
      3454
      3463
      3473
      3483
      3492
      3501
      3511
      3522
      3532
      3542
      3552
      3562
      3572
      3583
      3593
      3603
      3613
      3623
      3631
      3640
      3648
      3657
      3664
      3672
      3681
      3689
      3699
      3706
      3715
      3725
      3735
      3745
      3755
      3765
      3776
      3786
      3796
      3806
      3817
      3827
      3837
      3847
      3857
      3867
      3878
      3888
      3898
      3908
      3918
      3928
      3938
      3947
      3958
      3968
      3976
      3984
      3993
      4003
      4013
      4023
      4033
      4043
      4053
      4063
      4073
      4083
      4093
      4103
      4113
      4123
      4133
      4143
      4153
      4161
      4170
      4178
      4187
      4194
      4202
      4211
      4219
      4228
      4235
      4243
      4252
      4260
      4269
      4276
      4284
      4294
      4302
      4310
      4317
      4325
      4334
      4342
      4351
      4358
      4369
      4380
      4390
      4400
      4410
      4420
      4429
      4439
      4448
      4458
      4468
      4479
      4490
      4500
      4509
      4518
      4527
      4536
      4545
      4555
      4565
      4574
      4583
      4592
      4602
      4611
      4620
      4630
      4639
      4647
      4657
      4666
      4676
      4685
      4694
      4703
      4712
      4722
      4731
      4741
      4750
      4759
      4768
      4777
      4787
      4796
      4805
      4814
      4823
      4832
      4842
      4851
      4860
      4869
      4879
      4888
      4898
      4907
      4916
      4926
      4935
      4944
      4953
      4962
      4972
      4981
      4990
      4999
      5008
      5018
      5028
      5037
      5046
      5055
      5064
      5075
      5085
      5096
      5106
      5116
      5126
      5136
      5146
      5156
      5166
      5176
      5186
      5196
      5206
      5216
      5226
      5236
      5246
      5256
      5266
      5275
      5282
      5291
      5299
      5309
      5319
      5328
      5337
      5344
      5353
      5363
      5373
      5383
      5393
      5404
      5414
      5424
      5434
      5444
      5454
      5464
      5475
      5485
      5495
      5505
      5515
      5525
      5535
      5545
      5556
      5566
      5576
      5587
      5597
      5607
      5617
      5627
      5637
      5647
      5657
      5667
      5677
      5687
      5697
      5708
      5718
      5728
      5739
      5749
      5759
      5769
      5779
      5789
      5799
      5809
      5819
      5830
      5840
      5850
      5860
      5870
      5880
      5890
      5901
      5911
      5921
      5932
      5942
      5953
      5963
      5973
      5983
      5994
      6004
      6014
      6024
      6034
      6044
      6054
      6064
      6074
      6084
      6094
      6104
      6114
      6124
      6134
      6145
      6155
      6165
      6174
      6184
      6194
      6204
      6214
      6224
      6234
      6244
      6254
      6264
      6274
      6284
      6294
      6304
      6314
      6325
      6335
      6345
      6355
      6365
      6375
      6386
      6396
      6406
      6416
      6426
      6436
      6446
      6457
      6467
      6477
      6487
      6498
      6508
      6518
      6526
      6534
      6544
      6554
      6564
      6573
      6580
      6591
      6601
      6611
      6621
      6631
      6641
      6651
      6661
      6671
      6681
      6691
      6701
      6712
      6722
      6732
      6743
      6753
      6763
      6773
      6784
      6795
      6805
      6816
      6826
      6837
      6847
      6857
      6867
      6877
      6887
      6897
      6907
      6916
      6927
      6937
      6947
      6958
      6968
      6977
      6988
      6999
      7009
      7019
      7029
      7039
      7049
      7060
      7070
      7080
      7091
      7102
      7112
      7122
      7132
      7142
      7151
      7161
      7171
      7181
      7193
      7200
      7211
      7221
      7231
      7241
      7252
      7262
      7272
      7282
      7293
      7304
      7316
      7327
      7338
      7348
      7358
      7369
      7380
      7392
      7403
      7414
      7425
      7435
      7446
      7457
      7468
      7478
      7488
      7499
      7509
      7519
      7529
      7539
      7549
      7559
      7570
      7581
      7591
      7602
      7612
      7622
      7633
      7643
      7654
      7664
      7675
      7686
      7696
      7708
      7719
      7726
      7735
      7746
      7757
      7767
      7777
      7788
      7798
      7808
      7818
      7828
      7838
      7849
      7859
      7869
      7879
      7890
      7900
      7911
      7922
      7933
      7945
      7956
      7965
      7972
      7982
      7992
      8002
      8012
      8022
      8032
      8041
      8051
      8061
      8072
      8083
      8093
      8104
      8115
      8126
      8136
      8146
      8157
      8167
      8177
      8188
      8199
      8209
      8219
      8229
      8240
      8251
      8261
      8273
      8285
      8291
      8297
      8303
      8309
      8315
      8321
      8327
      8333
      8339
      8345
      8351
      8357
      8363
      8369
      8378
      8388
      8397
      8405
      8413
      8424
      8435
      8442
      8450
      8460
      8470
      8480
      8491
      8501
      8511
      8521
      8531
      8541
      8550
      8560
      8569
      8578
      8588
      8598
      8607
      8616
      8624
      8634
      8643
      8652
      8662
      8670
      8678
      8687
      8696
      8703
      8712
      8722
      8731
      8740
      8749
      8758
      8768
      8779
      8789
      8799
      8809
      8819
      8830
      8840
      8850
      8860
      8870
      8880
      8888
      8898
      8908
      8918
      8926
      8937
      8947
      8958
      8968
      8978
      8988
      8998
      9008
      9017
      9028
      9038
      9047
      9057
      9066
      9076
      9085
      9094
      9103
      9112
      9122
      9133
      9143
      9153
      9163
      9172
      9182
      9192
      9203
      9213
      9224
      9234
      9245
      9255
      9265
      9275
      9285
      9295
      9306
      9317
      9327
      9337
      9347
      9357
      9365
      9374
      9382
      9391
      9398
      9407
      9415
      9423
      9430
      9441
      9451
      9462
      9471
      9481
      9492
      9502
      9511
      9521
      9531
      9541
      9551
      9561
      9571
      9581
      9590
      9600
      9609
      9618
      9627
      9637
      9647
      9656
      9665
      9674
      9683
      9693
      9702
      9710
      9718
      9724
      9730
      9736
      9742
      9748
      9754
      9760
      9766
      9772
      9778
      9784
      9790
      9796
      9802
      9808
      9814
      9820
      9826
      9833
      9839
      9845
      9851
      9857
      9863
      9869
      9875
      9881
      9887
      9893
      9899
      9905
      9911
      9919
      9928
      9936
      9945
      9952
      9963
      9973
      9984
      9994
     10005
     10015
     10025
     10034
     10043
     10053
     10063
     10073
     10083
     10094
     10104
     10114
     10124
     10134
     10145
     10155
     10165
     10175
     10185
     10195
     10205
     10217
     10227
     10238
     10247
     10256
     10266
     10275
     10281
     10287
     10293
     10304
     10313
     10323
     10333
     10343
     10352
     10361
     10371
     10381
     10392
     10402
     10412
     10422
     10432
     10442
     10452
     10461
     10471
     10481
     10491
     10501
     10510
     10519
     10530
     10540
     10551
     10561
     10571
     10581
     10589
     10599
     10607
     10617
     10627
     10637
     10647
     10658
     10669
     10680
     10690
     10700
     10710
     10719
     10728
     10738
     10749
     10760
     10771
     10781
     10791
     10801
     10811
     10821
     10831
     10841
     10851
     10861
     10871
     10880
     10890
     10900
     10910
     10920
     10930
     10940
     10951
     10962
     10974
     10985
     10996
     11007
     11017
     11026
     11036
     11045
     11055
     11065
     11075
     11085
     11092
     11101
     11109
     11120
     11130
     11139
     11148
     11159
     11171
     11182
     11190
     11199
     11207
     11216
     11223
     11230
     11239
     11247
     11257
     11266
     11275
     11285
     11294
     11303
     11313
     11324
     11334
     11344
     11354
     11363
     11373
     11383
     11390
     11396
     11402
     11408
     11414
     11420
     11426
     11432
     11438
     11444
     11450
     11456
     11462
     11468
     11474
     11480
     11487
     11493
     11499
     11505
     11511
     11517
     11523
     11529
     11535
     11541
     11547
     11553
     11559
     11565
     11571
     11577
     11583
     11589
     11595
     11601
     11607
     11613
     11619
     11625
     11631
     11637
     11643
     11653
     11662
     11673
     11683
     11694
     11705
     11714
     11724
     11732
     11740
     11747
     11758
     11769
     11779
     11790
     11798
     11805
     11815
     11822
     11830
     11836
     11842
     11853
     11864
     11870
     11876
     11882
     11888
     11894
     11900
     11906
     11913
     11919
     11925
     11931
     11937
     11943
     11949
     11955
     11961
     11967
     11973
     11983
     11992
     12001
     12011
     12021
     12032
     12043
     12053
     12060
     12068
     12076
     12084
     12092
     12098
     12104
     12110
     12116
     12122
     12128
     12134
     12140
     12146
     12152
     12158
     12164
     12170
     12176
     12182
     12188
     12194
     12201
     12210
     12216
     12222
     12228
     12234
     12245
     12255
     12264
     12271
     12277
     12287
     12297
     12303
     12309
     12315
     12321
     12327
     12333
     12339
     12345
     12351
     12357
     12363
     12369
     12375
     12381
     12387
     12393
     12399
     12405
     12411
     12417
     12423
     12429
     12435
     12441
     12447
     12453
     12459
     12465
     12471
     12480
     12489
     12497
     12505
     12514
     12525
     12535
     12544
     12551
     12560
     12570
     12581
     12591
     12602
     12611
     12621
     12631
     12640
     12649
     12657
     12665
     12676
     12686
     12693
     12702
     12711
     12719
     12729
     12737
     12747
     12758
     12769
     12780
     12790
     12801
     12812
     12823
     12834
     12845
     12856
     12866
     12876
     12886
     12896
     12906
     12916
     12926
     12935
     12944
     12954
     12964
     12974
     12983
     12993
     13004
     13014
     13024
     13033
     13042
     13052
     13063
     13071
     13080
     13090
     13100
     13106
     13112
     13118
     13123
     13129
     13135
     13141
     13146
     13154
     13163
     13171
     13180
     13187
     13195
     13203
     13209
     13217
     13224
     13234
     13243
     13251
     13260
     13268
     13277
     13285
     13292
     13303
     13313
     13322
     13331
     13340
     13348
     13357
     13366
     13375
     13384
     13393
     13402
     13412
     13422
     13433
     13443
     13453
     13462
     13472
     13481
     13490
     13498
     13508
     13517
     13525
     13533
     13542
     13548
     13554
     13560
     13565
     13571
     13577
     13583
     13588
     13594
     13600
     13606
     13612
     13618
     13624
     13630
     13636
     13642
     13648
     13654
     13660
     13666
     13672
     13678
     13684
     13690
     13695
     13701
     13711
     13719
     13727
     13736
     13746
     13755
     13765
     13774
     13781
     13789
     13799
     13809
     13819
     13829
     13839
     13849
     13859
     13869
     13879
     13889
     13899
     13908
     13917
     13927
     13938
     13948
     13958
     13968
     13979
     13989
     13998
     14007
     14017
     14026
     14032
     14038
     14044
     14053
     14060
     14068
     14077
     14085
     14093
     14100
     14109
     14119
     14128
     14138
     14146
     14155
     14163
     14172
     14179
     14189
     14199
     14209
     14219
     14229
     14236
     14246
     14254
     14265
     14275
     14285
     14296
     14306
     14316
     14326
     14336
     14342
     14348
     14354
     14360
     14366
     14376
     14386
     14397
     14406
     14415
     14422
     14430
     14441
     14451
     14461
     14472
     14482
     14488
     14494
     14500
     14506
     14512
     14518
     14524
     14530
     14536
     14542
     14548
     14554
     14560
     14566
     14572
     14578
     14584
     14590
     14596
     14602
     14608
     14614
     14620
     14626
     14632
     14638
     14644
     14650
     14656
     14662
     14668
     14674
     14680
     14687
     14693
     14699
     14705
     14711
     14717
     14723
     14729
     14735
     14741
     14747
     14753
     14759
     14765
     14772
     14778
     14784
     14790
     14796
     14802
     14809
     14815
     14821
     14827
     14833
     14839
     14845
     14851
     14857
     14863
     14869
     14875
     14881
     14887
     14897
     14907
     14917
     14927
     14937
     14947
     14957
     14968
     14978
     14986
     14996
     15005
     15011
     15016
     15022
     15028
     15033
     15039
     15050
     15060
     15071
     15082
     15093
     15100
     15107
     15114
     15120
     15126
     15132
     15138
     15144
     15150
     15156
     15162
     15168
     15174
     15183
     15193
     15202
     15210
     15218
     15224
     15230
     15236
     15242
     15249
     15255
     15266
     15275
     15285
     15293
     15300
     15306
     15316
     15326
     15337
     15348
     15354
     15359
     15365
     15371
     15377
     15383
     15389
     15395
     15402
     15412
     15420
     15426
     15432
     15438
     15444
     15450
     15456
     15462
     15468
     15474
     15485
     15494
     15501
     15507
     15513
     15519
     15525
     15531
     15537
     15543
     15549
     15557
     15567
     15578
     15589
     15600
     15606
     15612
     15618
     15624
     15633
     15640
     15650
     15656
     15662
     15668
     15674
     15680
     15686
     15692
     15698
     15704
     15710
     15716
     15722
     15728
     15734
     15740
     15746
     15752
     15758
     15764
     15770
     15776
     15782
     15789
     15799
     15810
     15818
     15827
     15835
     15842
     15848
     15854
     15860
     15866
     15872
     15878
     15884
     15890
     15896
     15902
     15908
     15914
     15925
     15934
     15943
     15952
     15958
     15964
     15975
     15985
     15996
     16007
     16017
     16027
     16039
     16050
     16060
     16069
     16076
     16086
     16096
     16106
     16112
     16118
     16124
     16133
     16144
     16150
     16156
     16162
     16169
     16179
     16189
     16200
     16210
     16220
     16230
     16236
     16242
     16252
     16263
     16274
     16283
     16294
     16306
     16317
     16327
     16334
     16345
     16357
     16368
     16374
     16381
     16387
     16393
     16399
     16405
     16411
     16420
     16429
     16437
     16444
     16452
     16461
     16471
     16479
     16489
     16500
     16509
     16518
     16525
     16532
     16541
     16550
     16559
     16569
     16576
     16586
     16596
     16606
     16615
     16624
     16631
     16640
     16651
     16660
     16669
     16679
     16690
     16698
     16707
     16714
     16723
     16733
     16743
     16751
     16761
     16769
     16780
     16792
     16802
     16809
     16818
     16828
     16838
     16847
     16857
     16867
     16877
     16887
     16897
     16907
     16915
     16924
     16934
     16944
     16954
     16964
     16974
     16982
     16992
     16999
     17009
     17018
     17028
     17038
     17049
     17059
     17069
     17079
     17089
     17100
     17110
     17118
     17127
     17134
     17143
     17153
     17161
     17172
     17182
     17190
     17200
     17207
     17216
     17227
     17235
     17244
     17254
     17263
     17272
     17281
     17289
     17299
     17309
     17319
     17329
     17339
     17348
     17356
     17366
     17373
     17381
     17391
     17400
     17411
     17421
     17431
     17441
     17451
     17461
     17471
     17481
     17491
     17501
     17510
     17520
     17530
     17538
     17548
     17557
     17567
     17577
     17588
     17598
     17608
     17618
     17628
     17638
     17649
     17659
     17669
     17679
     17689
     17697
     17708
     17716
     17726
     17736
     17746
     17756
     17766
     17776
     17786
     17796
     17806
     17816
     17827
     17837
     17847
     17857
     17867
     17877
     17887
     17897
     17907
     17917
     17927
     17938
     17948
     17956
     17964
     17974
     17984
     17993
     18002
     18011
     18020
     18028
     18038
     18047
     18056
     18067
     18075
     18083
     18093
     18103
     18113
     18124
     18134
     18144
     18154
     18162
     18171
     18180
     18189
     18198
     18207
     18217
     18226
     18235
     18244
     18254
     18263
     18272
     18281
     18290
     18300
     18309
     18319
     18328
     18338
     18347
     18356
     18365
     18374
     18383
     18393
     18402
     18411
     18420
     18430
     18439
     18448
     18457
     18466
     18476
     18485
     18494
     18503
     18512
     18522
     18531
     18540
     18550
     18559
     18569
     18578
     18588
     18597
     18606
     18616
     18626
     18636
     18646
     18656
     18666
     18675
     18684
     18693
     18703
     18711
     18719
     18730
     18741
     18752
     18762
     18772
     18782
     18791
     18802
     18812
     18822
     18832
     18842
     18852
     18862
     18872
     18882
     18892
     18903
     18914
     18924
     18934
     18944
     18955
     18966
     18978
     18987
     18997
     19005
     19014
     19024
     19033
     19042
     19051
     19061
     19071
     19081
     19091
     19102
     19112
     19122
     19130
     19140
     19150
     19159
     19169
     19180
     19190
     19200
     19210
     19220
     19230
     19240
     19250
     19261
     19271
     19281
     19291
     19301
     19311
     19321
     19331
     19341
     19351
     19361
     19372
     19382
     19393
     19403
     19413
     19423
     19433
     19443
     19453
     19463
     19473
     19484
     19494
     19504
     19514
     19523
     19533
     19543
     19553
     19564
     19575
     19586
     19597
     19608
     19618
     19628
     19639
     19649
     19659
     19669
     19679
     19689
     19699
     19709
     19719
     19730
     19740
     19748
     19758
     19768
     19778
     19788
     19798
     19808
     19818
     19828
     19838
     19848
     19858
     19868
     19878
     19888
     19898
     19909
     19920
     19931
     19940
     19950
     19960
     19970
     19981
     19991
     20001
     20011
     20021
     20031
     20042
     20052
     20062
     20072
     20082
     20092
     20102
     20112
     20120
     20130
     20141
     20151
     20161
     20172
     20182
     20192
     20202
     20213
     20223
     20234
     20244
     20254
     20265
     20276
     20287
     20297
     20307
     20318
     20328
     20338
     20348
     20359
     20370
     20381
     20391
     20401
     20411
     20421
     20431
     20442
     20452
     20463
     20473
     20483
     20493
     20504
     20514
     20524
     20534
     20545
     20556
     20567
     20577
     20587
     20597
     20607
     20618
     20628
     20639
     20650
     20661
     20672
     20682
     20692
     20703
     20713
     20724
     20734
     20745
     20756
     20766
     20776
     20786
     20796
     20807
     20817
     20827
     20837
     20847
     20857
     20867
     20877
     20886
     20896
     20906
     20916
     20926
     20937
     20947
     20956
     20966
     20976
     20986
     20996
     21006
     21016
     21026
     21036
     21046
     21056
     21067
     21077
     21087
     21097
     21107
     21117
     21128
     21138
     21149
     21158
     21169
     21179
     21189
     21199
     21209
     21219
     21229
     21240
     21250
     21260
     21272
     21281
     21290
     21300
     21310
     21321
     21331
     21342
     21353
     21365
     21375
     21385
     21396
     21407
     21417
     21427
     21435
     21443
     21454
     21465
     21475
     21485
     21496
     21507
     21519
     21530
     21539
     21549
     21558
     21568
     21577
     21586
     21596
     21604
     21612
     21621
     21631
     21640
     21648
     21655
     21664
     21673
     21680
     21690
     21700
     21708
     21715
     21725
     21734
     21743
     21752
     21761
     21769
     21779
     21788
     21797
     21804
     21813
     21823
     21832
     21841
     21850
     21859
     21869
     21879
     21888
     21897
     21907
     21916
     21925
     21934
     21943
     21952
     21962
     21971
     21981
     21990
     21999
     22009
     22019
     22028
     22037
     22047
     22056
     22066
     22075
     22084
     22094
     22104
     22114
     22123
     22132
     22142
     22151
     22160
     22170
     22179
     22190
     22200
     22210
     22220
     22230
     22240
     22250
     22260
     22271
     22281
     22291
     22301
     22308
     22316
     22325
     22335
     22345
     22354
     22363
     22373
     22383
     22394
     22403
     22414
     22423
     22433
     22445
     22455
     22463
     22473
     22481
     22490
     22500
     22510
     22520
     22531
     22540
     22549
     22557
     22566
     22575
     22584
     22594
     22604
     22615
     22625
     22635
     22645
     22655
     22665
     22675
     22686
     22696
     22706
     22717
     22727
     22737
     22748
     22758
     22767
     22778
     22787
     22796
     22806
     22816
     22826
     22834
     22843
     22853
     22863
     22873
     22883
     22893
     22904
     22914
     22924
     22935
     22943
     22953
     22963
     22974
     22983
     22993
     23003
     23013
     23024
     23033
     23043
     23053
     23063
     23074
     23084
     23094
     23104
     23115
     23125
     23135
     23145
     23155
     23165
     23175
     23185
     23194
     23203
     23213
     23222
     23232
     23241
     23250
     23259
     23268
     23277
     23287
     23296
     23305
     23314
     23323
     23333
     23342
     23351
     23360
     23370
     23380
     23389
     23398
     23407
     23417
     23426
     23435
     23444
     23453
     23462
     23472
     23481
     23491
     23500
     23511
     23521
     23530
     23539
     23549
     23558
     23568
     23578
     23587
     23597
     23606
     23616
     23625
     23634
     23645
     23656
     23667
     23678
     23686
     23694
     23704
     23714
     23724
     23734
     23744
     23755
     23766
     23776
     23786
     23797
     23807
     23817
     23828
     23838
     23848
     23859
     23869
     23879
     23889
     23899
     23909
     23919
     23929
     23939
     23949
     23959
     23969
     23980
     23992
     24004
     24015
     24026
     24037
     24048
     24058
     24068
     24078
     24088
     24098
     24109
     24119
     24129
     24139
     24148
     24157
     24167
     24178
     24188
     24198
     24208
     24218
     24227
     24236
     24246
     24256
     24266
     24276
     24286
     24297
     24307
     24317
     24327
     24338
     24349
     24359
     24369
     24379
     24389
     24399
     24409
     24419
     24429
     24439
     24449
     24459
     24469
     24479
     24489
     24499
     24510
     24520
     24530
     24540
     24550
     24560
     24570
     24580
     24590
     24600
     24610
     24620
     24630
     24641
     24651
     24661
     24671
     24681
     24691
     24701
     24711
     24721
     24731
     24741
     24752
     24763
     24773
     24783
     24793
     24803
     24813
     24824
     24834
     24844
     24854
     24864
     24875
     24885
     24895
     24905
     24915
     24925
     24936
     24946
     24956
     24967
     24977
     24987
     24998
     25008
     25018
     25029
     25040
     25050
     25060
     25070
     25080
     25089
     25099
     25109
     25119
     25129
     25139
     25150
     25160
     25171
     25181
     25191
     25201
     25212
     25224
     25235
     25246
     25257
     25267
     25277
     25287
     25298
     25308
     25319
     25329
     25340
     25350
     25361
     25372
     25383
     25393
     25404
     25414
     25424
     25434
     25445
     25455
     25465
     25475
     25485
     25495
     25505
     25516
     25527
     25538
     25549
     25560
     25571
     25581
     25591
     25602
     25613
     25624
     25635
     25645
     25656
     25666
     25676
     25686
     25697
     25708
     25719
     25729
     25740
     25751
     25761
     25771
     25781
     25791
     25802
     25812
     25822
     25832
     25842
     25852
     25863
     25874
     25884
     25894
     25904
     25914
     25925
     25937
     25948
     25959
     25969
     25979
     25989
     25999
     26010
     26021
     26031
     26041
     26051
     26062
     26073
     26082
     26092
     26102
     26113
     26123
     26133
     26143
     26153
     26164
     26174
     26184
     26194
     26205
     26216
     26227
     26238
     26249
     26259
     26269
     26280
     26291
     26301
     26312
     26322
     26332
     26342
     26352
     26363
     26373
     26383
     26393
     26403
     26413
     26424
     26435
     26446
     26456
     26466
     26476
     26487
     26498
     26509
     26520
     26530
     26542
     26554
     26565
     26576
     26586
     26596
     26606
     26616
     26626
     26636
     26646
     26656
     26666
     26676
     26686
     26697
     26708
     26719
     26730
     26741
     26752
     26763
     26773
     26781
     26790
     26801
     26811
     26821
     26830
     26839
     26848
     26857
     26866
     26875
     26885
     26893
     26902
     26910
     26918
     26925
     26934
     26942
     26951
     26961
     26970
     26978
     26988
     26996
     27005
     27016
     27025
     27035
     27044
     27053
     27062
     27072
     27081
     27090
     27098
     27107
     27113
     27121
     27128
     27138
     27148
     27158
     27167
     27176
     27186
     27197
     27207
     27217
     27227
     27237
     27247
     27257
     27268
     27278
     27288
     27298
     27308
     27318
     27329
     27339
     27350
     27360
     27369
     27375
     27380
     27386
     27392
     27398
     27405
     27413
     27422
     27429
     27441
     27451
     27460
     27469
     27478
     27488
     27499
     27508
     27518
     27526
     27534
     27543
     27553
     27562
     27571
     27578
     27586
     27595
     27606
     27616
     27626
     27636
     27646
     27655
     27664
     27674
     27683
     27692
     27701
     27711
     27720
     27729
     27739
     27748
     27757
     27766
     27776
     27782
     27788
     27795
     27801
     27807
     27813
     27819
     27825
     27831
     27837
     27843
     27849
     27855
     27861
     27867
     27873
     27880
     27886
     27892
     27898
     27904
     27909
     27915
     27921
     27927
     27932
     27938
     27944
     27953
     27963
     27971
     27979
     27986
     27997
     28006
     28016
     28025
     28035
     28045
     28056
     28067
     28076
     28086
     28095
     28105
     28115
     28124
     28133
     28143
     28153
     28162
     28171
     28181
     28192
     28201
     28210
     28220
     28230
     28240
     28249
     28258
     28263
     28269
     28275
     28285
     28295
     28306
     28316
     28327
     28337
     28346
     28355
     28363
     28371
     28382
     28391
     28401
     28410
     28415
     28421
     28426
     28432
     28437
     28443
     28449
     28457
     28466
     28474
     28483
     28490
     28498
     28507
     28515
     28524
     28531
     28539
     28548
     28557
     28565
     28572
     28580
     28589
     28597
     28606
     28613
     28619
     28625
     28636
     28648
     28659
     28667
     28675
     28682
     28690
     28698
     28705
     28711
     28717
     28723
     28729
     28735
     28741
     28747
     28753
     28759
     28765
     28771
     28777
     28783
     28789
     28795
     28801
     28807
     28813
     28819
     28825
     28831
     28837
     28843
     28849
     28855
     28861
     28867
     28873
     28879
     28885
     28891
     28897
     28903
     28909
     28915
     28921
     28927
     28933
     28939
     28945
     28951
     28957
     28963
     28969
     28975
     28981
     28987
     28993
     28999
     29005
     29011
     29017
     29023
     29029
     29035
     29041
     29047
     29053
     29059
     29065
     29071
     29077
     29083
     29089
     29095
     29101
     29107
     29113
     29120
     29126
     29132
     29138
     29146
     29154
     29161
     29169
     29176
     29185
     29196
     29207
     29218
     29229
     29236
     29242
     29251
     29260
     29271
     29282
     29293
     29299
     29305
     29311
     29317
     29323
     29332
     29339
     29347
     29353
     29359
     29365
     29375
     29385
     29395
     29405
     29416
     29425
     29435
     29442
     29448
     29454
     29460
     29466
     29472
     29478
     29484
     29490
     29496
     29502
     29508
     29515
     29521
     29527
     29533
     29539
     29547
     29555
     29564
     29572
     29580
     29591
     29600
     29610
     29616
     29622
     29628
     29634
     29640
     29646
     29652
     29658
     29663
     29669
     29675
     29684
     29691
     29700
     29706
     29712
     29718
     29724
     29730
     29736
     29742
     29748
     29754
     29760
     29766
     29772
     29781
     29788
     29794
     29800
     29810
     29820
     29830
     29839
     29849
     29855
     29861
     29867
     29873
     29879
     29885
     29891
     29897
     29903
     29909
     29918
     29925
     29931
     29941
     29947
     29953
     29959
     29965
     29971
     29981
     29990
     29997
     30003
     30014
     30024
     30034
     30044
     30051
     30057
     30063
     30069
     30075
     30081
     30087
     30093
     30099
     30105
     30111
     30117
     30123
     30129
     30135
     30141
     30147
     30153
     30159
     30165
     30171
     30177
     30183
     30189
     30195
     30201
     30207
     30213
     30219
     30226
     30235
     30241
     30247
     30253
     30259
     30265
     30271
     30277
     30283
     30289
     30295
     30301
     30307
     30317
     30328
     30338
     30349
     30357
     30363
     30371
     30380
     30389
     30396
     30404
     30412
     30421
     30430
     30440
     30450
     30460
     30470
     30478
     30486
     30496
     30505
     30513
     30521
     30530
     30539
     30548
     30558
     30567
     30576
     30586
     30595
     30604
     30613
     30623
     30632
     30641
     30650
     30659
     30669
     30680
     30688
     30696
     30706
     30716
     30726
     30737
     30748
     30758
     30767
     30777
     30787
     30795
     30802
     30813
     30822
     30831
     30841
     30852
     30861
     30871
     30881
     30890
     30896
     30902
     30909
     30915
     30925
     30934
     30944
     30954
     30964
     30973
     30981
     30990
     30998
     31007
     31015
     31023
     31032
     31043
     31052
     31061
     31070
     31080
     31091
     31101
     31111
     31121
     31132
     31141
     31151
     31161
     31171
     31181
     31191
     31200
     31210
     31220
     31230
     31240
     31250
     31260
     31270
     31282
     31292
     31302
     31312
     31322
     31332
     31342
     31352
     31362
     31372
     31382
     31392
     31400
     31410
     31418
     31428
     31438
     31448
     31458
     31468
     31476
     31486
     31494
     31502
     31512
     31520
     31528
     31535
     31543
     31552
     31560
     31568
     31575
     31584
     31592
     31600
     31607
     31618
     31628
     31638
     31647
     31656
     31667
     31677
     31687
     31697
     31707
     31717
     31725
     31734
     31743
     31749
     31756
     31762
     31771
     31781
     31790
     31800
     31809
     31818
     31828
     31837
     31846
     31855
     31865
     31874
     31884
     31892
     31900
     31906
     31912
     31918
     31924
     31930
     31936
     31942
     31948
     31954
     31960
     31966
     31972
     31978
     31984
     31990
     31996
     32002
     32008
     32014
     32020
     32026
     32032
     32038
     32044
     32050
     32056
     32062
     32068
     32077
     32087
     32097
     32107
     32116
     32125
     32134
     32144
     32154
     32163
     32173
     32183
     32193
     32204
     32214
     32224
     32234
     32244
     32254
     32262
     32272
     32280
     32290
     32300
     32309
     32317
     32323
     32329
     32335
     32345
     32354
     32364
     32373
     32384
     32394
     32404
     32414
     32424
     32433
     32443
     32453
     32463
     32473
     32483
     32493
     32504
     32514
     32524
     32534
     32544
     32555
     32565
     32576
     32586
     32596
     32606
     32616
     32626
     32637
     32647
     32657
     32667
     32677
     32686
     32696
     32704
     32714
     32724
     32735
     32745
     32756
     32766
     32777
     32788
     32796
     32807
     32815
     32826
     32837
     32847
     32857
     32867
     32877
     32887
     32897
     32907
     32917
     32927
     32937
     32944
     32953
     32961
     32971
     32978
     32986
     32997
     33007
     33017
     33026
     33035
     33045
     33055
     33065
     33075
     33085
     33095
     33106
     33116
     33126
     33132
     33139
     33145
     33151
     33157
     33165
     33174
     33182
     33191
     33198
     33209
     33221
     33232
     33242
     33253
     33263
     33272
     33278
     33284
     33295
     33307
     33319
     33327
     33334
     33344
     33354
     33364
     33375
     33384
     33393
     33403
     33413
     33423
     33434
     33445
     33457
     33468
     33480
     33486
     33492
     33498
     33504
     33510
     33516
     33522
     33528
     33534
     33540
     33546
     33552
     33558
     33564
     33570
     33576
     33582
     33588
     33594
     33600
     33606
     33612
     33618
     33624
     33630
     33636
     33642
     33648
     33654
     33660
     33666
     33672
     33678
     33684
     33692
     33699
     33709
     33720
     33730
     33740
     33751
     33761
     33773
     33785
     33796
     33806
     33817
     33827
     33838
     33848
     33858
     33868
     33874
     33880
     33886
     33896
     33906
     33917
     33927
     33933
     33939
     33945
     33951
     33957
     33963
     33973
     33983
     33993
     34003
     34014
     34025
     34036
     34045
     34054
     34060
     34066
     34072
     34078
     34087
     34097
     34105
     34115
     34125
     34131
     34137
     34147
     34157
     34167
     34177
     34187
     34197
     34207
     34217
     34228
     34238
     34244
     34250
     34256
     34262
     34268
     34274
     34286
     34295
     34304
     34315
     34325
     34335
     34345
     34355
     34366
     34373
     34381
     34391
     34401
     34411
     34421
     34432
     34443
     34454
     34465
     34475
     34486
     34496
     34507
     34517
     34528
     34539
     34550
     34561
     34571
     34581
     34591
     34602
     34612
     34621
     34627
     34633
     34639
     34645
     34651
     34657
     34663
     34670
     34676
     34682
     34688
     34694
     34700
     34706
     34712
     34718
     34724
     34733
     34741
     34748
     34754
     34760
     34771
     34782
     34791
     34798
     34804
     34816
     34822
     34828
     34834
     34840
     34846
     34852
     34858
     34864
     34870
     34876
     34882
     34888
     34894
     34900
     34906
     34912
     34919
     34925
     34933
     34943
     34953
     34965
     34971
     34977
     34983
     34989
     34995
     35001
     35007
     35013
     35019
     35025
     35031
     35037
     35048
     35058
     35070
     35081
     35087
     35093
     35099
     35106
     35115
     35124
     35130
     35136
     35146
     35157
     35163
     35169
     35177
     35183
     35190
     35200
     35210
     35220
     35230
     35240
     35251
     35261
     35271
     35282
     35291
     35301
     35312
     35323
     35335
     35345
     35356
     35367
     35376
     35387
     35395
     35406
     35414
     35422
     35432
     35442
     35454
     35465
     35475
     35485
     35495
     35505
     35515
     35525
     35537
     35548
     35558
     35568
     35577
     35588
     35598
     35608
     35618
     35628
     35638
     35647
     35657
     35664
     35674
     35684
     35694
     35701
     35710
     35720
     35730
     35741
     35750
     35760
     35770
     35776
     35782
     35788
     35794
     35800
     35806
     35812
     35818
     35828
     35835
     35842
     35849
     35854
     35858
     35862
     35868
     35871
     35875
     35879
     35882
     35886
     35891
     35895
     35899
     35903
     35907
     35911
     35916
     35920
     35923
     35927
     35933
     35939
     35945
     35951
     35959
     35965
     35971
     35977
     35982
     35988
     35994
     36000
     36008
     36013
     36020
     36026
     36032
     36038
     36045
     36051
     36058
     36064
     36070
     36076
     36081
     36089
     36096
     36102
     36110
     36118
     36122
     36128
     36135
     36142
     36148
     36155
     36161
     36167
     36172
     36179
     36187
     36195
     36202
     36209
     36214
     36219
     36226
     36232
     36238
     36242
     36246
     36250
     36254
     36258
     36264
     36270
     36277
     36283
     36288
     36293
     36300
     36306
     36313
     36319
     36325
     36332
     36336
     36343
     36350
     36356
     36362
     36369
     36375
     36379
     36385
     36390
     36396
     36400
     36407
     36414
     36420
     36426
     36433
     36438
     36443
     36449
     36453
     36459
     36466
     36473
     36479
     36487
     36493
     36500
     36505
     36510
     36515
     36519
     36526
     36533
     36539
     36545
     36551
     36557
     36563
     36568
     36574
     36581
