    4093       1       2
     312       2       3
      67       3       4
    4094       5       1
      68       4       5
     395       6       7
    4048       7       8
     174       9      10
     452       8       9
     175      10       6
    4075      11      12
      12      13     437
     356      14      15
     220      16      14
    4065      15      11
      16     221      13
      17      18     253
      18      19    4109
     163      20      17
      20      69      21
      19      22    4111
      21      68      22
      23      24      71
      72      25      23
      26     312      27
      28    4091      26
      24      27     167
      25    4046      28
     858      30      76      29
      30     224      77      31
     866      32      29    4056
      32     225      31    4057
     877      34    4068      33
      34      79    4069      35
     870      36      33     320
      36      80      35     318
     154      37      38
     348      39      40
     155      38      39
     450      40      41
     453      41      37
    4044      42      43
     270      44      42
      45      46     215
     362      43      47
      44     216      46
     360      47      45
     419      48      49
      50      51     270
      49      50    4051
      48     420      52
      51      53     271
      53      52     306
      54      55     436
      56      54     343
      57     254      58
      58    4118      59
     255      57      56
      59     437      55
      60      61     159
      62     160      61
      63     249      62
     315      63      64
      65      60     421
      66      65    4033
      64      66    4029
      67      70     313
      69     164      70
      71     168      73
    4047      72      74
      74      75     395
      73     256      75
     859      78     311      76
      78     260     309      77
      79     171    4070      81
      80     172      81     262
     424      82      83
     425      84      82
     422      85      84
     339      83      86
     340      86      85
     393      87      88
     463      89      87
     464      90      89
     409      91      90
     394      88      91
     441      92      93
     449      94      92
     399      95      94
     330      93      96
     331      96      95
     436      97      98
     221      99      97
     222     100      99
     321     101     100
     322      98     101
     440     102     103
     272     104     105
     438     103     104
     273     105     106
     332     106     102
     277     107     108
     364     109     107
     405     110     111
     278     108     110
     365     111     109
     372     112     113
     377     114     115
     406     115     112
     326     116     114
     327     113     116
     393     117     118
     462     118     119
     369     120     121
     370     121     117
     456     119     120
     224     123     261     122
     123     360     300     124
     225     125     122    4061
     125     363     124    4062
     864     127     379     126
     127     282     380     128
     865     129     126     311
     129     283     128     309
     860     131     391     130
     131     285     389     132
     861     133     130     379
     133     286     132     380
     875     135     430     134
     135     288     431     136
     874     137     134     391
     137     289     136     389
     862     139     338     138
     139     291     336     140
     863     141     138     430
     141     292     140     431
     872     143     445     142
     143     294     446     144
     873     145     142     338
     145     295     144     336
     867     147     387     146
     147     297     385     148
     869     149     146     445
     149     298     148     446
     876     151     226     150
     151     346     227     152
     868     153     150     387
     153     354     152     385
    4050     154     156
     316     157     158
     349     158     155
     317     156     157
     250     161     160
     420     159     162
     418     162     161
     165     163     255
     344     166     165
     166     314     164
     167     313     169
     168     170     257
     170     169     302
     171     356    4066     173
     172     357     173     263
     176     450     174
     177     175     396
     178     265     176
     266     178     177
     433     179     180
     181     341     182
     434     183     179
     461     181     183
     423     180     184
     184     182     340
     440     185     186
     186     187     366
     401     188     189
     404     190     188
     402     189     185
     190     365     187
     191     192     441
     193     350     192
     194     195     414
     195     191     415
     351     196     194
     196     349     193
     197     198     422
     345     199     197
     200     343     201
     198     202     423
     199     344     200
     202     201     435
     203     463     204
     205     204     400
     206     205     399
     448     207     206
     208     443     203
     207     444     208
     209     210     433
     209     323     211
     358     212     213
     212     384     210
     213     214     324
     214     211     321
     307     217     218
     361     215     219
     271     218     216
     373     219     217
     357     223     220
     223     325     222
     871     228     320     226
     228     319     318     227
     229     458     230
     231     232     384
     230     434     232
     382     231     383     233
     388     229     233     454
     234     370     235
     236     237     410
     235     394     237
     455     236     454     238
     459     234     238     371
     239     240     456
     241     427     242
     240     242     439
     412     239     457     243
     413     241     243     428
     244     377     245
     246     245     405
     247     246     404
     367     247     392     248
     368     244     248     378
     251     417     250
     252     351     251
     249     316     252
     253    4110     254
     257     303     258
     258     397     259
     259     396     256
     260     301     310     261
     319     264     262     347
     264     359     263     352
     267     448     268
     398     267     266
     268     449     269
     265     269     451
     462     274     275
     400     275     276
     439     272     274
     276     273     331
     414     277     279
     417     279     280
     280     281     407
     281     278     406
     282     375     381     284
     283     376     284     310
     285     367     390     287
     286     368     287     381
     288     333     432     290
     289     334     290     390
     291     412     337     293
     292     413     293     432
     294     459     447     296
     295     460     296     337
     297     388     386     299
     298     455     299     447
     301     361     374     300
     303     304     425
     304     305     345
     305     302     314
     372     307     308
     308     306     408
    4030     317     315
     435     322     323
     359     324     325
     328     373     327
     375     326     378     329
     376     328     329     374
     442     330     332
     333     403     428     335
     334     401     335     392
     443     339     342
     464     342     341
     346     353     347     355
     348     451     350
     353     358     352     383
     354     382     355     386
     363    4045     362
     416     366     364
     460     369     371     457
     397     426     398
     403     402     429
     407     408     418
     458     410     411
     411     409     461
     415     442     416
    4034     421     419
     426     424     444
     429     438     427
    4049     452     453
    1997     465     466
     602     467     465
     822     466     468
     603     468     467
     797     469     470
    1989     470     471
     531     471     472
     532     472     469
     630     473     474
    1986     474     475
     797     475     476
     536     477     473
     537     476     477
     763     478     479
    1987     480     478
     540     481     480
     612     479     482
     541     482     481
     633     483     484
     634     485     483
    1992     484     486
     857     486     487
     654     487     485
     758     488     489
    1984     489     490
     598     491     488
     507     492     491
     508     490     492
     493    1995     494
    1996     493     495
     635     495     496
     494     731     497
     498     497     726
     496     498     636
     637     500     545     499
     500     858     546     501
     638     502     499    4059
     502     866     501    4058
     548     504    4127     503
     504     877    4067     505
     549     506     503     616
     506     870     505     617
     630     509     510
    1985     508     509
     599     510     507
     511    1993     512
     512     857     513
     604     511     514
     513     659     515
     514     516     605
     516     515     625
     610     518    4163     517
     518    4165    4164     519
     611     520     517     667
     520     802     519     801
     521     522    1999
     523     759     524
     522     524     760
     523     607     664     525
     521     608     525    4054
     526     527     764
     528    2001     529
     527     529     765
     528     610    4162     530
     526     611     530     668
     531     533     836
     673     534     535
     535     532     737
     534     674     533
     740     538     539
     539     536     631
     538     795     537
     542     670     543
     544     822     542
    1988     544     540
     543     613     541
     657     547     787     545
     547     859     788     546
     802     548    4166     550
     661     549     550     628
     634     551     552
     727     553     554
     768     555     553
     655     552     555
     636     554     551
     556     557     821
     557     558     670
     778     559     560
     560     556     818
     559     671     558
     561     562     732
     780     563     564
     565     733     562
     563     771     565
     564     561     833
     734     567     729     566
     567     637     658     568
     735     569     566    4052
     569     638     568    4060
     677     571     746     570
     571     864     747     572
     678     573     570     787
     573     865     572     788
     680     575     816     574
     575     860     817     576
     681     577     574     746
     577     861     576     747
     683     579     749     578
     579     875     750     580
     684     581     578     816
     581     874     580     817
     686     583     854     582
     583     862     855     584
     687     585     582     749
     585     863     584     750
     689     587     752     586
     587     872     753     588
     690     589     586     854
     589     873     588     855
     692     591     841     590
     591     867     842     592
     693     593     590     752
     593     869     592     753
     695     595     755     594
     595     876     756     596
     696     597     594     841
     597     868     596     842
     761     600     601
     601     598     759
     600     632     599
     606     821     603
     606     605     626
    2002     604     602
     607     734     665     609
     608     735     609    4053
     672     614     613
     764     612     615
     766     615     614
     629     618     616     755
     618     871     617     756
     856     619     620
     620     621     659
     782     622     623
     772     624     622
     849     623     619
     624     660     621
     773     626     627
     627     625     660
     662     629     628     757
     741     631     632
    1998     635     633
     639     769     640
     641     642     771
     640     770     642
     639     831     805     643
     641     832     643     781
     644     849     645
     646     647     806
     645     807     647
     644     843     850     648
     646     844     648     805
     649     818     650
     651     652     772
     652     650     773
     649     820     819     653
     651     827     653     783
     856     654     656
     656     655     807
     730     657     786     658
     803     661     801     663
     804     662     663     812
     761     666     762     664
     666     736     774     665
     766     669     668     743
     669     803     667     744
     767     672     671
     675     833     674
     675     800     834     676
     673     793     676     738
     784     677     748     679
     785     678     679     786
     789     680     815     682
     790     681     682     748
     813     683     751     685
     814     684     685     815
     823     686     853     688
     824     687     688     751
     847     689     754     691
     848     690     691     853
     838     692     840     694
     839     693     694     754
     808     695     757     697
     809     696     697     840
     776     699     791     698
     699     784     792     700
     777     701     698     774
     701     785     700     775
     793     703     798     702
     703     789     799     704
     794     705     702     791
     705     790     704     792
     835     707     825     706
     707     813     826     708
     800     709     706     798
     709     814     708     799
     831     711     845     710
     711     823     846     712
     832     713     710     825
     713     824     712     826
     843     715     851     714
     715     847     852     716
     844     717     714     845
     717     848     716     846
     827     719     829     718
     719     838     830     720
     828     721     718     851
     721     839     720     852
     810     723     811     722
     723     808     812     724
     820     725     722     829
     725     809     724     830
     728     726     733
     770     727     728
     736     730     775     729
     837     732     731
     739     737     795
     739     794     738     796
     740     776     796     742
     741     777     742     762
     767     745     743     779
     745     804     744     811
    1994     760     758
     763     765    1991
     769     806     768
     778     810     779     819
     780     835     781     834
     782     828     783     850
    1990     836     837
    1038     878     879
    2001     880     881
    4160     879     882
     971     883     878
     972     881     883
    4161     882     880
     884    4170     885
     886     885     975
     887    4167     888
    1041     887     889
     888    4169     884
     889     886     976
    1156     890     891
    1157     892     890
    1415     893     894
    1973     894     892
    1323     891     893
    1969     895     896
    1292     896     897
    1065     898     899
    1066     899     895
    1137     897     898
    1989     900     901
    1061     901     902
     980     903     900
     902     904    1045
     903     981     904
    1421     905     906
    1379     906     907
     908    1153     909
     905    4171     910
     907     909    1154
     908     910    4187
    4179     911     912
    1070     913     914
    1071     915     913
    4178     912     915
     914     916    1141
     911    1378     916
    1965     917     918
     917    1966     919
     919    1353     920
    1170     918     921
     921     922    1171
     922     920    1318
     923    1978     924
    1242     923     925
     926     927    1062
     924    1985     927
    1231     925     928
    1063     928     926
    4183     929     930
     930     931    4184
     932    1048     933
     929    1129     932
     933    1039     934
     934    1040     931
     935    1997     936
     937    1407     935
     936    1988     938
     939     940    1165
    1166     937     939
     938    1237     940
     941    1243     942
     942    1244     943
    1975     941     944
     943    1075     945
     944     946    1971
     945    1076     946
     947     948    1051
     947    4120     949
     950     949    4126
     951     950    1252
    1053     952     951
     952    1052     948
     953     954    4173
     955    1234     956
     957     953    4172
    1254     955     958
     954     956    1235
     958     957    1421
     959    1170     960
     960    1172     961
    1977     959     962
     961    1413     963
     962     964    1980
     963    1415     964
     965     966    1161
     967    1293     968
     968    1289     966
    1982     967     969
     970     965    1162
     969     970    4080
    1049     973     974
     973    1991     972
     974     971    1039
     977     978    4121
     978     975    4131
     977    1051     979
     976     979    1042
    1284     982     983
     982    1046     981
    1995     983     984
     984     980    1990
    1125     985     986
    1126     987     985
     988    1375     989
    1228     988     987
     986     989    1378
    1129     990     991
    4182     992     990
     993    1131     994
    1311     995     992
     995    1286     993
     991     994    1130
     996    4180     997
     998     997    1236
    1312     996     999
     998    1149    1000
    1001    1000    1150
     999    1001    1313
    1002    1362    1003
    1003    1155    1004
    1005    1006    4186
    1007    1005    1320
    1321    1002    1007
    1006    1004    1153
    1008    1158    1009
    1010    1011    1266
    1402    1012    1010
    1013    1967    1008
    1009    1159    1011
    1012    1404    1013
    1014    1015    1407
    1016    1385    1017
    1017    2002    1015
    1325    1016    1018
    1019    1014    1274
    1018    1019    1275
    1020    1021    1386
    1022    1328    1023
    1023    1992    1021
    1024    1020    1383
    1279    1022    1025
    1025    1024    1280
    1026    1027    1329
    1028    1284    1029
    1029    1996    1027
    1030    1026    1330
    1285    1028    1031
    1031    1030    1306
    1032    1163    1033
    1033    1332    1034
    1164    1032    1035
    1034    1253    1036
    1036    1252    1037
    1035    1037    4082
    1038    4174    1040
    1043    1127    1041
    1054    1043    1044
    1044    1042    1052
    1064    1045    1047
    1133    1047    1046
    1049    1050    1056
    1048    1057    1050
    1055    1126    1054
    1229    1055    1053
    1238    1058    1059
    1239    1056    1058
    1057    1130    1060
    1059    1060    1132
    1062    1986    1061
    1134    1063    1064
    1404    1067    1068
    1981    1068    1066
    1356    1069    1067
    1069    1138    1065
    1072    1073    1322
    1073    1074    1262
    4176    1071    1072
    1074    1070    1142
    1077    1078    1353
    1077    1972    1076
    1078    1079    1145
    1075    1146    1079
    1341    1080    1081
    1358    1082    1080
    1410    1083    1084
    1342    1081    1083
    1405    1084    1082
    1301    1085    1086
    1391    1086    1087
    1302    1088    1085
    1388    1087    1089
    1364    1089    1088
    1367    1090    1091
    1270    1092    1093
    1271    1091    1092
    1387    1094    1090
    1397    1093    1094
    1352    1095    1096
    1319    1097    1098
    1335    1098    1099
    1318    1096    1097
    1350    1099    1095
    1359    1100    1101
    1308    1102    1103
    1294    1101    1104
    1295    1104    1102
    1309    1103    1100
    1338    1105    1106
    1387    1107    1105
    1326    1108    1109
    1384    1109    1107
    1327    1106    1108
    1110    1111    1399
    1344    1112    1110
    1395    1113    1114
    1345    1114    1112
    1113    1400    1111
    1115    1354    1116
    1117    1116    1355
    1346    1118    1119
    1119    1117    1347
    1118    1370    1115
    1120    1121    1351
    1122    1368    1121
    1306    1123    1124
    1123    1331    1122
    1124    1120    1307
    1125    4185    1128
    1127    1128    4168
    1240    1132    1131
    1135    1133    1248
    1232    1134    1136
    1136    1135    1246
    1314    1139    1138
    1290    1140    1139
    1289    1137    1140
    1142    1143    1263
    1144    1376    1143
    1144    1141    1375
    1352    1145    1147
    1245    1148    1146
    1247    1147    1148
    1234    1151    1149
    1255    1152    1151
    1295    1150    1152
    1380    1154    1155
    1158    1968    1160
    1160    1974    1157
    1159    1156    1267
    1163    1161    1291
    1162    1164    4081
    1167    1165    1238
    1168    1167    1241
    1408    1166    1169
    1169    1168    1258
    1171    1296    1173
    1172    1173    1297
    1419    1174    1175
    1381    1176    1174
    1380    1177    1176
    1382    1178    1177
    1178    1388    1179
    1175    1179    1389
    1332    1180    1181
    1334    1181    1182
    1182    1183    1376
    1184    1185    1354
    1180    1333    1185
    1183    1184    1371
    1186    1187    1393
    1187    1188    1402
    1348    1189    1186
    1188    1190    1356
    1189    1347    1191
    1190    1191    1357
    1192    1193    1362
    1194    1382    1193
    1195    1391    1194
    1363    1196    1192
    1197    1373    1195
    1196    1374    1197
    1198    1417    1199
    1199    1397    1200
    1200    1398    1201
    1418    1198    1202
    1202    1203    1406
    1203    1201    1405
    1204    1205    1359
    1206    1406    1207
    1207    1358    1205
    1411    1206    1208
    1209    1204    1360
    1208    1209    1412
    1210    1418    1211
    1211    1411    1212
    1401    1210    1213
    1212    1365    1214
    1213    1215    1400
    1214    1366    1215
    1216    1217    1417
    1218    1416    1219
    1219    1422    1217
    1220    1216    1401
    1396    1218    1221
    1221    1220    1395
    1222    1414    1223
    1223    1396    1224
    1413    1222    1225
    1224    1345    1226
    1225    1227    1323
    1226    1324    1227
    1230    1334    1228
    1253    1230    1229
    1244    1231    1233
    1233    1232    1245
    1235    1236    4175
    1237    1987    1239
    1241    1240    1259
    1243    1976    1242
    1246    1249    1247
    1248    1285    1250
    1250    1307    1251
    1249    1251    1350
    1256    1294    1255
    1361    1256    1257
    1257    1254    1420
    1260    1259    1287
    1261    1260    1310
    1258    1261    1343
    1264    1263    1377
    1262    1265    1321
    1265    1264    1363
    1344    1268    1269
    1403    1266    1268
    1269    1267    1324
    1422    1272    1270
    1272    1369    1273
    1271    1273    1368
    1274    1408    1276
    1275    1277    1327
    1276    1409    1278
    1277    1278    1339
    1330    1279    1281
    1280    1384    1282
    1281    1283    1331
    1282    1367    1283
    1287    1288    1308
    1286    1313    1288
    1291    1290    1315
    1293    1970    1292
    1298    1299    1336
    1296    1319    1299
    1414    1297    1300
    1416    1300    1298
    1303    1399    1304
    1392    1305    1301
    1394    1303    1305
    1302    1304    1366
    1310    1309    1341
    4181    1312    1311
    1314    1357    1316
    1316    1355    1317
    1315    1317    1333
    1322    1320    4177
    1383    1325    1326
    1328    1329    1998
    1336    1337    1369
    1335    1351    1337
    1338    1340    1398
    1339    1410    1340
    1343    1342    1409
    1349    1348    1392
    1373    1346    1349
    1360    1361    1419
    1365    1390    1364
    1377    1371    1372
    1374    1372    1370
    1420    1379    1381
    1385    1386    1993
    1412    1389    1390
    1393    1403    1394
    4145    1423    1424
    1518    1425    1426
    1808    1424    1425
    1519    1426    1423
    1994    1427    1428
    1429    1646    1430
    1514    1429    1431
    1430    4031    1432
    1428    1432    2000
    1515    1431    1427
    1433    1434    1578
    1435    4150    1436
    1434    1436    1808
    4151    1435    1437
    1438    1433    1579
    1437    1438    4192
    1514    1439    1440
    1516    1441    1439
    1553    1440    1442
    1554    1442    1441
    4142    1443    1444
    1793    1445    1443
    1940    1444    1446
    1693    1447    1445
    1694    1446    1447
    1647    1448    1449
    4027    1450    1451
    1646    1449    1450
    1648    1452    1448
    1764    1451    1452
    1563    1453    1454
    1564    1455    1453
    1972    1456    1455
    1966    1457    1456
    1457    1875    1458
    1454    1458    1876
    1568    1459    1460
    4146    1460    1461
    1569    1462    1459
    1660    1463    1462
    1461    1464    4147
    1463    1880    1464
    1465    4039    1466
    1467    4035    1465
    1468    1573    1467
    1469    1466    1765
    1574    1468    1470
    1766    1470    1469
    1816    1471    1472
    1471    1794    1473
    1472    1474    1880
    1473    1795    1475
    1475    4158    1476
    1474    1476    4159
    1579    1477    1478
    1477    1580    1479
    1480    1481    1777
    1480    4195    1482
    1478    1482    4193
    1479    1664    1481
    1483    1484    1582
    1967    1485    1483
    1484    1486    1583
    1487    1787    1488
    1485    1981    1487
    1488    1668    1486
    1489    1490    1849
    1587    1491    1492
    1490    1493    4037
    1492    1489    1672
    1491    1588    1494
    1493    1494    4038
    1495    4156    1496
    1497    1839    1495
    1840    1497    1498
    1499    1500    1689
    1498    1499    1690
    1500    1496    4040
    1501    1592    1502
    1931    1503    1504
    1501    1505    1973
    1506    1502    1593
    1503    1980    1505
    1504    1506    1824
    1507    1508    1597
    1509    1598    1508
    4190    1510    1511
    1512    1680    1509
    1511    1513    1983
    1513    1507    1970
    1510    1900    1512
    1976    1516    1517
    1979    1517    1515
    1652    1518    1520
    1558    1521    1522
    4144    1522    1519
    1559    1520    1521
    1901    1523    1524
    1523    1778    1525
    1526    1525    1779
    1902    1524    1527
    1845    1527    1526
    1528    1946    1529
    1529    4025    1530
    1910    1528    1531
    1530    1835    1532
    1532    1836    1533
    1531    1533    1872
    1534    1684    1535
    1536    1537    1947
    1535    4032    1537
    1685    1534    1538
    1539    1536    1944
    1538    1539    1789
    1540    1691    1541
    1541    4043    1542
    1692    1540    1543
    1542    1957    1544
    1544    1832    1545
    1543    1545    1821
    1546    1797    1547
    1548    1549    1965
    1547    1798    1550
    1549    1550    1875
    1930    1546    1551
    1552    1548    1977
    1551    1552    1931
    1555    1647    1553
    1556    1554    1975
    1649    1555    1557
    1557    1556    1769
    1560    1561    1940
    1887    1562    1560
    1561    1558    4143
    1562    1653    1559
    1563    1656    1565
    1769    1566    1567
    1566    1971    1564
    1567    1565    1657
    1570    1841    1571
    4148    1570    1568
    1571    1773    1572
    1572    1661    1569
    1575    4036    1573
    1835    1575    1576
    1577    1574    1767
    1576    1577    1802
    1581    1665    1580
    1578    1809    1581
    1584    1585    1963
    1582    1584    1968
    1586    1583    1669
    1585    1586    1883
    1589    4042    1588
    1957    1589    1590
    1591    1587    1673
    1590    1591    1780
    1963    1594    1595
    1974    1595    1592
    1593    1596    1676
    1594    1677    1596
    1788    1597    1599
    1681    1600    1598
    1784    1599    1600
    1932    1601    1602
    1895    1603    1601
    1881    1604    1603
    1948    1602    1605
    1882    1605    1604
    1829    1606    1607
    1836    1608    1609
    1803    1607    1610
    1873    1609    1606
    1802    1610    1608
    1866    1611    1612
    1867    1613    1611
    1916    1614    1615
    1942    1615    1613
    1914    1612    1614
    1920    1616    1617
    1826    1618    1616
    1827    1619    1618
    1949    1617    1620
    1936    1620    1619
    1917    1621    1622
    1828    1622    1623
    1941    1624    1621
    1827    1623    1625
    1937    1625    1624
    1842    1626    1627
    1843    1627    1628
    1846    1628    1629
    1885    1630    1626
    1898    1629    1630
    1907    1631    1632
    1964    1633    1634
    1884    1632    1635
    1883    1635    1633
    1960    1634    1631
    1925    1636    1637
    1837    1638    1636
    1821    1639    1640
    1822    1640    1638
    1833    1637    1639
    1819    1641    1642
    1923    1642    1643
    1817    1644    1641
    1818    1645    1644
    1878    1643    1645
    1650    1766    1648
    1768    1650    1651
    1651    1649    1770
    1652    1654    1809
    1653    1888    1655
    1654    1655    1810
    1830    1658    1656
    1770    1657    1659
    1771    1659    1658
    1662    1879    1660
    1661    1774    1663
    1663    1804    1662
    1811    1666    1665
    1843    1667    1666
    1667    1779    1664
    1851    1669    1670
    1670    1671    1785
    1668    1784    1671
    1672    1847    1674
    1674    1812    1675
    1673    1675    1781
    1964    1678    1677
    1825    1676    1679
    1890    1679    1678
    1682    1854    1683
    1680    1902    1682
    1683    1786    1681
    1686    1850    1687
    1684    1687    4023
    1847    1686    1688
    1688    1685    1790
    1691    1689    4041
    1690    1692    1823
    1938    1694    1695
    1695    1696    1939
    1693    1796    1697
    1696    1697    1820
    1933    1698    1699
    1943    1700    1698
    1952    1701    1700
    1935    1702    1703
    1956    1703    1701
    1934    1699    1702
    1704    1962    1705
    1706    1705    1956
    1951    1707    1706
    1856    1704    1708
    1857    1708    1709
    1936    1709    1707
    1914    1710    1711
    1913    1712    1710
    1892    1713    1712
    1893    1714    1713
    1904    1711    1715
    1894    1715    1714
    1954    1716    1717
    1927    1718    1719
    1955    1719    1716
    1891    1720    1718
    1717    1721    1960
    1720    1890    1721
    1722    1723    1959
    1724    1921    1725
    1723    1726    1961
    1922    1724    1722
    1726    1727    1962
    1725    1935    1727
    1728    1916    1729
    1730    1911    1731
    1912    1730    1732
    1731    1913    1728
    1729    1948    1733
    1732    1733    1945
    1734    1929    1735
    1928    1734    1736
    1735    1930    1737
    1736    1738    1891
    1737    1824    1739
    1738    1739    1825
    1740    1741    1953
    1950    1742    1743
    1743    1740    1955
    1741    1744    1952
    1742    1949    1745
    1744    1745    1951
    1746    1747    1908
    1748    1907    1747
    1749    1920    1750
    1750    1950    1751
    1909    1749    1746
    1751    1954    1748
    1752    1753    1888
    1754    1755    1918
    1861    1756    1754
    1755    1752    1889
    1753    1757    1886
    1756    1862    1757
    1758    1908    1759
    1855    1760    1761
    1762    1903    1758
    1761    1763    1852
    1760    1898    1762
    1763    1759    1853
    1765    4028    1764
    1767    1768    1772
    1772    1771    1803
    1773    1840    1775
    1775    1838    1776
    1774    1776    1805
    4194    1777    1778
    1782    1783    1922
    1780    1782    1958
    1783    1781    1813
    1852    1785    1786
    1787    1969    1788
    1790    1791    1848
    1789    1945    1792
    1791    1792    1882
    1793    4155    1795
    1794    1817    1796
    1799    1894    1800
    1800    1877    1801
    1905    1799    1797
    1801    1876    1798
    1806    1805    1837
    1807    1806    1924
    1804    1807    1878
    1810    1844    1811
    1814    1881    1815
    1813    1815    1896
    1848    1814    1812
    1879    1818    1816
    1941    1820    1819
    1823    1822    1838
    1919    1828    1826
    1831    1830    1877
    1831    1893    1829
    1958    1834    1832
    1959    1833    1834
    1841    4149    1839
    1844    1886    1842
    1899    1845    1846
    1849    4024    1850
    1853    1884    1851
    1854    1899    1855
    1858    1926    1856
    1924    1858    1859
    1860    1857    1937
    1859    1860    1923
    1863    1864    1909
    1864    1861    1919
    1903    1865    1863
    1865    1885    1862
    1868    1943    1867
    1953    1868    1869
    1870    1866    1915
    1871    1870    1928
    1869    1871    1927
    1892    1874    1873
    1911    1872    1874
    1889    1887    1938
    1921    1896    1897
    1897    1895    1934
    1900    4191    1901
    1929    1906    1905
    1906    1915    1904
    1944    1910    1912
    1918    1939    1917
    1925    1961    1926
    1942    1933    1932
    1946    1947    4026
    1978    1979    1984
    1983    1982    4128
    1999    2000    4055
    2068    2003    2004
    3998    2005    2006
    2209    2004    2005
    3999    2006    2007
    2069    2007    2003
    2381    2008    2009
    2073    2010    2008
    4017    2011    2012
    2074    2012    2010
    4006    2009    2011
    2013    2014    3994
    2015    3995    2014
    2016    2209    2015
    2088    2016    2017
    2018    2013    3008
    2017    2018    2089
    2297    2019    2020
    2185    2021    2022
    2186    2020    2021
    2360    2022    2019
    3004    2023    2024
    2146    2025    2023
    2325    2024    2026
    2147    2027    2025
    2230    2026    2027
    2390    2028    2029
    4044    2030    2028
    2078    2031    2030
    2029    2032    2182
    2031    2079    2032
    4046    2033    2034
    2204    2035    2033
    2083    2036    2037
    4092    2034    2036
    2035    2193    2038
    2037    2038    2084
    2039    2040    2381
    2039    4004    2041
    2042    2041    4005
    2418    2043    2042
    2044    2234    2040
    2235    2044    2043
    2045    2150    2046
    3002    2045    2047
    2048    2046    2151
    3000    2047    2049
    2376    2049    2050
    2377    2050    2048
    2051    2052    3007
    2053    2339    2054
    2052    2055    2150
    4106    2053    2051
    2054    2318    2056
    2056    2152    2055
    2057    2058    2373
    2057    2153    2059
    2060    2061    2423
    2061    2059    2154
    2996    2062    2060
    2062    2997    2058
    2090    2063    2064
    2065    2998    2066
    2063    2091    2065
    2064    2067    2197
    2067    2066    2326
    2210    2070    2068
    2187    2071    2070
    2071    2188    2072
    2072    4000    2069
    2073    2189    2075
    4016    2074    2076
    2076    2077    2213
    2077    2075    2190
    4010    2080    2081
    4045    2081    2078
    2201    2082    2080
    2082    2183    2079
    2339    2085    2086
    4115    2087    2085
    4101    2083    2087
    2086    2084    2194
    2198    2088    2090
    2089    2999    2091
    2993    2092    2093
    2450    2094    2092
    2216    2093    2095
    2217    2095    2096
    2096    2097    2408
    2094    2451    2097
    2400    2098    2099
    2099    2100    2221
    4029    2101    2102
    2448    2103    2101
    2401    2102    2098
    2103    2222    2100
    2202    2104    2105
    2105    2106    2301
    4012    2107    2108
    2346    2109    2107
    2203    2108    2104
    2109    2347    2106
    2110    2436    2111
    2110    2112    2438
    2225    2113    2114
    2113    3996    2112
    2226    2114    2115
    2115    2111    2371
    2116    2391    2117
    2118    4034    2116
    2119    2117    2389
    2321    2118    2120
    2121    2119    2332
    2120    2121    2322
    2122    2123    2214
    2122    2304    2124
    4014    2125    2126
    2125    2215    2123
    2126    2127    2348
    2127    2124    2305
    2128    2129    2329
    2129    2130    4048
    2293    2131    2128
    2130    2132    2205
    2131    2207    2133
    2132    2133    2206
    2134    2135    2402
    2136    2134    2384
    2367    2137    2136
    2138    2330    2139
    2135    2139    4050
    2137    2331    2138
    2140    2450    2141
    2142    2141    3003
    2143    2308    2144
    2145    2309    2143
    2378    2145    2142
    2144    2425    2140
    2424    2148    2146
    2335    2149    2148
    2231    2147    2149
    2319    2151    2152
    2153    2313    2155
    2419    2154    2156
    2156    2155    2314
    2440    2157    2158
    2371    2159    2160
    2437    2158    2159
    2403    2161    2157
    2372    2160    2161
    2370    2162    2163
    2387    2164    2162
    2302    2165    2164
    2301    2166    2165
    2349    2163    2166
    2341    2167    2168
    2319    2169    2170
    2365    2171    2167
    2379    2170    2171
    2320    2168    2169
    2441    2172    2173
    2395    2174    2172
    2355    2175    2176
    2356    2176    2174
    2415    2173    2175
    2449    2177    2178
    2342    2178    2179
    2322    2180    2181
    2323    2181    2177
    2333    2179    2180
    2202    2184    2183
    2303    2182    2184
    2185    4003    2188
    2211    2186    2187
    2382    2191    2189
    2214    2190    2192
    2368    2192    2191
    2208    2195    2196
    2340    2194    2195
    2206    2196    2193
    2199    2210    2198
    2212    2199    2200
    2200    2197    2327
    4011    2203    2201
    2205    2204    4047
    2294    2208    2207
    2298    2211    2212
    4015    2213    2215
    2994    2216    2218
    2219    2220    2374
    2218    2219    2375
    2220    2217    2409
    2449    2223    2222
    2428    2224    2223
    2414    2221    2224
    2227    2418    2228
    2228    3997    2225
    2350    2227    2229
    2229    2226    2351
    2328    2232    2233
    2232    2327    2230
    2233    2231    2336
    2236    2383    2237
    2399    2236    2238
    2238    2235    2417
    2234    2237    2382
    2411    2239    2240
    2409    2241    2239
    2410    2242    2241
    2443    2243    2244
    2444    2244    2242
    2421    2240    2243
    2425    2245    2246
    2427    2247    2248
    2431    2249    2247
    2426    2248    2245
    2246    2250    2451
    2249    2447    2250
    2251    2252    2383
    2252    2253    2368
    2254    2370    2255
    2388    2254    2256
    2256    2251    2398
    2253    2255    2369
    2257    2258    2361
    2258    2259    2362
    2364    2260    2257
    2259    2261    2436
    2260    2406    2262
    2262    2437    2261
    2263    2364    2264
    2264    2338    2265
    2407    2263    2266
    2266    2267    2420
    2265    2336    2268
    2267    2268    2337
    2269    2440    2270
    2271    2270    2406
    2272    2271    2407
    2445    2269    2273
    2274    2272    2422
    2273    2274    2421
    2275    2441    2276
    2277    2434    2275
    2278    2276    2446
    2435    2277    2279
    2280    2278    2445
    2279    2280    2443
    2281    2282    2429
    2283    2412    2284
    2413    2283    2285
    2284    2414    2282
    2286    2281    2432
    2285    2286    2427
    2287    2380    2288
    2289    2290    2385
    2392    2287    2289
    2290    2291    2367
    2288    2365    2292
    2291    2292    2366
    2294    2295    2341
    2331    2296    2293
    2296    2366    2295
    2299    2361    2297
    2338    2299    2300
    2300    2298    2328
    2389    2303    2302
    2369    2306    2304
    2347    2305    2307
    2349    2307    2306
    2310    2311    2380
    2308    2310    2393
    2312    2379    2311
    2309    2377    2312
    2374    2315    2313
    2411    2316    2315
    2422    2317    2316
    2420    2314    2317
    2318    2340    2320
    4033    2321    2324
    2324    2323    2448
    2325    2326    3005
    2329    4049    2330
    2332    2387    2334
    2334    2343    2333
    2419    2337    2335
    2342    2344    2396
    2343    2388    2345
    2345    2397    2344
    4013    2348    2346
    2417    2350    2352
    2351    2372    2353
    2352    2354    2416
    2353    2404    2354
    2357    2399    2358
    2398    2357    2359
    2359    2356    2397
    2358    2416    2355
    2360    2363    4002
    2362    2439    2363
    2375    2373    2995
    3001    2376    2378
    2384    2400    2386
    2385    2386    2412
    2391    4051    2390
    2394    2392    2413
    2393    2394    2426
    2442    2396    2395
    2402    4030    2401
    2446    2405    2403
    2405    2415    2404
    2410    2408    2447
    2423    2424    3006
    2434    2429    2430
    2430    2428    2442
    2432    2435    2433
    2433    2444    2431
    2438    4001    2439
    2452    2627    2453
    2454    2455    4129
    4188    2456    2454
    2457    2628    2452
    2455    2453    4117
    2456    2987    2457
    2458    3007    2459
    2460    2459    2538
    2461    4089    2458
    2462    4087    2461
    2539    2463    2460
    2463    2694    2462
    2464    2951    2465
    2466    2465    2747
    2466    2632    2467
    4076    2464    2468
    4078    2468    2469
    2469    2467    2633
    4124    2470    2471
    2984    2471    2472
    2695    2473    2470
    2696    2474    2473
    2710    2472    2474
    4097    2475    2476
    4098    2477    2475
    2907    2476    2478
    2478    2479    2637
    2477    2832    2480
    2479    2480    2638
    2481    2744    2482
    2483    4108    2481
    2484    2485    2972
    2973    2483    2484
    2485    2482    2745
    2486    2487    4123
    2488    2486    4122
    2487    2489    2819
    2490    2488    2872
    2873    2491    2490
    2491    2820    2489
    3008    2492    2493
    2494    2495    2641
    2492    4007    2496
    2493    2494    2892
    2496    2751    2497
    2497    2642    2495
    2856    2498    2499
    2500    2501    4116
    2499    2500    4105
    2498    2857    2502
    2502    2741    2503
    2501    2503    2742
    2504    2704    2505
    2506    2505    2705
    2507    2543    2508
    2544    2507    2506
    2508    4112    2509
    2509    4125    2504
    2510    2959    2511
    4095    2510    2512
    2512    2513    4096
    2511    2701    2514
    2513    2515    2645
    2515    2514    2646
    2516    2697    2517
    2518    2973    2516
    2519    4085    2520
    2548    2519    2521
    2520    4107    2518
    2521    2517    2549
    2522    2523    2959
    2524    2828    2523
    2525    2526    4086
    2526    2522    4090
    2716    2527    2525
    2527    2717    2524
    2528    2819    2529
    2530    2529    2821
    2553    2531    2532
    2532    2530    2554
    2531    4063    2528
    2533    2650    2534
    2535    2536    2880
    2534    2842    2536
    4022    2535    4019    2537
    4008    2533    2537    2651
    2540    2538    3002
    2541    2696    2539
    2713    2542    2540
    2542    2711    2541
    2545    2546    4114
    2547    2872    2546
    2543    2545    4113
    2708    2547    2544
    2550    2551    4083
    2551    2552    2716
    4084    2548    2550
    2552    2549    2698
    2555    2554    2839
    4073    2555    2840    2556
    4074    2553    2556    4064
    2982    2557    2558
    2934    2559    2560
    2979    2558    2559
    2935    2560    2557
    2752    2561    2562
    4021    2563    2561
    2753    2562    2564
    2825    2564    2565
    2878    2565    2566
    2881    2566    2563
    2918    2567    2568
    2913    2568    2569
    2794    2569    2570
    2911    2571    2567
    2795    2570    2571
    2834    2572    2573
    2987    2574    2575
    4189    2573    2574
    2929    2575    2576
    2572    2727    2577
    2576    2577    2728
    2578    2902    2579
    2901    2578    2580
    2894    2580    2581
    2579    3005    2582
    2731    2581    2583
    2583    2582    2732
    2942    2584    2585
    2585    2586    2919
    2587    2920    2586
    2736    2588    2584
    2737    2589    2588
    2589    2995    2587
    2590    4077    2591
    2590    2592    2951
    2593    2591    4119
    2593    2742    2594
    2925    2595    2596
    2595    2949    2592
    2596    2594    2743
    2597    3006    2598
    2599    2598    2903
    2600    2912    2597
    2799    2601    2599
    2601    2800    2602
    2602    2910    2600
    2603    2604    2897
    2605    2804    2604
    2606    2805    2605
    4099    2607    2603
    2608    2898    2606
    2607    2907    2608
    2609    2610    2984
    2611    4103    2610
    2612    2858    2611
    2613    2809    2614
    2985    2613    2609
    2614    2810    2612
    2615    2616    3000
    2954    2617    2615
    2616    2618    2713
    2617    2921    2619
    2619    2822    2620
    2618    2620    2714
    2621    2622    2977
    2623    3003    2622
    2624    2955    2623
    2814    2625    2621
    2626    2952    2624
    2625    2815    2626
    2627    2629    2744
    2630    2851    2631
    2628    2988    2630
    2631    2746    2629
    4079    2633    2634
    2835    2634    2635
    2748    2636    2632
    2836    2635    2636
    2639    2638    2833
    2904    2640    2639
    2905    2637    2640
    2882    2641    2643
    2826    2643    2644
    2753    2644    2642
    4102    2645    2647
    2647    2648    2832
    2649    2719    2648
    2649    2646    2702
    2650    2652    2754
    2653    2755    2652
    4009    2653    2651    2840
    2963    2654    2655
    2966    2655    2656
    2938    2656    2657
    2964    2658    2654
    2939    2657    2658
    2982    2659    2660
    2846    2661    2662
    2924    2660    2661
    2847    2662    2663
    2986    2663    2659
    2885    2664    2665
    2706    2665    2666
    2705    2666    2667
    2709    2667    2668
    2723    2668    2664
    2963    2669    2670
    2869    2671    2669
    2875    2670    2672
    2849    2673    2671
    2850    2672    2673
    2938    2674    2675
    2974    2676    2677
    2967    2678    2676
    2968    2675    2678
    2940    2677    2674
    2866    2679    2680
    2879    2681    2679
    2843    2682    2681
    2844    2683    2682
    2845    2680    2683
    2684    2861    2685
    2916    2684    2686
    2915    2686    2687
    2914    2687    2688
    2688    2685    2862
    2867    2689    2690
    2690    2691    2820
    2689    2845    2692
    2693    2821    2691
    2692    2841    2693
    2694    2695    4088
    2718    2698    2699
    2697    2876    2700
    2699    2700    2850
    2917    2703    2701
    2720    2702    2703
    2897    2706    2707
    4100    2707    2704
    2724    2708    2709
    2711    2715    2712
    2712    2848    2710
    2715    2714    2823
    2717    2718    2829
    2721    2833    2719
    2908    2721    2722
    2722    2720    2915
    2725    2874    2726
    2886    2725    2723
    2726    2873    2724
    2836    2729    2727
    2930    2728    2730
    2837    2730    2729
    2733    2734    2889
    2890    2731    2733
    2734    2735    2893
    2735    2732    2998
    2738    2994    2737
    2739    2978    2738
    2943    2740    2736
    2740    2976    2739
    2859    2743    2741
    2852    2745    2746
    2749    2838    2748
    2950    2749    2750
    2750    2747    2949
    4018    2752    2751
    2844    2754    2756
    2839    2757    2755
    2841    2756    2757
    2981    2758    2759
    2991    2759    2760
    2936    2761    2758
    2992    2760    2762
    2937    2763    2761
    2990    2762    2763
    2764    2765    2932
    2766    2767    2981
    2989    2768    2766
    2764    2946    2767
    2931    2769    2768
    2769    2930    2765
    2770    2924    2771
    2771    2922    2772
    2773    2960    2774
    2774    2983    2770
    2953    2773    2775
    2775    2772    2923
    2776    2947    2777
    2778    2777    2948
    2779    2778    2950
    2927    2776    2780
    2780    2781    2926
    2781    2779    2925
    2782    2783    2888
    2784    2883    2783
    2891    2785    2786
    2785    2884    2784
    2787    2782    2886
    2786    2787    2887
    2788    2789    2945
    2789    2790    2942
    2958    2791    2788
    2790    2792    2944
    2791    2966    2793
    2792    2793    2968
    2796    2909    2797
    2797    2908    2798
    2798    2914    2794
    2910    2796    2795
    2801    2799    2901
    2899    2802    2801
    2802    2900    2803
    2800    2803    2906
    2806    2895    2807
    2808    2894    2806
    2807    2896    2804
    2805    2899    2808
    2809    2986    2811
    2811    2928    2812
    2812    2860    2813
    2810    2813    2857
    2976    2816    2814
    2815    2817    2953
    2816    2975    2818
    2817    2818    2961
    2846    2823    2824
    2922    2824    2822
    2883    2826    2827
    2827    2825    2879
    2830    2956    2828
    2831    2870    2830
    2829    2849    2831
    4130    2835    2834
    2838    2933    2837
    2843    2878    2842
    2848    2847    2985
    2852    2853    2970
    2854    2971    2853
    2855    2991    2854
    2851    2989    2855
    2858    2856    4104
    2926    2859    2860
    2957    2863    2861
    2913    2862    2864
    2919    2864    2865
    2945    2865    2863
    2868    2888    2866
    2874    2868    2867
    2870    2871    2957
    2871    2869    2958
    2965    2875    2877
    2972    2877    2876
    4020    2880    2881
    2884    2889    2882
    2887    2885    2896
    2895    2890    2891
    2892    2893    2999
    2898    2905    2900
    2902    2903    3004
    2909    2906    2904
    2912    2911    2996
    2916    2917    2956
    2997    2918    2920
    2952    2923    2921
    2928    2979    2927
    2988    2929    2931
    2948    2932    2933
    2934    2936    2980
    2983    2937    2935
    2992    2940    2941
    2971    2941    2939
    2944    2969    2943
    2947    2980    2946
    2955    2954    3001
    2960    2962    2990
    2962    2961    2974
    2970    2964    2965
    2969    2967    2975
    2978    2977    2993
    3980    3009    3010
    3981    3010    3011
    3009    3168    3012
    3013    3058    3014
    3012    3059    3013
    3011    3014    4000
    3015    3016    4024
    3016    3017    3979
    3018    3063    3019
    3017    3020    3978
    3064    3018    3015
    3019    3162    3020
    4042    3021    3022
    3328    3023    3021
    3096    3022    3024
    3097    3024    3025
    3178    3025    3023
    3314    3026    3027
    3428    3027    3028
    3994    3028    3029
    3101    3029    3030
    3102    3030    3026
    3228    3031    3032
    3154    3032    3033
    4152    3034    3031
    3068    3035    3034
    3069    3033    3035
    3390    3036    3037
    4021    3037    3038
    3186    3039    3036
    3106    3038    3040
    3107    3040    3039
    3998    3041    3042
    3306    3043    3041
    3072    3042    3044
    3073    3044    3045
    3158    3045    3043
    3046    3436    3047
    3048    3047    4157
    3110    3049    3050
    3050    3048    3111
    3049    3357    3046
    3055    3052    3076    3051
    3052    4008    3077    3053
    3056    3054    3051    4071
    3054    4009    3053    4072
    4139    3055    3148    3057
    4140    3056    3057    4141
    3306    3060    3061
    3150    3061    3062
    3151    3062    3059
    3060    3999    3058
    3065    3174    3066
    4037    3067    3064
    3067    3401    3065
    3063    3066    3163
    4153    3070    3068
    3155    3069    3071
    3170    3071    3070
    3428    3074    3075
    3995    3072    3074
    3159    3075    3073
    3149    3078    3165    3076
    3078    4022    3221    3077
    3079    3175    3080
    3163    3079    3081
    3164    3081    3082
    3370    3083    3084
    3976    3082    3083
    3084    3080    3225
    3085    3086    3229
    3087    3088    3326
    3089    4041    3086
    3088    3090    3239
    3329    3089    3087
    3090    3085    3230
    3091    3169    3092
    3093    3094    3993
    3094    3092    3168
    3325    3093    3990    3095
    3323    3091    3095    3223
    4038    3096    3098
    3401    3098    3099
    3232    3099    3100
    3179    3100    3097
    3391    3103    3104
    4007    3101    3103
    3102    3182    3105
    3104    3105    3183
    3108    4020    3106
    3245    3107    3187    3109
    3330    3108    3109    4019
    3112    3111    4132
    3110    3189    3355    3113
    3112    3190    3113    4133
    3308    3114    3115
    3309    3115    3116
    3440    3117    3114
    3398    3118    3117
    3318    3116    3118
    3400    3119    3120
    3119    3399    3121
    3347    3122    3123
    3405    3120    3122
    3123    3121    3348
    3457    3125    3250    3124
    3125    3420    3251    3126
    3458    3127    3124    4137
    3127    3421    3126    4138
    3248    3129    3358    3128
    3129    3457    3359    3130
    3249    3131    3128    4135
    3131    3458    3130    4136
    3364    3133    3992    3132
    3133    3325    3991    3134
    3362    3135    3132    3253
    3135    3323    3134    3254
    3394    3137    3983    3136
    3137    3364    3984    3138
    3392    3139    3136    3256
    3139    3362    3138    3257
    3442    3141    3986    3140
    3141    3394    3985    3142
    3443    3143    3140    3259
    3143    3392    3142    3260
    3198    3145    3988    3144
    3145    3442    3987    3146
    3199    3147    3144    3345
    3147    3443    3146    3346
    3421    3149    3166    3148
    3224    3152    3153
    3152    3236    3150
    3153    3151    3169
    3156    3155    3171
    3157    3156    3240
    3230    3154    3157
    3316    3160    3161
    3160    3424    3159
    3161    3158    3307
    3164    3977    3162
    3420    3167    3242    3166
    3167    3222    3243    3165
    3310    3171    3172
    3173    3170    3436
    3172    3173    3437
    3174    3402    3176
    3177    3176    3311
    3177    3226    3175
    3180    3327    3181
    3326    3180    3178
    3181    3233    3179
    3315    3184    3182
    3387    3183    3185
    3321    3185    3184
    3188    3186    3387
    3246    3188    3388    3187
    3189    3248    3356    3191
    3190    3249    3191    4134
    3342    3192    3193
    3194    3311    3195
    3196    3195    3406
    3312    3194    3192
    3403    3193    3197
    3197    3196    3405
    3370    3198    3989    3200
    3368    3199    3200    3369
    3201    3315    3202
    3203    3204    3424
    3202    3314    3204
    3381    3203    3425    3205
    3382    3201    3205    3322
    3206    3412    3207
    3208    3209    3357
    3207    3437    3209
    3206    3336    3413    3210
    3208    3337    3210    3355
    3211    3438    3212
    3213    3214    3414
    3212    3440    3214
    3211    3339    3439    3215
    3213    3340    3215    3413
    3216    3403    3217
    3218    3219    3349
    3217    3347    3219
    3216    3446    3404    3220
    3218    3449    3220    3439
    3222    3330    3331    3221
    3324    3224    3223    3237
    3368    3225    3227
    3313    3227    3226
    3228    3231    4154
    3229    4040    3231
    3234    3406    3235
    3232    3235    3402
    3400    3234    3233
    3238    3307    3236
    3353    3238    3237    3317
    3241    3240    3309
    3239    3241    3319
    3419    3244    3365    3242
    3244    3332    3366    3243
    3367    3246    3379    3247
    3332    3245    3247    3331
    3456    3252    3373    3250
    3252    3419    3374    3251
    3363    3255    3253    3351
    3255    3324    3254    3352
    3393    3258    3256    3375
    3258    3363    3257    3376
    3444    3261    3259    3333
    3261    3393    3260    3334
    3360    3263    3410    3262
    3263    3455    3411    3264
    3361    3265    3262    3358
    3265    3456    3264    3359
    3416    3267    3407    3266
    3267    3380    3385    3268
    3418    3269    3266    3365
    3269    3367    3268    3366
    3454    3271    3429    3270
    3271    3416    3417    3272
    3455    3273    3270    3373
    3273    3418    3272    3374
    3396    3275    3451    3274
    3275    3453    3452    3276
    3397    3277    3274    3410
    3277    3454    3276    3411
    3409    3279    3426    3278
    3279    3381    3427    3280
    3408    3281    3278    3385
    3281    3382    3280    3386
    3434    3283    3422    3282
    3283    3409    3423    3284
    3430    3285    3282    3417
    3285    3408    3284    3407
    3383    3287    3431    3286
    3287    3433    3432    3288
    3384    3289    3286    3452
    3289    3434    3288    3435
    3446    3291    3447    3290
    3291    3383    3448    3292
    3449    3293    3290    3450
    3293    3384    3292    3451
    3377    3295    3351    3294
    3295    3353    3352    3296
    3378    3297    3294    3426
    3297    3354    3296    3427
    3395    3299    3375    3298
    3299    3377    3376    3300
    3433    3301    3298    3422
    3301    3378    3300    3423
    3371    3303    3345    3302
    3303    3444    3346    3304
    3372    3305    3302    3447
    3305    3445    3304    3448
    3310    3441    3308
    3343    3313    3312
    3354    3316    3317    3425
    3327    3319    3320
    3320    3318    3399
    3389    3321    3322    3388
    4043    3329    3328
    3445    3335    3333    3431
    3335    3395    3334    3432
    3336    3360    3415    3338
    3337    3361    3338    3356
    3339    3396    3450    3341
    3340    3397    3341    3415
    3343    3371    3369    3344
    3342    3372    3344    3404
    3438    3349    3350
    3350    3348    3398
    3380    3389    3386    3379
    3391    3390    4018
    3412    3414    3441
    3453    3430    3435    3429
    4023    3459    3460
    3979    3461    3459
    3584    3462    3461
    3491    3463    3462
    3492    3460    3463
    4004    3464    3465
    3573    3465    3466
    3970    3467    3464
    3517    3466    3468
    3518    3468    3467
    3962    3469    3470
    3972    3471    3469
    3570    3472    3471
    3473    3474    3521
    3646    3470    3473
    3472    3522    3474
    3574    3475    3476
    4005    3477    3478
    3672    3479    3475
    3676    3478    3479
    3573    3476    3477
    3525    3480    3481
    3526    3482    3480
    3993    3481    3483
    3589    3484    3482
    3641    3483    3484
    3485    3486    3527
    3487    3485    3528
    3982    3488    3487
    3489    3490    3617
    3486    3489    3576
    3488    4002    3490
    3512    3493    3494
    4032    3492    3493
    3513    3494    3491
    3977    3495    3496
    3687    3496    3497
    3688    3497    3498
    3595    3499    3500
    3660    3498    3499
    3596    3500    3495
    3677    3501    3502
    3502    3503    3996
    3501    3580    3504
    3505    3506    3614
    3503    3505    3618
    3506    3504    3581
    3507    3963    3508
    3509    3510    3647
    3508    3646    3510
    3507    3598    3967    3511
    3509    3599    3511    3668
    3974    3512    3514
    3515    3516    3571
    3513    3585    3516
    3514    3515    3572
    3519    3575    3517
    3645    3518    3960    3520
    3643    3519    3520    3592
    3571    3523    3522
    3587    3524    3523
    3610    3521    3524
    3980    3528    3525
    3526    3527    3577
    3585    3529    3530
    3586    3531    3529
    3688    3532    3531
    3588    3530    3533
    3692    3533    3532
    3678    3535    3667    3534
    3535    3642    3665    3536
    3679    3537    3534    3991
    3537    3641    3536    3990
    3697    3539    3619    3538
    3539    3678    3620    3540
    3698    3541    3538    3984
    3541    3679    3540    3992
    3710    3543    3622    3542
    3543    3697    3623    3544
    3711    3545    3542    3985
    3545    3698    3544    3983
    3706    3547    3625    3546
    3547    3710    3626    3548
    3707    3549    3546    3987
    3549    3711    3548    3986
    3595    3551    3661    3550
    3551    3706    3670    3552
    3597    3553    3550    3989
    3553    3707    3552    3988
    3685    3555    3964    3554
    3555    3645    3961    3556
    3683    3557    3554    3628
    3557    3643    3556    3629
    3656    3559    3966    3558
    3559    3685    3965    3560
    3654    3561    3558    3631
    3561    3683    3560    3632
    3712    3563    3958    3562
    3563    3656    3969    3564
    3713    3565    3562    3634
    3565    3654    3564    3635
    3598    3567    3968    3566
    3567    3712    3959    3568
    3599    3569    3566    3699
    3569    3713    3568    3700
    3572    3570    3973
    3575    3593    3574
    3576    3614    3578
    3590    3577    3579
    3579    3578    3615
    3672    3582    3580
    3616    3581    3583
    3662    3583    3582
    3689    3586    3584
    3611    3587    3588
    3642    3589    3591
    3591    3590    3666
    3594    3673    3593
    3644    3594    3592    3674
    3597    3596    3976
    3600    3601    3663
    3602    3666    3603
    3601    3603    3664
    3657    3600    3674    3604
    3658    3602    3604    3665
    3605    3690    3606
    3607    3608    3660
    3608    3606    3692
    3605    3702    3691    3609
    3607    3671    3609    3661
    3669    3612    3613
    3612    3647    3610
    3613    3611    3690
    3664    3615    3616
    3618    3617    4001
    3696    3621    3648    3619
    3621    3682    3649    3620
    3717    3624    3651    3622
    3624    3696    3652    3623
    3708    3627    3709    3625
    3627    3717    3716    3626
    3684    3630    3628    3680
    3630    3644    3629    3675
    3655    3633    3631    3693
    3633    3684    3632    3686
    3714    3636    3634    3704
    3636    3655    3635    3694
    3701    3638    3699    3637
    3638    3714    3700    3639
    3702    3640    3637    3703
    3640    3715    3639    3709
    3695    3650    3686    3648
    3650    3681    3680    3649
    3705    3653    3694    3651
    3653    3695    3693    3652
    3681    3657    3675    3659
    3682    3658    3659    3667
    3663    3662    3673
    3669    3701    3668    3691
    3671    3708    3703    3670
    3997    3676    3677
    3978    3687    3689
    3715    3705    3704    3716
    3962    3718    3719
    3963    3720    3718
    3769    3721    3722
    3770    3722    3720
    3887    3719    3721
    3723    3724    3757
    3725    3973    3724
    4025    3726    3727
    3726    3975    3725
    3727    3728    3747
    3723    3748    3728
    3920    3729    3730
    4027    3731    3729
    3826    3732    3731
    3839    3730    3733
    3827    3733    3732
    4031    3734    3735
    3920    3736    3734
    3773    3735    3737
    3774    3737    3738
    3823    3738    3736
    3830    3740    3777    3739
    3740    4017    3778    3741
    3831    3742    3739    3961
    3742    3971    3741    3960
    3780    3744    4061    3743
    3744    4010    4062    3745
    3781    3746    3743    3832
    3746    4011    3745    3833
    4036    3747    3749
    3761    3749    3750
    3758    3750    3748
    4039    3751    3752
    3899    3753    3754
    3753    3828    3755
    3754    3756    3946
    3751    3947    3756
    3752    3755    3829
    3757    3972    3759
    3759    3765    3760
    3760    3762    3758
    4035    3761    3763
    3766    3764    3762
    3947    3763    3764
    3887    3767    3765
    3815    3768    3767
    3768    3816    3766
    3771    3888    3769
    3771    3820    3847    3772
    3770    3821    3772    3967
    3775    4055    3773
    3775    3850    4054    3776
    3774    3851    3776    3824
    3843    3779    3927    3777
    3779    4016    3928    3778
    3914    3780    4057    3782
    3912    3781    3782    3845
    3890    3784    3883    3783
    3784    3830    3844    3785
    3891    3786    3783    3965
    3786    3831    3785    3964
    3948    3788    3852    3787
    3788    3890    3853    3789
    3949    3790    3787    3969
    3790    3891    3789    3966
    3896    3792    3855    3791
    3792    3948    3856    3793
    3897    3794    3791    3959
    3794    3949    3793    3958
    3858    3796    3893    3795
    3796    4014    3894    3797
    3859    3798    3795    3927
    3798    4015    3797    3928
    3846    3800    3832    3799
    3800    4012    3833    3801
    3885    3802    3799    3893
    3802    4013    3801    3894
    3931    3804    4058    3803
    3804    3914    4056    3805
    3929    3806    3803    3861
    3806    3912    3805    3862
    3950    3808    4060    3807
    3808    3931    4059    3809
    3951    3810    3807    3864
    3810    3929    3809    3865
    3850    3812    4053    3811
    3812    3950    4052    3813
    3851    3814    3811    3907
    3814    3951    3813    3908
    3889    3817    3818
    3817    3944    3819
    3818    3815    3888
    3819    3946    3816
    3820    3896    3848    3822
    3821    3897    3822    3968
    3825    3823    3921
    3825    3909    3824    3922
    4028    3829    3826
    3840    3827    3828
    3834    3835    3944
    3836    3900    3837
    3837    3899    3835
    3836    3935    3910    3838
    3834    3936    3838    3945
    3911    3841    3842
    3900    3842    3840
    3921    3839    3841
    3884    3843    3926    3844
    3913    3846    3845    3886
    3889    3849    3945    3847
    3849    3898    3942    3848
    3957    3854    3941    3852
    3854    3892    3924    3853
    3898    3857    3943    3855
    3857    3957    3956    3856
    3916    3858    3895    3860
    3917    3859    3860    3926
    3930    3863    3861    3901
    3863    3913    3862    3902
    3952    3866    3864    3904
    3866    3930    3865    3905
    3939    3868    3918    3867
    3868    3916    3919    3869
    3940    3870    3867    3924
    3870    3917    3869    3925
    3954    3872    3937    3871
    3872    3939    3938    3873
    3955    3874    3871    3956
    3874    3940    3873    3941
    3935    3876    3933    3875
    3876    3954    3934    3877
    3936    3878    3875    3942
    3878    3955    3877    3943
    3909    3880    3907    3879
    3880    3952    3908    3881
    3923    3882    3879    3933
    3882    3953    3881    3934
    3892    3884    3925    3883
    3915    3885    3886    3895
    3932    3903    3901    3918
    3903    3915    3902    3919
    3953    3906    3904    3937
    3906    3932    3905    3938
    3911    3923    3922    3910
    3971    3970    4006
    3975    4026    3974
    4003    3982    3981
