         1
        11
        20
        29
        38
        47
        55
        65
        75
        84
        91
        98
       108
       118
       127
       137
       144
       153
       160
       169
       178
       188
       198
       208
       217
       226
       236
       245
       254
       263
       272
       282
       291
       300
       309
       319
       328
       335
       342
       352
       361
       370
       380
       389
       400
       410
       419
       429
       439
       449
       460
       470
       480
       487
       497
       505
       515
       525
       534
       544
       551
       559
       567
       574
       584
       592
       602
       612
       623
       633
       642
       653
       663
       671
       681
       689
       699
       709
       719
       728
       738
       748
       758
       768
       778
       788
       798
       808
       819
       829
       839
       849
       859
       867
       877
       886
       894
       905
       915
       925
       935
       945
       954
       962
       971
       981
       991
      1002
      1011
      1021
      1032
      1042
      1052
      1062
      1072
      1082
      1092
      1102
      1113
      1124
      1133
      1144
      1154
      1164
      1174
      1184
      1194
      1204
      1214
      1224
      1234
      1244
      1254
      1262
      1271
      1281
      1291
      1301
      1311
      1322
      1333
      1344
      1355
      1366
      1377
      1388
      1396
      1404
      1414
      1424
      1434
      1442
      1452
      1462
      1471
      1479
      1489
      1497
      1507
      1517
      1526
      1536
      1545
      1555
      1564
      1574
      1584
      1593
      1602
      1611
      1620
      1629
      1639
      1649
      1657
      1668
      1677
      1686
      1695
      1704
      1713
      1723
      1732
      1742
      1751
      1761
      1770
      1779
      1788
      1797
      1807
      1816
      1825
      1834
      1843
      1853
      1863
      1872
      1881
      1890
      1899
      1909
      1918
      1927
      1937
      1947
      1957
      1966
      1975
      1986
      1996
      2006
      2016
      2026
      2036
      2046
      2056
      2066
      2076
      2087
      2097
      2107
      2117
      2127
      2137
      2147
      2158
      2168
      2177
      2186
      2195
      2205
      2215
      2225
      2235
      2245
      2255
      2265
      2274
      2283
      2293
      2303
      2314
      2324
      2334
      2344
      2354
      2364
      2374
      2384
      2392
      2402
      2410
      2418
      2428
      2439
      2448
      2458
      2469
      2479
      2489
      2499
      2509
      2519
      2529
      2539
      2549
      2559
      2569
      2579
      2589
      2599
      2609
      2619
      2629
      2639
      2649
      2659
      2669
      2679
      2689
      2699
      2709
      2719
      2729
      2739
      2749
      2759
      2770
      2780
      2791
      2801
      2811
      2821
      2831
      2841
      2852
      2862
      2872
      2882
      2892
      2902
      2912
      2922
      2932
      2942
      2952
      2962
      2973
      2983
      2993
      3003
      3013
      3023
      3034
      3044
      3054
      3064
      3074
      3084
      3094
      3105
      3115
      3125
      3135
      3145
      3156
      3167
      3177
      3187
      3197
      3206
      3215
      3225
      3235
      3245
      3255
      3265
      3275
      3286
      3297
      3307
      3317
      3327
      3337
      3347
      3358
      3366
      3374
      3386
      3397
      3407
      3418
      3428
      3438
      3448
      3458
      3467
      3477
      3487
      3497
      3505
      3515
      3526
      3535
      3545
      3555
      3565
      3575
      3585
      3596
      3606
      3616
      3626
      3636
      3646
      3656
      3666
      3677
      3688
      3699
      3709
      3720
      3731
      3742
      3754
      3765
      3776
      3786
      3796
      3806
      3816
      3826
      3837
      3847
      3857
      3867
      3877
      3889
      3899
      3909
      3919
      3929
      3940
      3952
      3964
      3976
      3987
      3998
      4009
      4020
      4030
      4038
      4046
      4056
      4066
      4076
      4086
      4096
      4106
      4117
      4127
      4138
      4148
      4159
      4170
      4180
      4190
      4200
      4210
      4220
      4230
      4240
      4250
      4260
      4271
      4281
      4291
      4301
      4311
      4321
      4332
      4342
      4353
      4363
      4373
      4384
      4395
      4405
      4415
      4425
      4435
      4445
      4455
      4466
      4477
      4487
      4497
      4507
      4517
      4528
      4538
      4549
      4560
      4570
      4581
      4591
      4601
      4611
      4621
      4631
      4641
      4651
      4662
      4674
      4684
      4694
      4704
      4714
      4725
      4736
      4747
      4758
      4769
      4778
      4789
      4800
      4811
      4822
      4833
      4843
      4853
      4863
      4873
      4883
      4893
      4903
      4913
      4923
      4933
      4943
      4953
      4963
      4973
      4983
      4993
      5003
      5012
      5022
      5034
      5044
      5054
      5064
      5074
      5086
      5098
      5109
      5119
      5129
      5139
      5150
      5162
      5173
      5184
      5194
      5205
      5215
      5226
      5237
      5247
      5258
      5269
      5279
      5289
      5299
      5308
      5317
      5324
      5330
      5338
      5348
      5357
      5367
      5377
      5387
      5394
      5403
      5411
      5421
      5431
      5441
      5451
      5461
      5468
      5477
      5486
      5493
      5503
      5511
      5518
      5526
      5535
      5543
      5553
      5562
      5571
      5579
      5589
      5599
      5609
      5617
      5625
      5632
      5639
      5647
      5656
      5665
      5675
      5685
      5695
      5704
      5713
      5722
      5731
      5741
      5749
      5758
      5765
      5774
      5781
      5789
      5797
      5807
      5817
      5827
      5834
      5843
      5854
      5864
      5873
      5883
      5892
      5899
      5909
      5918
      5928
      5937
      5945
      5952
      5962
      5970
      5980
      5990
      5997
      6005
      6014
      6024
      6033
      6043
      6051
      6061
      6072
      6080
      6090
      6100
      6110
      6120
      6131
      6141
      6151
      6158
      6167
      6175
      6183
      6193
      6202
      6209
      6219
      6227
      6237
      6247
      6254
      6263
      6273
      6283
      6293
      6303
      6313
      6323
      6333
      6343
      6351
      6359
      6370
      6380
      6390
      6401
      6411
      6421
      6431
      6441
      6451
      6461
      6469
      6481
      6492
      6503
      6513
      6524
      6532
      6542
      6550
      6560
      6570
      6580
      6591
      6601
      6611
      6621
      6631
      6641
      6650
      6661
      6671
      6681
      6691
      6699
      6710
      6719
      6728
      6737
      6746
      6755
      6765
      6773
      6783
      6792
      6802
      6812
      6821
      6830
      6840
      6849
      6858
      6868
      6877
      6886
      6895
      6904
      6913
      6923
      6933
      6942
      6951
      6960
      6970
      6979
      6988
      6997
      7006
      7016
      7025
      7035
      7044
      7054
      7063
      7073
      7082
      7091
      7100
      7110
      7119
      7128
      7137
      7147
      7156
      7165
      7174
      7183
      7193
      7202
      7211
      7220
      7229
      7238
      7248
      7257
      7266
      7275
      7285
      7294
      7303
      7312
      7321
      7331
      7340
      7350
      7359
      7368
      7378
      7387
      7396
      7405
      7414
      7422
      7432
      7443
      7451
      7462
      7472
      7482
      7492
      7502
      7512
      7522
      7532
      7541
      7551
      7562
      7573
      7584
      7595
      7606
      7616
      7626
      7636
      7647
      7657
      7667
      7675
      7684
      7694
      7704
      7715
      7725
      7735
      7745
      7753
      7762
      7771
      7779
      7789
      7798
      7808
      7818
      7827
      7837
      7848
      7858
      7869
      7879
      7889
      7900
      7910
      7922
      7932
      7943
      7954
      7965
      7975
      7986
      7996
      8007
      8017
      8027
      8037
      8047
      8057
      8067
      8077
      8087
      8097
      8107
      8117
      8128
      8138
      8148
      8158
      8168
      8178
      8188
      8198
      8208
      8219
      8229
      8239
      8249
      8259
      8269
      8279
      8289
      8299
      8309
      8319
      8330
      8341
      8351
      8361
      8371
      8381
      8391
      8401
      8411
      8421
      8431
      8441
      8451
      8461
      8471
      8481
      8491
      8501
      8511
      8521
      8531
      8541
      8552
      8562
      8572
      8582
      8593
      8603
      8614
      8625
      8636
      8646
      8656
      8666
      8674
      8682
      8691
      8701
      8711
      8721
      8732
      8742
      8752
      8762
      8772
      8782
      8790
      8800
      8810
      8820
      8830
      8841
      8852
      8863
      8874
      8884
      8895
      8905
      8915
      8925
      8934
      8945
      8955
      8966
      8977
      8987
      8997
      9008
      9019
      9030
      9041
      9051
      9062
      9072
      9082
      9092
      9102
      9113
      9124
      9135
      9146
      9157
      9167
      9178
      9188
      9199
      9209
      9219
      9230
      9240
      9251
      9262
      9272
      9282
      9293
      9303
      9313
      9323
      9333
      9343
      9352
      9362
      9373
      9384
      9395
      9406
      9416
      9426
      9436
      9446
      9457
      9467
      9477
      9487
      9497
      9507
      9518
      9528
      9538
      9548
      9558
      9568
      9578
      9588
      9598
      9607
      9616
      9627
      9638
      9648
      9658
      9668
      9677
      9687
      9697
      9707
      9717
      9727
      9737
      9747
      9757
      9768
      9778
      9789
      9799
      9811
      9822
      9832
      9842
      9852
      9862
      9872
      9883
      9894
      9905
      9914
      9924
      9934
      9944
      9954
      9964
      9974
      9984
      9995
     10005
     10016
     10027
     10038
     10048
     10059
     10067
     10075
     10086
     10096
     10106
     10116
     10126
     10136
     10146
     10156
     10166
     10176
     10186
     10197
     10207
     10217
     10227
     10238
     10249
     10259
     10269
     10280
     10290
     10300
     10311
     10319
     10328
     10339
     10349
     10360
     10371
     10381
     10391
     10402
     10413
     10424
     10435
     10446
     10456
     10467
     10478
     10488
     10499
     10511
     10522
     10533
     10542
     10552
     10562
     10571
     10581
     10591
     10601
     10611
     10622
     10632
     10642
     10652
     10660
     10671
     10681
     10691
     10700
     10709
     10718
     10728
     10738
     10747
     10756
     10765
     10774
     10783
     10793
     10803
     10812
     10821
     10830
     10840
     10849
     10859
     10868
     10878
     10888
     10897
     10906
     10915
     10925
     10934
     10943
     10953
     10962
     10971
     10981
     10991
     11000
     11009
     11019
     11030
     11039
     11049
     11059
     11069
     11079
     11090
     11100
     11111
     11120
     11130
     11140
     11150
     11160
     11170
     11180
     11190
     11200
     11211
     11221
     11231
     11241
     11251
     11257
     11266
     11274
     11280
     11286
     11294
     11302
     11308
     11319
     11329
     11339
     11349
     11359
     11370
     11380
     11390
     11400
     11410
     11421
     11431
     11441
     11451
     11461
     11470
     11480
     11490
     11500
     11510
     11520
     11530
     11540
     11551
     11561
     11570
     11579
     11589
     11599
     11609
     11619
     11630
     11640
     11650
     11660
     11670
     11680
     11690
     11700
     11710
     11721
     11731
     11741
     11751
     11761
     11771
     11777
     11785
     11792
     11800
     11811
     11821
     11831
     11841
     11850
     11857
     11864
     11872
     11880
     11886
     11895
     11905
     11914
     11923
     11931
     11941
     11950
     11960
     11969
     11978
     11987
     11996
     12005
     12015
     12024
     12033
     12043
     12052
     12061
     12070
     12080
     12090
     12099
     12108
     12116
     12125
     12135
     12144
     12153
     12162
     12172
     12183
     12193
     12203
     12213
     12223
     12234
     12244
     12254
     12263
     12272
     12281
     12291
     12301
     12311
     12321
     12330
     12339
     12349
     12359
     12369
     12379
     12389
     12399
     12409
     12419
     12430
     12440
     12450
     12460
     12470
     12480
     12490
     12500
     12508
     12519
     12529
     12539
     12549
     12560
     12570
     12580
     12590
     12600
     12611
     12622
     12632
     12642
     12652
     12663
     12674
     12684
     12694
     12704
     12714
     12724
     12734
     12744
     12754
     12764
     12774
     12784
     12795
     12805
     12815
     12825
     12835
     12845
     12855
     12865
     12875
     12885
     12895
     12906
     12916
     12926
     12935
     12946
     12957
     12967
     12977
     12987
     12997
     13007
     13017
     13027
     13037
     13047
     13058
     13068
     13079
     13089
     13099
     13109
     13119
     13129
     13139
     13149
     13159
     13169
     13179
     13189
     13199
     13209
     13219
     13229
     13239
     13249
     13259
     13269
     13279
     13289
     13299
     13309
     13319
     13329
     13339
     13349
     13359
     13369
     13379
     13390
     13400
     13410
     13420
     13430
     13441
     13452
     13462
     13472
     13483
     13494
     13504
     13514
     13525
     13535
     13545
     13555
     13565
     13575
     13585
     13596
     13604
     13614
     13622
     13632
     13643
     13653
     13664
     13675
     13686
     13697
     13707
     13717
     13727
     13735
     13744
     13756
     13767
     13778
     13788
     13798
     13809
     13819
     13829
     13837
     13848
     13859
     13870
     13881
     13892
     13903
     13912
     13922
     13932
     13942
     13952
     13962
     13972
     13982
     13992
     14002
     14012
     14022
     14032
     14042
     14051
     14061
     14071
     14081
     14090
     14101
     14111
     14120
     14131
     14142
     14153
     14163
     14174
     14185
     14195
     14205
     14215
     14225
     14235
     14245
     14255
     14265
     14275
     14285
     14295
     14305
     14315
     14325
     14335
     14345
     14356
     14367
     14377
     14386
     14396
     14407
     14418
     14429
     14439
     14449
     14459
     14469
     14479
     14489
     14499
     14510
     14521
     14532
     14543
     14554
     14565
     14575
     14585
     14595
     14605
     14615
     14625
     14636
     14647
     14657
     14667
     14677
     14688
     14698
     14708
     14718
     14728
     14738
     14748
     14759
     14770
     14780
     14791
     14801
     14810
     14820
     14831
     14841
     14851
     14862
     14873
     14884
     14895
     14905
     14915
     14925
     14935
     14945
     14955
     14965
     14975
     14985
     14995
     15006
     15018
     15029
     15039
     15049
     15059
     15069
     15079
     15089
     15099
     15109
     15119
     15129
     15139
     15149
     15159
     15169
     15180
     15191
     15202
     15212
     15222
     15232
     15242
     15253
     15264
     15275
     15285
     15295
     15305
     15316
     15326
     15334
     15344
     15352
     15358
     15366
     15374
     15380
     15384
     15391
     15398
     15404
     15414
     15423
     15433
     15442
     15451
     15460
     15470
     15479
     15486
     15493
     15503
     15514
     15521
     15529
     15539
     15548
     15558
     15568
     15578
     15588
     15598
     15608
     15619
     15629
     15639
     15649
     15659
     15669
     15677
     15687
     15694
     15704
     15712
     15723
     15731
     15737
     15746
     15753
     15759
     15768
     15779
     15787
     15795
     15805
     15815
     15825
     15835
     15845
     15855
     15864
     15874
     15884
     15894
     15904
     15914
     15924
     15935
     15945
     15955
     15965
     15975
     15985
     15994
     16002
     16013
     16023
     16032
     16042
     16051
     16059
     16070
     16080
     16089
     16099
     16110
     16120
     16130
     16140
     16150
     16160
     16170
     16178
     16189
     16197
     16207
     16216
     16226
     16236
     16246
     16256
     16266
     16276
     16282
     16290
     16296
     16304
     16310
     16318
     16326
     16332
     16342
     16350
     16359
     16369
     16379
     16389
     16399
     16409
     16419
     16429
     16438
     16447
     16456
     16465
     16474
     16483
     16493
     16501
     16510
     16517
     16526
     16536
     16544
     16554
     16563
     16572
     16582
     16591
     16600
     16608
     16617
     16625
     16632
     16642
     16651
     16660
     16670
     16679
     16688
     16697
     16707
     16716
     16725
     16734
     16743
     16752
     16762
     16771
     16780
     16789
     16799
     16810
     16820
     16831
     16842
     16852
     16862
     16870
     16880
     16891
     16902
     16913
     16924
     16933
     16941
     16949
     16959
     16969
     16978
     16988
     16997
     17006
     17016
     17025
     17035
     17045
     17055
     17066
     17076
     17084
     17095
     17106
     17114
     17124
     17134
     17144
     17154
     17164
     17175
     17185
     17195
     17205
     17215
     17225
     17235
     17245
     17255
     17265
     17275
     17285
     17295
     17305
     17315
     17325
     17335
     17345
     17355
     17365
     17375
     17385
     17395
     17405
     17415
     17425
     17435
     17445
     17455
     17466
     17476
     17486
     17496
     17506
     17517
     17527
     17537
     17547
     17557
     17567
     17577
     17587
     17597
     17608
     17618
     17628
     17639
     17650
     17660
     17670
     17680
     17690
     17700
     17711
     17721
     17731
     17741
     17751
     17761
     17771
     17781
     17791
     17801
     17811
     17822
     17832
     17842
     17852
     17862
     17872
     17882
     17892
     17902
     17912
     17922
     17933
     17943
     17954
     17963
     17970
     17981
     17992
     18002
     18013
     18023
     18034
     18044
     18054
     18064
     18074
     18083
     18093
     18101
     18111
     18121
     18132
     18142
     18152
     18160
     18167
     18177
     18186
     18195
     18205
     18215
     18225
     18235
     18245
     18255
     18265
     18276
     18284
     18292
     18302
     18313
     18323
     18332
     18341
     18352
     18362
     18372
     18382
     18392
     18400
     18410
     18420
     18430
     18440
     18450
     18460
     18470
     18480
     18490
     18500
     18511
     18521
     18531
     18541
     18552
     18563
     18573
     18583
     18593
     18603
     18613
     18624
     18634
     18644
     18654
     18664
     18674
     18684
     18695
     18705
     18715
     18725
     18735
     18745
     18755
     18765
     18775
     18785
     18795
     18805
     18815
     18826
     18836
     18846
     18856
     18866
     18876
     18886
     18896
     18906
     18916
     18924
     18934
     18945
     18955
     18965
     18976
     18986
     18996
     19006
     19016
     19026
     19037
     19047
     19058
     19068
     19078
     19088
     19099
     19110
     19121
     19131
     19141
     19152
     19163
     19174
     19183
     19193
     19203
     19213
     19224
     19234
     19243
     19253
     19264
     19274
     19284
     19294
     19304
     19314
     19324
     19334
     19344
     19354
     19364
     19374
     19383
     19392
     19403
     19414
     19424
     19434
     19444
     19455
     19465
     19475
     19485
     19495
     19506
     19516
     19526
     19536
     19546
     19556
     19566
     19577
     19588
     19597
     19609
     19620
     19630
     19640
     19650
     19661
     19671
     19682
     19692
     19703
     19713
     19723
     19733
     19743
     19753
     19763
     19773
     19783
     19793
     19803
     19813
     19823
     19833
     19843
     19851
     19861
     19872
     19883
     19894
     19905
     19915
     19924
     19934
     19942
     19952
     19961
     19971
     19982
     19992
     20002
     20012
     20023
     20033
     20043
     20053
     20062
     20071
     20080
     20089
     20097
     20105
     20111
     20117
     20127
     20138
     20148
     20158
     20167
     20177
     20188
     20198
     20208
     20218
     20228
     20238
     20248
     20256
     20264
     20274
     20284
     20294
     20304
     20315
     20325
     20335
     20345
     20354
     20365
     20375
     20385
     20395
     20405
     20414
     20424
     20434
     20444
     20454
     20464
     20474
     20484
     20494
     20504
     20515
     20525
     20535
     20545
     20555
     20565
     20575
     20585
     20593
     20599
     20607
     20616
     20626
     20636
     20646
     20656
     20662
     20670
     20676
     20686
     20696
     20706
     20716
     20726
     20736
     20746
     20757
     20767
     20777
     20787
     20797
     20807
     20817
     20827
     20837
     20847
     20857
     20867
     20877
     20887
     20898
     20908
     20917
     20927
     20937
     20947
     20957
     20967
     20977
     20987
     20997
     21007
     21017
     21027
     21037
     21043
     21051
     21059
     21065
     21071
     21080
     21088
     21094
     21100
     21108
     21116
     21122
     21132
     21141
     21151
     21161
     21172
     21182
     21192
     21202
     21212
     21222
     21232
     21242
     21252
     21262
     21272
     21281
     21290
     21299
     21308
     21318
     21327
     21336
     21345
     21354
     21364
     21373
     21381
     21390
     21400
     21410
     21419
     21428
     21437
     21446
     21455
     21464
     21473
     21482
     21491
     21500
     21510
     21519
     21528
     21537
     21546
     21555
     21565
     21574
     21583
     21593
     21603
     21612
     21621
     21630
     21639
     21648
     21658
     21668
     21678
     21688
     21698
     21708
     21716
     21724
     21730
     21740
     21748
     21758
     21768
     21778
     21789
     21799
     21809
     21819
     21829
     21840
     21850
     21860
     21871
     21882
     21893
     21904
     21914
     21922
     21932
     21942
     21952
     21962
     21972
     21982
     21992
     22000
     22010
     22020
     22030
     22040
     22051
     22061
     22071
     22081
     22091
     22101
     22111
     22121
     22131
     22141
     22151
     22161
     22171
     22182
     22192
     22202
     22212
     22222
     22232
     22242
     22252
     22262
     22272
     22282
     22292
     22302
     22312
     22323
     22333
     22343
     22353
     22364
     22374
     22384
     22394
     22404
     22414
     22425
     22435
     22446
     22455
     22465
     22475
     22485
     22496
     22506
     22516
     22526
     22536
     22546
     22556
     22566
     22577
     22587
     22597
     22607
     22618
     22628
     22638
     22648
     22658
     22668
     22678
     22688
     22698
     22708
     22718
     22728
     22738
     22748
     22758
     22768
     22778
     22788
     22798
     22808
     22818
     22829
     22839
     22849
     22859
     22869
     22879
     22889
     22899
     22909
     22920
     22930
     22940
     22950
     22960
     22970
     22980
     22990
     23000
     23010
     23018
     23026
     23036
     23045
     23055
     23065
     23074
     23085
     23095
     23105
     23115
     23125
     23135
     23146
     23156
     23166
     23176
     23186
     23196
     23206
     23216
     23226
     23236
     23246
     23256
     23266
     23276
     23286
     23296
     23306
     23316
     23327
     23337
     23348
     23358
     23368
     23378
     23389
     23399
     23409
     23419
     23430
     23441
     23451
     23461
     23471
     23481
     23491
     23501
     23512
     23522
     23532
     23542
     23552
     23562
     23572
     23582
     23593
     23603
     23613
     23621
     23632
     23642
     23653
     23664
     23674
     23685
     23695
     23706
     23716
     23724
     23735
     23746
     23756
     23766
     23776
     23786
     23796
     23806
     23817
     23828
     23838
     23850
     23861
     23871
     23882
     23892
     23902
     23913
     23923
     23933
     23943
     23953
     23964
     23976
     23986
     23996
     24006
     24016
     24027
     24038
     24049
     24060
     24070
     24080
     24090
     24100
     24110
     24120
     24131
     24141
     24151
     24161
     24172
     24182
     24192
     24202
     24212
     24222
     24232
     24242
     24252
     24262
     24272
     24282
     24292
     24302
     24312
     24322
     24332
     24342
     24352
     24363
     24373
     24383
     24393
     24403
     24413
     24423
     24433
     24443
     24453
     24463
     24473
     24484
     24495
     24505
     24515
     24526
     24536
     24545
     24555
     24566
     24576
     24586
     24597
     24607
     24618
     24629
     24640
     24650
     24660
     24670
     24681
     24691
     24701
     24711
     24722
     24732
     24742
     24751
     24760
     24770
     24779
     24785
     24792
     24801
     24808
     24817
     24824
     24833
     24843
     24853
     24862
     24872
     24878
     24886
     24892
     24900
     24910
     24919
     24928
     24937
     24946
     24954
     24965
     24974
     24981
     24990
     25000
     25011
     25022
     25032
     25042
     25052
     25062
     25071
     25078
     25086
     25095
     25105
     25115
     25124
     25133
     25142
     25153
     25163
     25172
     25182
     25192
     25202
     25212
     25222
     25232
     25242
     25253
     25262
     25272
     25282
     25292
     25303
     25313
     25323
     25333
     25344
     25351
     25359
     25369
     25378
     25388
     25399
     25409
     25419
     25429
     25439
     25444
     25452
     25458
     25466
     25474
     25484
     25494
     25504
     25512
     25522
     25532
     25542
     25552
     25562
     25570
     25578
     25584
     25594
     25604
     25614
     25624
     25634
     25643
     25651
     25660
     25668
     25677
     25687
     25697
     25705
     25715
     25725
     25735
     25745
     25756
     25766
     25776
     25786
     25794
     25802
     25808
     25814
     25820
     25828
     25836
     25842
     25848
     25856
     25864
     25870
     25879
     25887
     25893
     25899
     25910
     25920
     25930
     25940
     25950
     25960
     25969
     25978
     25987
     25997
     26006
     26015
     26024
     26034
     26045
     26055
     26065
     26074
     26084
     26093
     26102
     26110
     26120
     26129
     26138
     26147
     26156
     26165
     26174
     26183
     26192
     26201
     26210
     26219
     26229
     26238
     26247
     26257
     26266
     26275
     26284
     26293
     26302
     26313
     26323
     26333
     26343
     26353
     26361
     26368
     26378
     26388
     26398
     26408
     26418
     26428
     26436
     26444
     26450
     26460
     26470
     26480
     26490
     26500
     26508
     26518
     26528
     26536
     26546
     26555
     26565
     26573
     26583
     26593
     26601
     26611
     26621
     26631
     26641
     26651
     26661
     26671
     26681
     26691
     26702
     26712
     26722
     26732
     26742
     26752
     26761
     26771
     26781
     26792
     26802
     26812
     26822
     26832
     26842
     26852
     26862
     26872
     26882
     26892
     26902
     26912
     26922
     26932
     26942
     26952
     26962
     26972
     26982
     26992
     27002
     27013
     27023
     27033
     27043
     27053
     27063
     27073
     27083
     27093
     27103
     27114
     27124
     27135
     27146
     27156
     27166
     27175
     27185
     27195
     27205
     27216
     27226
     27236
     27246
     27257
     27267
     27277
     27287
     27297
     27307
     27317
     27327
     27337
     27347
     27357
     27367
     27378
     27388
     27398
     27408
     27418
     27428
     27438
     27448
     27458
     27468
     27478
     27488
     27498
     27508
     27518
     27528
     27538
     27547
     27557
     27566
     27576
     27587
     27597
     27608
     27618
     27628
     27638
     27648
     27658
     27668
     27678
     27688
     27698
     27709
     27719
     27729
     27740
     27750
     27758
     27768
     27779
     27789
     27799
     27807
     27816
     27826
     27836
     27846
     27856
     27866
     27877
     27887
     27895
     27905
     27917
     27928
     27939
     27949
     27960
     27970
     27981
     27992
     28002
     28012
     28022
     28032
     28040
     28050
     28060
     28070
     28081
     28091
     28101
     28111
     28121
     28131
     28141
     28151
     28161
     28171
     28181
     28191
     28201
     28212
     28221
     28232
     28242
     28253
     28262
     28272
     28283
     28293
     28303
     28311
     28320
     28330
     28340
     28350
     28360
     28371
     28381
     28391
     28401
     28412
     28423
     28433
     28443
     28454
     28464
     28474
     28484
     28495
     28505
     28515
     28526
     28536
     28547
     28558
     28568
     28579
     28590
     28601
     28612
     28622
     28633
     28644
     28655
     28665
     28674
     28683
     28693
     28703
     28713
     28723
     28733
     28743
     28754
     28764
     28775
     28786
     28797
     28807
     28817
     28827
     28837
     28847
     28857
     28867
     28875
     28886
     28896
     28906
     28917
     28927
     28937
     28948
     28958
     28968
     28978
     28988
     28998
     29009
     29020
     29030
     29040
     29050
     29061
     29071
     29079
     29089
     29100
     29110
     29121
     29131
     29141
     29151
     29161
     29171
     29181
     29191
     29202
     29212
     29222
     29232
     29242
     29252
     29262
     29273
     29283
     29293
     29305
     29316
     29326
     29336
     29345
     29355
     29366
     29377
     29387
     29398
     29409
     29419
     29429
     29437
     29447
     29456
     29466
     29477
     29487
     29497
     29508
     29518
     29528
     29538
     29548
     29557
     29565
     29571
     29578
     29587
     29596
     29604
     29610
     29619
     29628
     29638
     29647
     29656
     29665
     29674
     29683
     29693
     29702
     29712
     29722
     29731
     29740
     29750
     29759
     29769
     29778
     29787
     29796
     29805
     29815
     29825
     29834
     29844
     29854
     29864
     29874
     29884
     29894
     29905
     29915
     29925
     29936
     29946
     29956
     29967
     29977
     29987
     29997
     30007
     30017
     30026
     30033
     30041
     30048
     30058
     30067
     30077
     30085
     30095
     30105
     30115
     30125
     30135
     30146
     30156
     30167
     30175
     30185
     30193
     30203
     30213
     30224
     30235
     30245
     30255
     30265
     30275
     30283
     30292
     30302
     30312
     30322
     30332
     30341
     30350
     30359
     30368
     30376
     30384
     30393
     30403
     30412
     30421
     30430
     30439
     30448
     30457
     30465
     30474
     30484
     30493
     30502
     30510
     30520
     30531
     30541
     30551
     30561
     30570
     30580
     30590
     30600
     30610
     30620
     30630
     30640
     30650
     30660
     30670
     30680
     30690
     30698
     30707
     30717
     30728
     30738
     30749
     30759
     30769
     30780
     30791
     30800
     30810
     30820
     30831
     30841
     30851
     30859
     30869
     30879
     30888
     30898
     30908
     30918
     30929
     30939
     30949
     30958
     30967
     30976
     30985
     30995
     31004
     31014
     31023
     31032
     31042
     31051
     31059
     31069
     31078
     31087
     31097
     31106
     31116
     31125
     31135
     31144
     31153
     31162
     31171
     31181
     31190
     31200
     31209
     31218
     31227
     31237
     31246
     31256
     31266
     31275
     31285
     31295
     31305
     31314
     31324
     31333
     31343
     31352
     31361
     31371
     31379
     31387
     31397
     31407
     31417
     31427
     31437
     31447
     31457
     31467
     31477
     31487
     31497
     31507
     31517
     31527
     31537
     31547
     31557
     31567
     31577
     31585
     31595
     31604
     31614
     31624
     31633
     31642
     31651
     31661
     31671
     31682
     31692
     31702
     31712
     31723
     31734
     31744
     31755
     31765
     31775
     31785
     31794
     31805
     31815
     31825
     31835
     31845
     31856
     31866
     31876
     31886
     31896
     31906
     31916
     31926
     31937
     31947
     31957
     31967
     31977
     31988
     31998
     32008
     32018
     32028
     32038
     32049
     32059
     32069
     32079
     32090
     32100
     32111
     32121
     32131
     32141
     32151
     32161
     32171
     32181
     32192
     32202
     32212
     32222
     32233
     32243
     32254
     32264
     32274
     32285
     32295
     32305
     32315
     32325
     32335
     32345
     32355
     32365
     32376
     32387
     32397
     32408
     32418
     32428
     32438
     32449
     32459
     32469
     32480
     32490
     32500
     32510
     32520
     32531
     32541
     32552
     32561
     32571
     32581
     32592
     32603
     32614
     32624
     32635
     32646
     32657
     32667
     32678
     32688
     32699
     32709
     32719
     32729
     32739
     32749
     32757
     32765
     32775
     32786
     32796
     32806
     32818
     32828
     32838
     32848
     32858
     32868
     32877
     32887
     32897
     32907
     32917
     32928
     32938
     32949
     32961
     32972
     32982
     32992
     33002
     33012
     33021
     33030
     33040
     33051
     33061
     33071
     33081
     33091
     33101
     33111
     33121
     33131
     33141
     33153
     33164
     33174
     33185
     33195
     33206
     33216
     33226
     33236
     33246
     33257
     33268
     33278
     33288
     33299
     33310
     33320
     33330
     33340
     33350
     33360
     33371
     33381
     33391
     33402
     33412
     33422
     33431
     33441
     33451
     33461
     33471
     33482
     33493
     33504
     33514
     33524
     33534
     33544
     33555
     33566
     33576
     33586
     33596
     33607
     33618
     33628
     33639
     33649
     33659
     33669
     33680
     33692
     33703
     33713
     33723
     33733
     33743
     33753
     33763
     33773
     33784
     33794
     33804
     33815
     33825
     33836
     33846
     33856
     33866
     33877
     33887
     33898
     33909
     33920
     33931
     33943
     33954
     33966
     33977
     33988
     33999
     34010
     34020
     34031
     34041
     34051
     34061
     34071
     34081
     34091
     34102
     34113
     34124
     34135
     34146
     34157
     34168
     34178
     34188
     34199
     34210
     34219
     34227
     34237
     34248
     34259
     34270
     34281
     34291
     34302
     34312
     34323
     34333
     34344
     34355
     34366
     34377
     34388
     34398
     34409
     34420
     34431
     34441
     34451
     34461
     34471
     34481
     34492
     34503
     34513
     34523
     34532
     34543
     34554
     34564
     34573
     34582
     34588
     34597
     34605
     34615
     34625
     34634
     34643
     34652
     34661
     34671
     34681
     34691
     34700
     34707
     34716
     34725
     34735
     34745
     34753
     34763
     34772
     34781
     34790
     34799
     34809
     34819
     34829
     34838
     34848
     34856
     34864
     34874
     34881
     34889
     34899
     34910
     34920
     34930
     34940
     34949
     34959
     34966
     34975
     34986
     34994
     35004
     35014
     35025
     35035
     35046
     35054
     35065
     35075
     35083
     35092
     35102
     35112
     35121
     35128
     35138
     35146
     35153
     35162
     35172
     35182
     35192
     35201
     35210
     35220
     35230
     35240
     35249
     35259
     35268
     35278
     35285
     35293
     35303
     35313
     35323
     35333
     35344
     35354
     35362
     35372
     35382
     35389
     35398
     35409
     35420
     35430
     35441
     35452
     35463
     35474
     35484
     35494
     35502
     35510
     35519
     35529
     35539
     35549
     35559
     35570
     35580
     35590
     35600
     35610
     35618
     35628
     35638
     35646
     35656
     35666
     35676
     35686
     35696
     35706
     35714
     35725
     35735
     35743
     35754
     35764
     35775
     35785
     35795
     35805
     35815
     35825
     35835
     35845
     35855
     35865
     35875
     35885
     35893
     35903
     35913
     35923
     35933
     35943
     35952
     35961
     35971
     35980
     35990
     36001
     36012
     36022
     36030
     36040
     36048
     36057
     36067
     36076
     36085
     36094
     36103
     36113
     36123
     36132
     36141
     36151
     36159
     36169
     36178
     36187
     36196
     36205
     36215
     36224
     36233
     36242
     36252
     36261
     36270
     36279
     36289
     36298
     36307
     36316
     36325
     36335
     36344
     36354
     36363
     36372
     36382
     36391
     36401
     36411
     36420
     36430
     36440
     36449
     36458
     36467
     36476
     36486
     36496
     36505
     36514
     36523
     36532
     36542
     36552
     36562
     36571
     36581
     36590
     36600
     36610
     36620
     36630
     36639
     36649
     36659
     36668
     36677
     36686
     36695
     36703
     36712
     36721
     36731
     36742
     36753
     36763
     36773
     36781
     36791
     36801
     36809
     36819
     36829
     36840
     36850
     36860
     36869
     36879
     36889
     36899
     36908
     36917
     36928
     36936
     36946
     36956
     36966
     36976
     36986
     36997
     37008
     37018
     37028
     37039
     37049
     37059
     37069
     37079
     37089
     37099
     37109
     37119
     37129
     37139
     37149
     37159
     37169
     37180
     37190
     37200
     37210
     37221
     37231
     37242
     37252
     37262
     37272
     37282
     37292
     37302
     37313
     37323
     37334
     37343
     37352
     37363
     37373
     37383
     37393
     37404
     37414
     37424
     37434
     37444
     37454
     37465
     37475
     37485
     37495
     37505
     37515
     37525
     37536
     37546
     37556
     37566
     37576
     37586
     37596
     37606
     37616
     37626
     37635
     37645
     37653
     37662
     37672
     37682
     37692
     37702
     37712
     37722
     37732
     37742
     37752
     37762
     37773
     37783
     37793
     37803
     37813
     37823
     37833
     37843
     37853
     37863
     37873
     37883
     37893
     37903
     37913
     37924
     37934
     37945
     37955
     37965
     37975
     37985
     37996
     38006
     38016
     38027
     38038
     38048
     38058
     38069
     38080
     38091
     38100
     38110
     38121
     38131
     38141
     38152
     38162
     38172
     38182
     38192
     38203
     38214
     38224
     38234
     38244
     38254
     38264
     38275
     38286
     38297
     38307
     38317
     38327
     38337
     38347
     38357
     38367
     38377
     38387
     38397
     38407
     38417
     38427
     38437
     38447
     38457
     38466
     38476
     38486
     38496
     38507
     38517
     38527
     38537
     38547
     38558
     38568
     38578
     38588
     38599
     38609
     38620
     38632
     38643
     38654
     38665
     38676
     38686
     38696
     38706
     38716
     38726
     38736
     38746
     38757
     38768
     38779
     38789
     38799
     38807
     38815
     38825
     38835
     38846
     38856
     38867
     38877
     38887
     38897
     38907
     38917
     38927
     38936
     38946
     38957
     38967
     38977
     38987
     38997
     39007
     39018
     39028
     39039
     39050
     39061
     39072
     39083
     39094
     39105
     39116
     39127
     39138
     39148
     39158
     39168
     39179
     39190
     39201
     39211
     39222
     39232
     39242
     39252
     39262
     39271
     39281
     39291
     39302
     39313
     39323
     39333
     39345
     39356
     39367
     39377
     39387
     39398
     39409
     39418
     39429
     39441
     39451
     39461
     39471
     39483
     39494
     39504
     39515
     39526
     39538
     39549
     39561
     39572
     39581
     39591
     39601
     39610
     39619
     39629
     39639
     39649
     39660
     39672
     39682
     39692
     39703
     39714
     39724
     39733
     39743
     39753
     39763
     39773
     39783
     39793
     39803
     39813
     39823
     39833
     39843
     39852
     39862
     39871
     39882
     39893
     39901
     39910
     39920
     39930
     39940
     39950
     39960
     39970
     39981
     39990
     40001
     40012
     40022
     40032
     40042
     40052
     40062
     40072
     40082
     40092
     40102
     40110
     40115
     40121
     40128
     40133
     40139
     40147
     40153
     40160
     40166
     40172
     40177
     40183
     40188
     40195
     40201
     40206
     40212
     40218
     40223
     40228
     40234
     40239
     40244
     40251
     40257
     40262
     40269
     40276
     40282
     40289
     40295
     40301
     40308
     40313
     40319
     40324
     40330
     40336
     40342
     40348
     40356
     40362
     40368
     40373
     40380
     40387
     40393
     40399
     40405
     40411
     40418
     40425
     40432
     40439
     40445
     40452
     40458
     40464
     40471
     40476
     40481
     40485
     40490
     40497
     40503
     40509
     40516
     40523
     40529
     40537
     40543
     40550
     40556
     40561
     40567
     40572
     40580
     40585
     40590
     40596
     40601
     40608
     40615
     40622
     40627
     40633
     40638
     40644
     40649
     40655
     40661
     40665
     40671
     40678
     40685
     40691
     40697
     40702
     40709
     40714
     40721
     40726
     40731
     40737
     40743
     40749
     40756
     40760
     40766
     40773
     40779
     40785
     40791
     40797
     40803
     40809
     40816
     40822
     40829
     40837
     40843
     40849
     40854
     40860
     40866
     40873
     40880
     40885
     40891
     40897
     40904
     40911
     40917
     40923
     40929
     40934
     40939
     40944
     40949
     40956
     40963
     40969
     40975
     40981
     40986
     40992
     40998
     41003
     41009
     41014
     41021
     41027
     41033
