         2
         3
         4
         5
        56
       336
      4111
      4123
         1
         3
         4
         5
      4120
      4123
         1
         2
         4
         5
        41
        55
       185
       336
       337
         1
         2
         3
         5
        41
        42
        43
        44
        45
         1
         2
         3
         4
        42
      4119
      4120
         7
         8
         9
        46
        47
        48
         6
         8
         9
      4080
      4081
         6
         7
         9
      4082
      4083
         6
         7
         8
       181
       982
       983
        11
        12
        13
        14
        64
       521
      1474
      1679
      1890
      1900
        10
        12
        13
        14
        66
       197
       453
       516
       521
        10
        11
        13
        14
        72
      1473
      1744
      1890
      1891
        10
        11
        12
        14
        72
        73
        74
        75
        76
        10
        11
        12
        13
        73
       197
       198
       199
       200
        16
        17
        18
        19
        68
       488
      1017
      1886
      1899
        15
        17
        18
        19
       402
      1016
      1038
      1300
      1898
      1899
        15
        16
        18
        19
        50
       250
       402
       403
       404
        15
        16
        17
        19
        90
       250
       251
       252
       253
        15
        16
        17
        18
        70
       242
       251
       487
       488
        21
        22
        23
        24
       190
      1396
      1882
      1889
      1894
        20
        22
        23
        24
       349
      1395
      1480
      1800
      1894
      1895
        20
        21
        23
        24
        75
       315
       349
       350
       351
        20
        21
        22
        24
       189
       234
       315
       316
       317
        20
        21
        22
        23
        54
       189
       190
       191
       192
        26
        27
        28
        29
        30
        77
      4073
      4124
        25
        27
        28
        29
        30
      4118
      4124
        25
        26
        28
        29
        30
        77
        78
        79
        80
        81
        25
        26
        27
        29
        30
        78
        86
       320
       321
       322
        25
        26
        27
        28
        30
        45
       477
      4118
      4119
        25
        26
        27
        28
        29
        44
       184
       320
       477
       478
        32
        33
        34
        35
        36
        60
       193
       194
       195
       196
        31
        33
        34
        35
        36
       141
       193
       239
       277
       360
       361
        31
        32
        34
        35
        36
       194
      4108
      4110
        31
        32
        33
        35
        36
        63
       238
       360
       362
       363
        31
        32
        33
        34
        36
       362
      1372
      1425
      1892
      1893
        31
        32
        33
        34
        35
      1371
      1892
      4108
      4109
        38
        39
        40
       147
       254
       255
        37
        39
        40
        82
        83
        84
        37
        38
        40
       549
       975
       986
        37
        38
        39
      1105
      1901
      1909
         4
        42
        43
        44
        45
         3
        55
       185
       336
       337
         4
        41
        43
        44
        45
         5
      4119
      4120
         4
        41
        42
        44
        45
       184
       185
       186
       187
       188
         4
        41
        42
        43
        45
        30
       184
       320
       477
       478
         4
        41
        42
        43
        44
        29
       477
      4118
      4119
         6
        47
        48
      4079
      4080
         6
        46
        48
       181
       182
       183
         6
        46
        47
       179
       353
       355
        50
        51
        52
        53
        54
        91
       233
       252
       403
       405
       406
        49
        51
        52
        53
        54
        17
       250
       402
       403
       404
        49
        50
        52
        53
        54
       404
       998
      1035
      1888
      1898
        49
        50
        51
        53
        54
       191
       233
       234
       235
       236
        49
        50
        51
        52
        54
       192
      1000
      1881
      1888
      1889
        49
        50
        51
        52
        53
        24
       189
       190
       191
       192
        56
        57
        58
        59
        60
         3
        41
       185
       336
       337
        55
        57
        58
        59
        60
         1
       336
      4111
      4123
        55
        56
        58
        59
        60
       195
      4110
      4111
        55
        56
        57
        59
        60
       140
       196
       276
       277
       278
        55
        56
        57
        58
        60
       188
       276
       337
       338
       339
        55
        56
        57
        58
        59
        31
       193
       194
       195
       196
        62
        63
        64
        65
        66
       237
       238
       239
       240
       241
        61
        63
        64
        65
        66
       228
       237
       454
       516
       517
        61
        62
        64
        65
        66
        34
       238
       360
       362
       363
        61
        62
        63
        65
        66
        10
       521
      1474
      1679
      1890
      1900
        61
        62
        63
        64
        66
       363
      1427
      1678
      1893
      1900
        61
        62
        63
        64
        65
        11
       197
       453
       516
       521
        68
        69
        70
        71
      1020
      1147
      1886
      1887
        67
        69
        70
        71
        15
       488
      1017
      1886
      1899
        67
        68
        70
        71
       242
       243
       244
       245
        67
        68
        69
        71
        19
       242
       251
       487
       488
        67
        68
        69
        70
       145
       327
       328
        13
        73
        74
        75
        76
        12
      1473
      1744
      1890
      1891
        13
        72
        74
        75
        76
        14
       197
       198
       199
       200
        13
        72
        73
        75
        76
       350
      1481
      1745
      1891
      1895
        13
        72
        73
        74
        76
        22
       315
       349
       350
       351
        13
        72
        73
        74
        75
       125
       198
       317
       330
       351
       352
        27
        78
        79
        80
        81
        25
      4073
      4124
        27
        77
        79
        80
        81
        28
        86
       320
       321
       322
        27
        77
        78
        80
        81
        87
       247
       321
       323
       324
        27
        77
        78
        79
        81
       246
      4073
      4074
        27
        77
        78
        79
        80
       246
       247
       248
       249
        38
        83
        84
       254
       318
       319
        38
        82
        84
       601
       973
       975
        38
        82
        83
       152
       357
       358
        86
        87
        88
        89
       186
       210
       322
       422
       478
       479
        85
        87
        88
        89
        28
        78
       320
       321
       322
        85
        86
        88
        89
        79
       247
       321
       323
       324
        85
        86
        87
        89
       273
       323
       364
       365
       366
        85
        86
        87
        88
       211
       364
       422
       423
        91
        92
        93
        94
        18
       250
       251
       252
       253
        90
        92
        93
        94
        49
       233
       252
       403
       405
       406
        90
        91
        93
        94
       204
       405
       429
       430
       431
        90
        91
        92
        94
        95
       401
       420
       429
       484
       485
        90
        91
        92
        93
       245
       253
       399
       484
       487
        96
        97
        98
        99
        93
       401
       420
       429
       484
       485
        95
        97
        98
        99
       205
       388
       430
       485
       486
        95
        96
        98
        99
       303
       400
       420
       421
        95
        96
        97
        99
       259
       389
       428
       483
       486
        95
        96
        97
        98
       258
       421
       426
       428
       101
       102
       103
       104
       264
       279
       465
       497
       507
       515
       100
       102
       103
       104
       115
       279
       280
       281
       100
       101
       103
       104
       119
       130
       280
       377
       378
       379
       100
       101
       102
       104
       263
       435
       507
       508
       100
       101
       102
       103
       307
       377
       435
       436
       106
       107
       108
       109
       269
       441
       461
       476
       480
       105
       107
       108
       109
       218
       345
       425
       441
       442
       443
       105
       106
       108
       109
       135
       208
       346
       466
       474
       475
       105
       106
       107
       109
       137
       414
       462
       475
       476
       105
       106
       107
       108
       113
       345
       346
       347
       348
       111
       112
       113
       114
       143
       278
       339
       446
       447
       448
       110
       112
       113
       114
       212
       348
       446
       473
       474
       110
       111
       113
       114
       144
       343
       424
       444
       447
       110
       111
       112
       114
       109
       345
       346
       347
       348
       110
       111
       112
       113
       217
       341
       347
       424
       425
       116
       117
       118
       119
       101
       279
       280
       281
       115
       117
       118
       119
       222
       281
       416
       464
       515
       520
       115
       116
       118
       119
       213
       419
       489
       519
       520
       115
       116
       117
       119
       131
       214
       378
       442
       489
       490
       115
       116
       117
       118
       102
       130
       280
       377
       378
       379
       121
       122
       123
       124
       201
       219
       387
       434
       449
       450
       120
       122
       123
       124
       220
       449
       463
       464
       465
       120
       121
       123
       124
       262
       463
       481
       496
       497
       120
       121
       122
       124
       257
       386
       481
       482
       483
       120
       121
       122
       123
       203
       386
       387
       388
       389
       126
       127
       128
       129
        76
       198
       317
       330
       351
       352
       125
       127
       128
       129
       199
       352
       390
       391
       392
       125
       126
       128
       129
       224
       390
       433
       450
       451
       125
       126
       127
       129
       202
       331
       432
       433
       434
       125
       126
       127
       128
       236
       316
       330
       331
       332
       131
       132
       133
       134
       102
       119
       280
       377
       378
       379
       130
       132
       133
       134
       118
       214
       378
       442
       489
       490
       130
       131
       133
       134
       267
       443
       480
       490
       491
       130
       131
       132
       134
       266
       437
       491
       492
       130
       131
       132
       133
       379
       410
       436
       437
       136
       137
       138
       139
       107
       208
       346
       466
       474
       475
       135
       137
       138
       139
       207
       272
       365
       423
       466
       467
       135
       136
       138
       139
       108
       414
       462
       475
       476
       135
       136
       137
       139
       271
       413
       467
       468
       135
       136
       137
       138
       311
       413
       414
       415
       141
       142
       143
       144
        58
       196
       276
       277
       278
       140
       142
       143
       144
        32
       193
       239
       277
       360
       361
       140
       141
       143
       144
       240
       344
       361
       444
       445
       140
       141
       142
       144
       110
       278
       339
       446
       447
       448
       140
       141
       142
       143
       112
       343
       424
       444
       447
       146
       147
       148
        71
       327
       328
       145
       147
       148
       319
       325
       326
       145
       146
       148
        37
       254
       255
       145
       146
       147
      1109
      1910
      1911
       150
       151
       152
       282
       283
       284
       149
       151
       152
       156
       505
       506
       149
       150
       152
       633
       974
       985
       149
       150
       151
        84
       357
       358
       154
       155
       156
       285
       286
       287
       153
       155
       156
       160
       380
       381
       153
       154
       156
       637
       971
       972
       153
       154
       155
       150
       505
       506
       158
       159
       160
       288
       289
       290
       157
       159
       160
       164
       438
       439
       157
       158
       160
       641
       976
       984
       157
       158
       159
       154
       380
       381
       162
       163
       164
       291
       292
       293
       161
       163
       164
       168
       383
       384
       161
       162
       164
       645
       977
       980
       161
       162
       163
       158
       438
       439
       166
       167
       168
       294
       295
       296
       165
       167
       168
       172
       502
       503
       165
       166
       168
       649
       987
       989
       165
       166
       167
       162
       383
       384
       170
       171
       172
       297
       298
       299
       169
       171
       172
       176
       407
       408
       169
       170
       172
       653
       978
       988
       169
       170
       171
       166
       502
       503
       174
       175
       176
       333
       334
       335
       173
       175
       176
       183
       231
       232
       173
       174
       176
       661
       979
       981
       173
       174
       175
       170
       407
       408
       178
       179
       180
       249
       457
       458
       177
       179
       180
      4077
      4078
       177
       178
       180
        48
       353
       355
       177
       178
       179
       300
       301
       302
        47
       182
       183
         9
       982
       983
        47
       181
       183
       301
       353
       354
        47
       181
       182
       174
       231
       232
        43
       185
       186
       187
       188
        30
        44
       320
       477
       478
        43
       184
       186
       187
       188
         3
        41
        55
       336
       337
        43
       184
       185
       187
       188
        85
       210
       322
       422
       478
       479
        43
       184
       185
       186
       188
       209
       338
       448
       473
       479
        43
       184
       185
       186
       187
        59
       276
       337
       338
       339
        24
        54
       190
       191
       192
        23
       234
       315
       316
       317
        24
        54
       189
       191
       192
        20
      1396
      1882
      1889
      1894
        24
        54
       189
       190
       192
        52
       233
       234
       235
       236
        24
        54
       189
       190
       191
        53
      1000
      1881
      1888
      1889
        31
        60
       194
       195
       196
        32
       141
       239
       277
       360
       361
        31
        60
       193
       195
       196
        33
      4108
      4110
        31
        60
       193
       194
       196
        57
      4110
      4111
        31
        60
       193
       194
       195
        58
       140
       276
       277
       278
        14
        73
       198
       199
       200
        11
        66
       453
       516
       521
        14
        73
       197
       199
       200
        76
       125
       317
       330
       351
       352
        14
        73
       197
       198
       200
       126
       352
       390
       391
       392
        14
        73
       197
       198
       199
       230
       391
       452
       453
       454
       202
       203
       204
       205
       206
       120
       219
       387
       434
       449
       450
       201
       203
       204
       205
       206
       128
       331
       432
       433
       434
       201
       202
       204
       205
       206
       124
       386
       387
       388
       389
       201
       202
       203
       205
       206
        92
       405
       429
       430
       431
       201
       202
       203
       204
       206
        96
       388
       430
       485
       486
       201
       202
       203
       204
       205
       235
       332
       406
       431
       432
       208
       209
       210
       211
       212
       136
       272
       365
       423
       466
       467
       207
       209
       210
       211
       212
       107
       135
       346
       466
       474
       475
       207
       208
       210
       211
       212
       187
       338
       448
       473
       479
       207
       208
       209
       211
       212
        85
       186
       322
       422
       478
       479
       207
       208
       209
       210
       212
        89
       364
       422
       423
       207
       208
       209
       210
       211
       111
       348
       446
       473
       474
       214
       215
       216
       217
       218
       117
       419
       489
       519
       520
       213
       215
       216
       217
       218
       118
       131
       378
       442
       489
       490
       213
       214
       216
       217
       218
       226
       340
       418
       518
       519
       213
       214
       215
       217
       218
       340
       341
       342
       343
       344
       213
       214
       215
       216
       218
       114
       341
       347
       424
       425
       213
       214
       215
       216
       217
       106
       345
       425
       441
       442
       443
       220
       221
       222
       223
       224
       120
       201
       387
       434
       449
       450
       219
       221
       222
       223
       224
       121
       449
       463
       464
       465
       219
       220
       222
       223
       224
       227
       416
       417
       418
       419
       219
       220
       221
       223
       224
       116
       281
       416
       464
       515
       520
       219
       220
       221
       222
       224
       229
       392
       417
       451
       452
       219
       220
       221
       222
       223
       127
       390
       433
       450
       451
       226
       227
       228
       229
       230
       241
       342
       445
       517
       518
       225
       227
       228
       229
       230
       215
       340
       418
       518
       519
       225
       226
       228
       229
       230
       221
       416
       417
       418
       419
       225
       226
       227
       229
       230
        62
       237
       454
       516
       517
       225
       226
       227
       228
       230
       223
       392
       417
       451
       452
       225
       226
       227
       228
       229
       200
       391
       452
       453
       454
       174
       183
       232
       333
       354
       356
       174
       183
       231
       557
       981
       983
        52
       191
       234
       235
       236
        49
        91
       252
       403
       405
       406
        52
       191
       233
       235
       236
        23
       189
       315
       316
       317
        52
       191
       233
       234
       236
       206
       332
       406
       431
       432
        52
       191
       233
       234
       235
       129
       316
       330
       331
       332
        61
       238
       239
       240
       241
        62
       228
       454
       516
       517
        61
       237
       239
       240
       241
        34
        63
       360
       362
       363
        61
       237
       238
       240
       241
        32
       141
       193
       277
       360
       361
        61
       237
       238
       239
       241
       142
       344
       361
       444
       445
        61
       237
       238
       239
       240
       225
       342
       445
       517
       518
        69
       243
       244
       245
        19
        70
       251
       487
       488
        69
       242
       244
       245
       325
       327
       329
        69
       242
       243
       245
       397
       399
       400
       401
        69
       242
       243
       244
        94
       253
       399
       484
       487
        81
       247
       248
       249
        80
      4073
      4074
        81
       246
       248
       249
        79
        87
       321
       323
       324
        81
       246
       247
       249
       274
       324
       366
       367
        81
       246
       247
       248
       177
       457
       458
        18
        90
       251
       252
       253
        17
        50
       402
       403
       404
        18
        90
       250
       252
       253
        19
        70
       242
       487
       488
        18
        90
       250
       251
       253
        49
        91
       233
       403
       405
       406
        18
        90
       250
       251
       252
        94
       245
       399
       484
       487
        37
       147
       255
        82
       318
       319
        37
       147
       254
      1356
      1909
      1910
       257
       258
       259
       260
       261
       482
       494
       496
       256
       258
       259
       260
       123
       386
       481
       482
       483
       256
       257
       259
       260
        99
       421
       426
       428
       256
       257
       258
       260
        98
       389
       428
       483
       486
       256
       257
       258
       259
       368
       369
       370
       262
       263
       264
       265
       256
       482
       494
       496
       261
       263
       264
       265
       122
       463
       481
       496
       497
       261
       262
       264
       265
       103
       435
       507
       508
       261
       262
       263
       265
       100
       279
       465
       497
       507
       515
       261
       262
       263
       264
       371
       372
       373
       267
       268
       269
       270
       133
       437
       491
       492
       266
       268
       269
       270
       132
       443
       480
       490
       491
       266
       267
       269
       270
       415
       459
       461
       462
       266
       267
       268
       270
       105
       441
       461
       476
       480
       266
       267
       268
       269
       374
       375
       376
       272
       273
       274
       275
       138
       413
       467
       468
       271
       273
       274
       275
       136
       207
       365
       423
       466
       467
       271
       272
       274
       275
        88
       323
       364
       365
       366
       271
       272
       273
       275
       248
       324
       366
       367
       271
       272
       273
       274
       393
       455
       456
        58
       140
       196
       277
       278
        59
       188
       337
       338
       339
        58
       140
       196
       276
       278
        32
       141
       193
       239
       360
       361
        58
       140
       196
       276
       277
       110
       143
       339
       446
       447
       448
       101
       115
       280
       281
       100
       264
       465
       497
       507
       515
       101
       115
       279
       281
       102
       119
       130
       377
       378
       379
       101
       115
       279
       280
       116
       222
       416
       464
       515
       520
       149
       283
       284
       286
       505
       514
       149
       282
       284
       318
       357
       359
       149
       282
       283
       305
       395
       396
       153
       286
       287
       289
       380
       382
       153
       285
       287
       282
       505
       514
       153
       285
       286
       370
       512
       513
       157
       289
       290
       292
       438
       440
       157
       288
       290
       285
       380
       382
       157
       288
       289
       373
       510
       511
       161
       292
       293
       295
       383
       385
       161
       291
       293
       288
       438
       440
       161
       291
       292
       309
       498
       499
       165
       295
       296
       298
       501
       502
       165
       294
       296
       291
       383
       385
       165
       294
       295
       493
       500
       504
       169
       298
       299
       334
       407
       409
       169
       297
       299
       294
       501
       502
       169
       297
       298
       460
       471
       472
       180
       301
       302
       367
       455
       458
       180
       300
       302
       182
       353
       354
       180
       300
       301
       356
       393
       394
       304
       305
       306
        97
       400
       420
       421
       303
       305
       306
       369
       426
       427
       303
       304
       306
       284
       395
       396
       303
       304
       305
       329
       397
       398
       308
       309
       310
       104
       377
       435
       436
       307
       309
       310
       410
       411
       412
       307
       308
       310
       293
       498
       499
       307
       308
       309
       371
       508
       509
       312
       313
       314
       139
       413
       414
       415
       311
       313
       314
       456
       468
       469
       311
       312
       314
       409
       470
       471
       311
       312
       313
       374
       459
       460
        23
       189
       234
       316
       317
        22
        75
       349
       350
       351
        23
       189
       234
       315
       317
       129
       236
       330
       331
       332
        23
       189
       234
       315
       316
        76
       125
       198
       330
       351
       352
        82
       254
       319
       283
       357
       359
        82
       254
       318
       146
       325
       326
        28
        78
        86
       321
       322
        30
        44
       184
       477
       478
        28
        78
        86
       320
       322
        79
        87
       247
       323
       324
        28
        78
        86
       320
       321
        85
       186
       210
       422
       478
       479
        79
        87
       247
       321
       324
        88
       273
       364
       365
       366
        79
        87
       247
       321
       323
       248
       274
       366
       367
       146
       319
       326
       243
       327
       329
       146
       319
       325
       359
       396
       398
        71
       145
       328
       243
       325
       329
        71
       145
       327
      1192
      1887
      1911
       243
       325
       327
       306
       397
       398
       129
       236
       316
       331
       332
        76
       125
       198
       317
       351
       352
       129
       236
       316
       330
       332
       128
       202
       432
       433
       434
       129
       236
       316
       330
       331
       206
       235
       406
       431
       432
       173
       334
       335
       231
       354
       356
       173
       333
       335
       297
       407
       409
       173
       333
       334
       394
       469
       470
         3
        41
        55
       185
       337
         1
        56
      4111
      4123
         3
        41
        55
       185
       336
        59
       188
       276
       338
       339
        59
       188
       276
       337
       339
       187
       209
       448
       473
       479
        59
       188
       276
       337
       338
       110
       143
       278
       446
       447
       448
       216
       341
       342
       343
       344
       215
       226
       418
       518
       519
       216
       340
       342
       343
       344
       114
       217
       347
       424
       425
       216
       340
       341
       343
       344
       225
       241
       445
       517
       518
       216
       340
       341
       342
       344
       112
       144
       424
       444
       447
       216
       340
       341
       342
       343
       142
       240
       361
       444
       445
       109
       113
       346
       347
       348
       106
       218
       425
       441
       442
       443
       109
       113
       345
       347
       348
       107
       135
       208
       466
       474
       475
       109
       113
       345
       346
       348
       114
       217
       341
       424
       425
       109
       113
       345
       346
       347
       111
       212
       446
       473
       474
        22
        75
       315
       350
       351
        21
      1395
      1480
      1800
      1894
      1895
        22
        75
       315
       349
       351
        74
      1481
      1745
      1891
      1895
        22
        75
       315
       349
       350
        76
       125
       198
       317
       330
       352
        76
       125
       198
       317
       330
       351
       126
       199
       390
       391
       392
       182
       301
       354
        48
       179
       355
       182
       301
       353
       231
       333
       356
        48
       179
       353
      4078
      4079
       231
       333
       354
       302
       393
       394
        84
       152
       358
       283
       318
       359
        84
       152
       357
       850
       973
       974
       283
       318
       357
       326
       396
       398
        32
       141
       193
       239
       277
       361
        34
        63
       238
       362
       363
        32
       141
       193
       239
       277
       360
       142
       240
       344
       444
       445
        34
        63
       238
       360
       363
        35
      1372
      1425
      1892
      1893
        34
        63
       238
       360
       362
        65
      1427
      1678
      1893
      1900
        88
       273
       323
       365
       366
        89
       211
       422
       423
        88
       273
       323
       364
       366
       136
       207
       272
       423
       466
       467
        88
       273
       323
       364
       365
       248
       274
       324
       367
       248
       274
       324
       366
       300
       455
       458
       260
       369
       370
       372
       494
       495
       260
       368
       370
       304
       426
       427
       260
       368
       369
       287
       512
       513
       265
       372
       373
       310
       508
       509
       265
       371
       373
       368
       494
       495
       265
       371
       372
       290
       510
       511
       270
       375
       376
       314
       459
       460
       270
       374
       376
       412
       492
       493
       270
       374
       375
       472
       500
       501
       102
       119
       130
       280
       378
       379
       104
       307
       435
       436
       102
       119
       130
       280
       377
       379
       118
       131
       214
       442
       489
       490
       102
       119
       130
       280
       377
       378
       134
       410
       436
       437
       154
       160
       381
       285
       289
       382
       154
       160
       380
       864
       971
       984
       285
       289
       380
       495
       511
       512
       162
       168
       384
       291
       295
       385
       162
       168
       383
       924
       980
       987
       291
       295
       383
       411
       498
       504
       124
       203
       387
       388
       389
       123
       257
       481
       482
       483
       124
       203
       386
       388
       389
       120
       201
       219
       434
       449
       450
       124
       203
       386
       387
       389
        96
       205
       430
       485
       486
       124
       203
       386
       387
       388
        98
       259
       428
       483
       486
       126
       199
       352
       391
       392
       127
       224
       433
       450
       451
       126
       199
       352
       390
       392
       200
       230
       452
       453
       454
       126
       199
       352
       390
       391
       223
       229
       417
       451
       452
       302
       356
       394
       275
       455
       456
       302
       356
       393
       335
       469
       470
       284
       305
       396
       427
       513
       514
       284
       305
       395
       326
       359
       398
       306
       329
       398
       244
       399
       400
       401
       306
       329
       397
       326
       359
       396
       244
       397
       400
       401
        94
       245
       253
       484
       487
       244
       397
       399
       401
        97
       303
       420
       421
       244
       397
       399
       400
        93
        95
       420
       429
       484
       485
        17
        50
       250
       403
       404
        16
      1016
      1038
      1300
      1898
      1899
        17
        50
       250
       402
       404
        49
        91
       233
       252
       405
       406
        17
        50
       250
       402
       403
        51
       998
      1035
      1888
      1898
        49
        91
       233
       252
       403
       406
        92
       204
       429
       430
       431
        49
        91
       233
       252
       403
       405
       206
       235
       332
       431
       432
       170
       176
       408
       297
       334
       409
       170
       176
       407
       813
       978
       979
       297
       334
       407
       313
       470
       471
       308
       411
       412
       134
       379
       436
       437
       308
       410
       412
       385
       498
       504
       308
       410
       411
       375
       492
       493
       139
       311
       414
       415
       138
       271
       467
       468
       139
       311
       413
       415
       108
       137
       462
       475
       476
       139
       311
       413
       414
       268
       459
       461
       462
       221
       227
       417
       418
       419
       116
       222
       281
       464
       515
       520
       221
       227
       416
       418
       419
       223
       229
       392
       451
       452
       221
       227
       416
       417
       419
       215
       226
       340
       518
       519
       221
       227
       416
       417
       418
       117
       213
       489
       519
       520
        97
       303
       400
       421
        93
        95
       401
       429
       484
       485
        97
       303
       400
       420
        99
       258
       426
       428
        89
       211
       364
       423
        85
       186
       210
       322
       478
       479
        89
       211
       364
       422
       136
       207
       272
       365
       466
       467
       114
       217
       341
       347
       425
       112
       144
       343
       444
       447
       114
       217
       341
       347
       424
       106
       218
       345
       441
       442
       443
       304
       369
       427
        99
       258
       421
       428
       304
       369
       426
       395
       513
       514
        99
       258
       421
       426
        98
       259
       389
       483
       486
        92
       204
       405
       430
       431
        93
        95
       401
       420
       484
       485
        92
       204
       405
       429
       431
        96
       205
       388
       485
       486
        92
       204
       405
       429
       430
       206
       235
       332
       406
       432
       206
       235
       332
       406
       431
       128
       202
       331
       433
       434
       128
       202
       331
       432
       434
       127
       224
       390
       450
       451
       128
       202
       331
       432
       433
       120
       201
       219
       387
       449
       450
       104
       307
       377
       436
       103
       263
       507
       508
       104
       307
       377
       435
       134
       379
       410
       437
       134
       379
       410
       436
       133
       266
       491
       492
       158
       164
       439
       288
       292
       440
       158
       164
       438
       907
       976
       977
       288
       292
       438
       499
       509
       510
       106
       218
       345
       425
       442
       443
       105
       269
       461
       476
       480
       106
       218
       345
       425
       441
       443
       118
       131
       214
       378
       489
       490
       106
       218
       345
       425
       441
       442
       132
       267
       480
       490
       491
       142
       240
       344
       361
       445
       112
       144
       343
       424
       447
       142
       240
       344
       361
       444
       225
       241
       342
       517
       518
       110
       143
       278
       339
       447
       448
       111
       212
       348
       473
       474
       110
       143
       278
       339
       446
       448
       112
       144
       343
       424
       444
       110
       143
       278
       339
       446
       447
       187
       209
       338
       473
       479
       120
       201
       219
       387
       434
       450
       121
       220
       463
       464
       465
       120
       201
       219
       387
       434
       449
       127
       224
       390
       433
       451
       223
       229
       392
       417
       452
       127
       224
       390
       433
       450
       223
       229
       392
       417
       451
       200
       230
       391
       453
       454
       200
       230
       391
       452
       454
        11
        66
       197
       516
       521
       200
       230
       391
       452
       453
        62
       228
       237
       516
       517
       275
       393
       456
       300
       367
       458
       275
       393
       455
       312
       468
       469
       177
       249
       458
      4074
      4077
       177
       249
       457
       300
       367
       455
       314
       374
       460
       268
       415
       461
       462
       314
       374
       459
       299
       471
       472
       268
       415
       459
       462
       105
       269
       441
       476
       480
       268
       415
       459
       461
       108
       137
       414
       475
       476
       121
       220
       449
       464
       465
       122
       262
       481
       496
       497
       121
       220
       449
       463
       465
       116
       222
       281
       416
       515
       520
       121
       220
       449
       463
       464
       100
       264
       279
       497
       507
       515
       136
       207
       272
       365
       423
       467
       107
       135
       208
       346
       474
       475
       136
       207
       272
       365
       423
       466
       138
       271
       413
       468
       138
       271
       413
       467
       312
       456
       469
       312
       456
       468
       335
       394
       470
       335
       394
       469
       313
       409
       471
       313
       409
       470
       299
       460
       472
       299
       460
       471
       376
       500
       501
       111
       212
       348
       446
       474
       187
       209
       338
       448
       479
       111
       212
       348
       446
       473
       107
       135
       208
       346
       466
       475
       108
       137
       414
       462
       476
       107
       135
       208
       346
       466
       474
       108
       137
       414
       462
       475
       105
       269
       441
       461
       480
        30
        44
       184
       320
       478
        29
        45
      4118
      4119
        30
        44
       184
       320
       477
        85
       186
       210
       322
       422
       479
        85
       186
       210
       322
       422
       478
       187
       209
       338
       448
       473
       105
       269
       441
       461
       476
       132
       267
       443
       490
       491
       123
       257
       386
       482
       483
       122
       262
       463
       496
       497
       123
       257
       386
       481
       483
       256
       261
       494
       496
       123
       257
       386
       481
       482
        98
       259
       389
       428
       486
        93
        95
       401
       420
       429
       485
        94
       245
       253
       399
       487
        93
        95
       401
       420
       429
       484
        96
       205
       388
       430
       486
        96
       205
       388
       430
       485
        98
       259
       389
       428
       483
        94
       245
       253
       399
       484
        19
        70
       242
       251
       488
        19
        70
       242
       251
       487
        15
        68
      1017
      1886
      1899
       118
       131
       214
       378
       442
       490
       117
       213
       419
       519
       520
       118
       131
       214
       378
       442
       489
       132
       267
       443
       480
       491
       133
       266
       437
       492
       132
       267
       443
       480
       490
       133
       266
       437
       491
       375
       412
       493
       375
       412
       492
       296
       500
       504
       368
       372
       495
       256
       261
       482
       496
       368
       372
       494
       382
       511
       512
       256
       261
       482
       494
       122
       262
       463
       481
       497
       122
       262
       463
       481
       496
       100
       264
       279
       465
       507
       515
       293
       309
       499
       385
       411
       504
       293
       309
       498
       440
       509
       510
       376
       472
       501
       296
       493
       504
       376
       472
       500
       294
       298
       502
       294
       298
       501
       166
       172
       503
       166
       172
       502
       843
       988
       989
       296
       493
       500
       385
       411
       498
       150
       156
       506
       282
       286
       514
       150
       156
       505
       961
       972
       985
       103
       263
       435
       508
       100
       264
       279
       465
       497
       515
       103
       263
       435
       507
       310
       371
       509
       310
       371
       508
       440
       499
       510
       440
       499
       509
       290
       373
       511
       290
       373
       510
       382
       495
       512
       382
       495
       511
       287
       370
       513
       287
       370
       512
       395
       427
       514
       395
       427
       513
       282
       286
       505
       100
       264
       279
       465
       497
       507
       116
       222
       281
       416
       464
       520
        62
       228
       237
       454
       517
        11
        66
       197
       453
       521
        62
       228
       237
       454
       516
       225
       241
       342
       445
       518
       225
       241
       342
       445
       517
       215
       226
       340
       418
       519
       215
       226
       340
       418
       518
       117
       213
       419
       489
       520
       116
       222
       281
       416
       464
       515
       117
       213
       419
       489
       519
        11
        66
       197
       453
       516
        10
        64
      1474
      1679
      1890
      1900
       523
       524
       525
       526
       527
       569
       664
       665
       666
       667
       668
       522
       524
       525
       526
       527
       664
      4146
      4157
       522
       523
       525
       526
       527
       544
       657
       665
       889
       890
       522
       523
       524
       526
       527
       546
       889
      4143
      4144
       522
       523
       524
       525
       527
      4143
      4145
       522
       523
       524
       525
       526
      4145
      4146
       529
       530
       531
       532
       534
       685
       740
       779
       780
       781
       528
       530
       531
       532
       779
      1026
      1066
      1884
      1903
       528
       529
       531
       532
       685
       686
       687
       688
       689
       528
       529
       530
       532
       844
      1006
      1067
      1296
      1897
      1903
       528
       529
       530
       531
       574
       686
       844
       845
       846
       534
       535
       536
       537
       780
      1028
      1883
      1884
      1885
       533
       535
       536
       537
       528
       685
       740
       779
       780
       781
       533
       534
       536
       537
       596
      1883
      3061
      3458
      4038
      4050
       533
       534
       535
       537
       596
       597
       598
       599
       600
       533
       534
       535
       536
       597
       679
       740
       741
       742
       539
       540
       541
       542
       891
      4152
      4155
       538
       540
       541
       542
       610
       814
       891
       892
       893
       894
       538
       539
       541
       542
       675
      4155
      4156
       538
       539
       540
       542
       674
       755
       814
       815
       816
       538
       539
       540
       541
       593
       674
       675
       676
       677
       544
       545
       546
       547
       548
       561
       657
       658
       659
       660
       543
       545
       546
       547
       548
       524
       657
       665
       889
       890
       543
       544
       546
       547
       548
       561
       562
       563
       564
       565
       543
       544
       545
       547
       548
       525
       889
      4143
      4144
       543
       544
       545
       546
       548
       562
      4142
      4147
       543
       544
       545
       546
       547
      4144
      4147
       550
       551
       552
        39
       975
       986
       549
       551
       552
       601
       602
       603
       549
       550
       552
       682
       683
       684
       549
       550
       551
      1101
      1902
      1908
       554
       555
       556
       559
       566
       567
       553
       555
       556
      4127
      4133
       553
       554
       556
      4134
      4135
       553
       554
       555
       732
       745
       746
       558
       559
       560
       232
       981
       983
       557
       559
       560
       982
      4083
      4084
       557
       558
       560
       553
       566
       567
       557
       558
       559
       661
       662
       663
       545
       562
       563
       564
       565
       543
       657
       658
       659
       660
       545
       561
       563
       564
       565
       547
      4142
      4147
       545
       561
       562
       564
       565
       734
      2939
      3107
      4059
      4071
       545
       561
       562
       563
       565
       587
       658
       734
       735
       736
       545
       561
       562
       563
       564
      2941
      4071
      4141
      4142
       553
       559
       567
      4084
      4127
       553
       559
       566
       662
       732
       733
       569
       570
       571
       572
       666
       784
      4151
      4157
       568
       570
       571
       572
       522
       664
       665
       666
       667
       668
       568
       569
       571
       572
       584
       784
       785
       786
       787
       568
       569
       570
       572
       667
       729
       857
       858
       859
       568
       569
       570
       571
       728
       785
       857
       860
       861
       574
       575
       576
       577
       578
       688
       737
       832
       845
       847
       573
       575
       576
       577
       578
       532
       686
       844
       845
       846
       573
       574
       576
       577
       578
       669
      1052
      1142
      1896
      1904
       573
       574
       575
       577
       578
       669
       670
       671
       672
       673
       573
       574
       575
       576
       578
       846
      1010
      1140
      1896
      1897
       573
       574
       575
       576
       577
       670
       737
       738
       739
       580
       581
       582
       583
       584
       604
       872
       938
       966
       968
       579
       581
       582
       583
       584
       611
       870
       893
       968
       970
       579
       580
       582
       583
       584
       894
       970
      4150
      4152
       579
       580
       581
       583
       584
       605
       786
       861
       914
       966
       967
       579
       580
       581
       582
       584
       787
      4150
      4151
       579
       580
       581
       582
       583
       570
       784
       785
       786
       787
       586
       587
       588
       589
       590
       625
       776
       817
       818
       819
       585
       587
       588
       589
       590
       624
       660
       735
       776
       777
       778
       585
       586
       588
       589
       590
       564
       658
       734
       735
       736
       585
       586
       587
       589
       590
       598
       678
       817
       930
       931
       932
       585
       586
       587
       588
       590
       736
      2971
      3110
      4058
      4059
       585
       586
       587
       588
       589
       930
      2972
      3352
      4039
      4058
       592
       593
       594
       595
      4131
      4132
       591
       593
       594
       595
       676
      4131
      4156
       591
       592
       594
       595
       542
       674
       675
       676
       677
       591
       592
       593
       595
       677
       754
       755
       756
       591
       592
       593
       594
       748
       829
       830
       536
       597
       598
       599
       600
       535
      1883
      3061
      3458
      4038
      4050
       536
       596
       598
       599
       600
       537
       679
       740
       741
       742
       536
       596
       597
       599
       600
       588
       678
       817
       930
       931
       932
       536
       596
       597
       598
       600
       931
      3063
      3353
      4038
      4039
       536
       596
       597
       598
       599
       678
       679
       680
       681
       550
       602
       603
        83
       973
       975
       550
       601
       603
       682
       743
       744
       550
       601
       602
       636
       848
       850
       605
       606
       607
       608
       579
       872
       938
       966
       968
       604
       606
       607
       608
       582
       786
       861
       914
       966
       967
       604
       605
       607
       608
       721
       865
       913
       967
       969
       604
       605
       606
       608
       704
       865
       866
       867
       868
       604
       605
       606
       607
       713
       866
       871
       937
       938
       610
       611
       612
       613
       762
       816
       882
       892
       895
       609
       611
       612
       613
       539
       814
       891
       892
       893
       894
       609
       610
       612
       613
       580
       870
       893
       968
       970
       609
       610
       611
       613
       712
       869
       870
       871
       872
       609
       610
       611
       612
       710
       764
       869
       895
       896
       615
       616
       617
       618
       696
       719
       916
       939
       944
       614
       616
       617
       618
       718
       834
       900
       934
       939
       940
       614
       615
       617
       618
       739
       751
       835
       847
       900
       901
       614
       615
       616
       618
       752
       774
       901
       954
       956
       614
       615
       616
       617
       697
       772
       944
       955
       956
       620
       621
       622
       623
       714
       723
       758
       915
       941
       943
       619
       621
       622
       623
       698
       715
       873
       915
       916
       619
       620
       622
       623
       701
       873
       874
       875
       876
       619
       620
       621
       623
       757
       769
       874
       959
       965
       619
       620
       621
       622
       757
       758
       759
       760
       625
       626
       627
       628
       586
       660
       735
       776
       777
       778
       624
       626
       627
       628
       585
       776
       817
       818
       819
       624
       625
       627
       628
       730
       777
       859
       887
       888
       624
       625
       626
       628
       694
       818
       837
       902
       903
       624
       625
       626
       627
       731
       839
       887
       902
       904
       630
       631
       632
       684
       782
       783
       629
       631
       632
       823
       897
       898
       629
       630
       632
       672
       750
       952
       953
       629
       630
       631
      1188
      1905
      1906
       634
       635
       636
       151
       974
       985
       633
       635
       636
       640
       961
       962
       633
       634
       636
       788
       789
       790
       633
       634
       635
       603
       848
       850
       638
       639
       640
       155
       971
       972
       637
       639
       640
       644
       862
       864
       637
       638
       640
       791
       792
       793
       637
       638
       639
       634
       961
       962
       642
       643
       644
       159
       976
       984
       641
       643
       644
       648
       905
       907
       641
       642
       644
       794
       795
       796
       641
       642
       643
       638
       862
       864
       646
       647
       648
       163
       977
       980
       645
       647
       648
       652
       924
       925
       645
       646
       648
       797
       798
       799
       645
       646
       647
       642
       905
       907
       650
       651
       652
       167
       987
       989
       649
       651
       652
       656
       841
       843
       649
       650
       652
       800
       801
       802
       649
       650
       651
       646
       924
       925
       654
       655
       656
       171
       978
       988
       653
       655
       656
       663
       812
       813
       653
       654
       656
       811
       825
       826
       653
       654
       655
       650
       841
       843
       543
       561
       658
       659
       660
       524
       544
       665
       889
       890
       543
       561
       657
       659
       660
       564
       587
       734
       735
       736
       543
       561
       657
       658
       660
       668
       778
       858
       888
       890
       543
       561
       657
       658
       659
       586
       624
       735
       776
       777
       778
       560
       662
       663
       175
       979
       981
       560
       661
       663
       567
       732
       733
       560
       661
       662
       654
       812
       813
       522
       569
       665
       666
       667
       668
       523
      4146
      4157
       522
       569
       664
       666
       667
       668
       524
       544
       657
       889
       890
       522
       569
       664
       665
       667
       668
       568
       784
      4151
      4157
       522
       569
       664
       665
       666
       668
       571
       729
       857
       858
       859
       522
       569
       664
       665
       666
       667
       659
       778
       858
       888
       890
       576
       670
       671
       672
       673
       575
      1052
      1142
      1896
      1904
       576
       669
       671
       672
       673
       578
       737
       738
       739
       576
       669
       670
       672
       673
       953
      1051
      1904
      1905
       576
       669
       670
       671
       673
       631
       750
       952
       953
       576
       669
       670
       671
       672
       738
       750
       751
       752
       753
       542
       593
       675
       676
       677
       541
       755
       814
       815
       816
       542
       593
       674
       676
       677
       540
      4155
      4156
       542
       593
       674
       675
       677
       592
      4131
      4156
       542
       593
       674
       675
       676
       594
       754
       755
       756
       600
       679
       680
       681
       588
       598
       817
       930
       931
       932
       600
       678
       680
       681
       537
       597
       740
       741
       742
       600
       678
       679
       681
       695
       819
       903
       928
       932
       600
       678
       679
       680
       693
       741
       821
       928
       929
       551
       683
       684
       602
       743
       744
       551
       682
       684
      1324
      1907
      1908
       551
       682
       683
       629
       782
       783
       530
       686
       687
       688
       689
       528
       534
       740
       779
       780
       781
       530
       685
       687
       688
       689
       532
       574
       844
       845
       846
       530
       685
       686
       688
       689
       820
       832
       833
       834
       835
       530
       685
       686
       687
       689
       573
       737
       832
       845
       847
       530
       685
       686
       687
       688
       742
       781
       820
       821
       822
       691
       692
       693
       694
       695
       822
       833
       929
       933
       934
       690
       692
       693
       694
       695
       717
       836
       933
       940
       942
       690
       691
       693
       694
       695
       836
       837
       838
       839
       840
       690
       691
       692
       694
       695
       681
       741
       821
       928
       929
       690
       691
       692
       693
       695
       627
       818
       837
       902
       903
       690
       691
       692
       693
       694
       680
       819
       903
       928
       932
       697
       698
       699
       700
       701
       614
       719
       916
       939
       944
       696
       698
       699
       700
       701
       618
       772
       944
       955
       956
       696
       697
       699
       700
       701
       620
       715
       873
       915
       916
       696
       697
       698
       700
       701
       771
       910
       950
       955
       696
       697
       698
       699
       701
       805
       875
       950
       951
       696
       697
       698
       699
       700
       621
       873
       874
       875
       876
       703
       704
       705
       706
       707
       724
       760
       867
       943
       964
       969
       702
       704
       705
       706
       707
       759
       767
       947
       964
       965
       702
       703
       705
       706
       707
       607
       865
       866
       867
       868
       702
       703
       704
       706
       707
       766
       935
       947
       948
       702
       703
       704
       705
       707
       809
       919
       935
       936
       702
       703
       704
       705
       706
       711
       868
       918
       936
       937
       709
       710
       711
       712
       713
       878
       917
       918
       919
       708
       710
       711
       712
       713
       763
       896
       917
       920
       708
       709
       711
       712
       713
       613
       764
       869
       895
       896
       708
       709
       710
       712
       713
       707
       868
       918
       936
       937
       708
       709
       710
       711
       713
       612
       869
       870
       871
       872
       708
       709
       710
       711
       712
       608
       866
       871
       937
       938
       715
       716
       717
       718
       719
       619
       723
       758
       915
       941
       943
       714
       716
       717
       718
       719
       620
       698
       873
       915
       916
       714
       715
       717
       718
       719
       722
       838
       912
       941
       942
       714
       715
       716
       718
       719
       691
       836
       933
       940
       942
       714
       715
       716
       717
       719
       615
       834
       900
       934
       939
       940
       714
       715
       716
       717
       718
       614
       696
       916
       939
       944
       721
       722
       723
       724
       725
       726
       860
       911
       913
       914
       720
       722
       723
       724
       725
       606
       865
       913
       967
       969
       720
       721
       723
       724
       725
       716
       838
       912
       941
       942
       720
       721
       722
       724
       725
       619
       714
       758
       915
       941
       943
       720
       721
       722
       723
       725
       702
       760
       867
       943
       964
       969
       720
       721
       722
       723
       724
       727
       840
       904
       911
       912
       727
       728
       729
       730
       731
       720
       860
       911
       913
       914
       726
       728
       729
       730
       731
       725
       840
       904
       911
       912
       726
       727
       729
       730
       731
       572
       785
       857
       860
       861
       726
       727
       728
       730
       731
       571
       667
       857
       858
       859
       726
       727
       728
       729
       731
       626
       777
       859
       887
       888
       726
       727
       728
       729
       730
       628
       839
       887
       902
       904
       567
       662
       733
       556
       745
       746
       567
       662
       732
       747
       811
       812
       564
       587
       658
       735
       736
       563
      2939
      3107
      4059
      4071
       564
       587
       658
       734
       736
       586
       624
       660
       776
       777
       778
       564
       587
       658
       734
       735
       589
      2971
      3110
      4058
      4059
       578
       670
       738
       739
       573
       688
       832
       845
       847
       578
       670
       737
       739
       673
       750
       751
       752
       753
       578
       670
       737
       738
       616
       751
       835
       847
       900
       901
       537
       597
       679
       741
       742
       528
       534
       685
       779
       780
       781
       537
       597
       679
       740
       742
       681
       693
       821
       928
       929
       537
       597
       679
       740
       741
       689
       781
       820
       821
       822
       602
       682
       744
       789
       848
       849
       602
       682
       743
       782
       823
       824
       556
       732
       746
       829
      4132
      4135
       556
       732
       745
       747
       748
       749
       746
       748
       749
       733
       811
       812
       746
       747
       749
       595
       829
       830
       746
       747
       748
       826
       827
       828
       673
       738
       751
       752
       753
       631
       672
       952
       953
       673
       738
       750
       752
       753
       616
       739
       835
       847
       900
       901
       673
       738
       750
       751
       753
       617
       774
       901
       954
       956
       673
       738
       750
       751
       752
       773
       897
       952
       954
       594
       677
       755
       756
       827
       830
       831
       594
       677
       754
       756
       541
       674
       814
       815
       816
       594
       677
       754
       755
       761
       815
       880
       882
       623
       758
       759
       760
       622
       769
       874
       959
       965
       623
       757
       759
       760
       619
       714
       723
       915
       941
       943
       623
       757
       758
       760
       703
       767
       947
       964
       965
       623
       757
       758
       759
       702
       724
       867
       943
       964
       969
       762
       763
       764
       765
       756
       815
       880
       882
       761
       763
       764
       765
       609
       816
       882
       892
       895
       761
       762
       764
       765
       709
       896
       917
       920
       761
       762
       763
       765
       613
       710
       869
       895
       896
       761
       762
       763
       764
       851
       852
       853
       767
       768
       769
       770
       705
       935
       947
       948
       766
       768
       769
       770
       703
       759
       947
       964
       965
       766
       767
       769
       770
       876
       951
       957
       959
       766
       767
       768
       770
       622
       757
       874
       959
       965
       766
       767
       768
       769
       854
       855
       856
       772
       773
       774
       775
       699
       910
       950
       955
       771
       773
       774
       775
       618
       697
       944
       955
       956
       771
       772
       774
       775
       753
       897
       952
       954
       771
       772
       773
       775
       617
       752
       901
       954
       956
       771
       772
       773
       774
       886
       898
       899
       586
       624
       660
       735
       777
       778
       585
       625
       817
       818
       819
       586
       624
       660
       735
       776
       778
       626
       730
       859
       887
       888
       586
       624
       660
       735
       776
       777
       659
       668
       858
       888
       890
       528
       534
       685
       740
       780
       781
       529
      1026
      1066
      1884
      1903
       528
       534
       685
       740
       779
       781
       533
      1028
      1883
      1884
      1885
       528
       534
       685
       740
       779
       780
       689
       742
       820
       821
       822
       629
       684
       783
       744
       823
       824
       629
       684
       782
      1097
      1906
      1907
       570
       584
       785
       786
       787
       568
       666
      4151
      4157
       570
       584
       784
       786
       787
       572
       728
       857
       860
       861
       570
       584
       784
       785
       787
       582
       605
       861
       914
       966
       967
       570
       584
       784
       785
       786
       583
      4150
      4151
       635
       789
       790
       792
       962
       963
       635
       788
       790
       743
       848
       849
       635
       788
       789
       885
       908
       909
       639
       792
       793
       795
       862
       863
       639
       791
       793
       788
       962
       963
       639
       791
       792
       945
       958
       960
       643
       795
       796
       798
       905
       906
       643
       794
       796
       791
       862
       863
       643
       794
       795
       927
       946
       949
       647
       798
       799
       801
       925
       926
       647
       797
       799
       794
       905
       906
       647
       797
       798
       877
       922
       923
       651
       801
       802
       825
       841
       842
       651
       800
       802
       797
       925
       926
       651
       800
       801
       853
       883
       884
       804
       805
       806
       908
       960
       963
       803
       805
       806
       855
       957
       958
       803
       804
       806
       700
       875
       950
       951
       803
       804
       805
       899
       909
       910
       808
       809
       810
       906
       923
       927
       807
       809
       810
       877
       878
       879
       807
       808
       810
       706
       919
       935
       936
       807
       808
       809
       854
       948
       949
       733
       747
       812
       655
       825
       826
       733
       747
       811
       654
       663
       813
       654
       663
       812
       408
       978
       979
       541
       674
       755
       815
       816
       539
       610
       891
       892
       893
       894
       541
       674
       755
       814
       816
       756
       761
       880
       882
       541
       674
       755
       814
       815
       609
       762
       882
       892
       895
       585
       625
       776
       818
       819
       588
       598
       678
       930
       931
       932
       585
       625
       776
       817
       819
       627
       694
       837
       902
       903
       585
       625
       776
       817
       818
       680
       695
       903
       928
       932
       689
       742
       781
       821
       822
       687
       832
       833
       834
       835
       689
       742
       781
       820
       822
       681
       693
       741
       928
       929
       689
       742
       781
       820
       821
       690
       833
       929
       933
       934
       744
       782
       824
       630
       897
       898
       744
       782
       823
       849
       885
       886
       655
       811
       826
       800
       841
       842
       655
       811
       825
       749
       827
       828
       749
       826
       828
       754
       830
       831
       749
       826
       827
       842
       881
       883
       595
       748
       830
       745
      4132
      4135
       595
       748
       829
       754
       827
       831
       754
       827
       830
       851
       880
       881
       687
       820
       833
       834
       835
       573
       688
       737
       845
       847
       687
       820
       832
       834
       835
       690
       822
       929
       933
       934
       687
       820
       832
       833
       835
       615
       718
       900
       934
       939
       940
       687
       820
       832
       833
       834
       616
       739
       751
       847
       900
       901
       692
       837
       838
       839
       840
       691
       717
       933
       940
       942
       692
       836
       838
       839
       840
       627
       694
       818
       902
       903
       692
       836
       837
       839
       840
       716
       722
       912
       941
       942
       692
       836
       837
       838
       840
       628
       731
       887
       902
       904
       692
       836
       837
       838
       839
       725
       727
       904
       911
       912
       800
       825
       842
       650
       656
       843
       800
       825
       841
       828
       881
       883
       650
       656
       841
       503
       988
       989
       532
       574
       686
       845
       846
       531
      1006
      1067
      1296
      1897
      1903
       532
       574
       686
       844
       846
       573
       688
       737
       832
       847
       532
       574
       686
       844
       845
       577
      1010
      1140
      1896
      1897
       573
       688
       737
       832
       845
       616
       739
       751
       835
       900
       901
       743
       789
       849
       603
       636
       850
       743
       789
       848
       824
       885
       886
       603
       636
       848
       358
       973
       974
       765
       852
       853
       831
       880
       881
       765
       851
       853
       879
       920
       921
       765
       851
       852
       802
       883
       884
       770
       855
       856
       810
       948
       949
       770
       854
       856
       804
       957
       958
       770
       854
       855
       863
       945
       946
       571
       667
       729
       858
       859
       572
       728
       785
       860
       861
       571
       667
       729
       857
       859
       659
       668
       778
       888
       890
       571
       667
       729
       857
       858
       626
       730
       777
       887
       888
       572
       728
       785
       857
       861
       720
       726
       911
       913
       914
       572
       728
       785
       857
       860
       582
       605
       786
       914
       966
       967
       791
       795
       863
       638
       644
       864
       791
       795
       862
       856
       945
       946
       638
       644
       862
       381
       971
       984
       607
       704
       866
       867
       868
       606
       721
       913
       967
       969
       607
       704
       865
       867
       868
       608
       713
       871
       937
       938
       607
       704
       865
       866
       868
       702
       724
       760
       943
       964
       969
       607
       704
       865
       866
       867
       707
       711
       918
       936
       937
       612
       712
       870
       871
       872
       613
       710
       764
       895
       896
       612
       712
       869
       871
       872
       580
       611
       893
       968
       970
       612
       712
       869
       870
       872
       608
       713
       866
       937
       938
       612
       712
       869
       870
       871
       579
       604
       938
       966
       968
       621
       701
       874
       875
       876
       620
       698
       715
       915
       916
       621
       701
       873
       875
       876
       622
       757
       769
       959
       965
       621
       701
       873
       874
       876
       700
       805
       950
       951
       621
       701
       873
       874
       875
       768
       951
       957
       959
       808
       878
       879
       799
       922
       923
       808
       877
       879
       708
       917
       918
       919
       808
       877
       878
       852
       920
       921
       831
       851
       881
       756
       761
       815
       882
       831
       851
       880
       828
       842
       883
       756
       761
       815
       880
       609
       762
       816
       892
       895
       828
       842
       881
       802
       853
       884
       802
       853
       883
       921
       922
       926
       824
       849
       886
       790
       908
       909
       824
       849
       885
       775
       898
       899
       626
       730
       777
       859
       888
       628
       731
       839
       902
       904
       626
       730
       777
       859
       887
       659
       668
       778
       858
       890
       524
       544
       657
       665
       890
       525
       546
      4143
      4144
       524
       544
       657
       665
       889
       659
       668
       778
       858
       888
       539
       610
       814
       892
       893
       894
       538
      4152
      4155
       539
       610
       814
       891
       893
       894
       609
       762
       816
       882
       895
       539
       610
       814
       891
       892
       894
       580
       611
       870
       968
       970
       539
       610
       814
       891
       892
       893
       581
       970
      4150
      4152
       613
       710
       764
       869
       896
       609
       762
       816
       882
       892
       613
       710
       764
       869
       895
       709
       763
       917
       920
       630
       823
       898
       753
       773
       952
       954
       630
       823
       897
       775
       886
       899
       775
       886
       898
       806
       909
       910
       616
       739
       751
       835
       847
       901
       615
       718
       834
       934
       939
       940
       616
       739
       751
       835
       847
       900
       617
       752
       774
       954
       956
       627
       694
       818
       837
       903
       628
       731
       839
       887
       904
       627
       694
       818
       837
       902
       680
       695
       819
       928
       932
       628
       731
       839
       887
       902
       725
       727
       840
       911
       912
       794
       798
       906
       642
       648
       907
       794
       798
       905
       807
       923
       927
       642
       648
       905
       439
       976
       977
       790
       885
       909
       803
       960
       963
       790
       885
       908
       806
       899
       910
       806
       899
       909
       699
       771
       950
       955
       725
       727
       840
       904
       912
       720
       726
       860
       913
       914
       725
       727
       840
       904
       911
       716
       722
       838
       941
       942
       720
       726
       860
       911
       914
       606
       721
       865
       967
       969
       720
       726
       860
       911
       913
       582
       605
       786
       861
       966
       967
       620
       698
       715
       873
       916
       619
       714
       723
       758
       941
       943
       620
       698
       715
       873
       915
       614
       696
       719
       939
       944
       708
       878
       918
       919
       709
       763
       896
       920
       708
       878
       917
       919
       707
       711
       868
       936
       937
       708
       878
       917
       918
       706
       809
       935
       936
       709
       763
       896
       917
       852
       879
       921
       852
       879
       920
       884
       922
       926
       799
       877
       923
       884
       921
       926
       799
       877
       922
       807
       906
       927
       646
       652
       925
       384
       980
       987
       646
       652
       924
       797
       801
       926
       797
       801
       925
       884
       921
       922
       807
       906
       923
       796
       946
       949
       681
       693
       741
       821
       929
       680
       695
       819
       903
       932
       681
       693
       741
       821
       928
       690
       822
       833
       933
       934
       588
       598
       678
       817
       931
       932
       590
      2972
      3352
      4039
      4058
       588
       598
       678
       817
       930
       932
       599
      3063
      3353
      4038
      4039
       588
       598
       678
       817
       930
       931
       680
       695
       819
       903
       928
       690
       822
       833
       929
       934
       691
       717
       836
       940
       942
       690
       822
       833
       929
       933
       615
       718
       834
       900
       939
       940
       706
       809
       919
       936
       705
       766
       947
       948
       706
       809
       919
       935
       707
       711
       868
       918
       937
       707
       711
       868
       918
       936
       608
       713
       866
       871
       938
       608
       713
       866
       871
       937
       579
       604
       872
       966
       968
       615
       718
       834
       900
       934
       940
       614
       696
       719
       916
       944
       615
       718
       834
       900
       934
       939
       691
       717
       836
       933
       942
       716
       722
       838
       912
       942
       619
       714
       723
       758
       915
       943
       716
       722
       838
       912
       941
       691
       717
       836
       933
       940
       619
       714
       723
       758
       915
       941
       702
       724
       760
       867
       964
       969
       614
       696
       719
       916
       939
       618
       697
       772
       955
       956
       856
       863
       946
       793
       958
       960
       856
       863
       945
       796
       927
       949
       705
       766
       935
       948
       703
       759
       767
       964
       965
       705
       766
       935
       947
       810
       854
       949
       796
       927
       946
       810
       854
       948
       700
       805
       875
       951
       699
       771
       910
       955
       700
       805
       875
       950
       768
       876
       957
       959
       631
       672
       750
       953
       753
       773
       897
       954
       631
       672
       750
       952
       671
      1051
      1904
      1905
       753
       773
       897
       952
       617
       752
       774
       901
       956
       699
       771
       910
       950
       618
       697
       772
       944
       956
       618
       697
       772
       944
       955
       617
       752
       774
       901
       954
       804
       855
       958
       768
       876
       951
       959
       804
       855
       957
       793
       945
       960
       768
       876
       951
       957
       622
       757
       769
       874
       965
       793
       945
       958
       803
       908
       963
       634
       640
       962
       506
       972
       985
       634
       640
       961
       788
       792
       963
       788
       792
       962
       803
       908
       960
       703
       759
       767
       947
       965
       702
       724
       760
       867
       943
       969
       703
       759
       767
       947
       964
       622
       757
       769
       874
       959
       582
       605
       786
       861
       914
       967
       579
       604
       872
       938
       968
       582
       605
       786
       861
       914
       966
       606
       721
       865
       913
       969
       579
       604
       872
       938
       966
       580
       611
       870
       893
       970
       606
       721
       865
       913
       967
       702
       724
       760
       867
       943
       964
       580
       611
       870
       893
       968
       581
       894
      4150
      4152
       155
       637
       972
       381
       864
       984
       155
       637
       971
       506
       961
       985
       358
       850
       974
        83
       601
       975
       358
       850
       973
       151
       633
       985
        83
       601
       973
        39
       549
       986
       439
       907
       977
       159
       641
       984
       439
       907
       976
       163
       645
       980
       408
       813
       979
       171
       653
       988
       408
       813
       978
       175
       661
       981
       163
       645
       977
       384
       924
       987
       175
       661
       979
       232
       557
       983
         9
       181
       983
       558
      4083
      4084
         9
       181
       982
       232
       557
       981
       381
       864
       971
       159
       641
       976
       151
       633
       974
       506
       961
       972
        39
       549
       975
      1281
      1901
      1902
       384
       924
       980
       167
       649
       989
       171
       653
       978
       503
       843
       989
       167
       649
       987
       503
       843
       988
       991
       992
       993
       994
      1030
      3609
      3866
      4063
      4064
       990
       992
       993
       994
      1413
      1874
      3578
      3864
      4057
      4064
       990
       991
       993
       994
      1029
      1041
      1132
      1178
      1179
      1180
       990
       991
       992
       994
      1029
      1030
      1031
      1032
      1033
       990
       991
