         2
         3
         4
         5
        50
        68
       205
       340
       382
       383
         1
         3
         4
         5
        68
        69
        70
        71
        72
         1
         2
         4
         5
        51
       382
      1081
      4150
      4214
         1
         2
         3
         5
        69
       626
       906
      1079
      1080
         1
         2
         3
         4
       548
       624
      1079
      1081
      1082
         7
         8
         9
        10
        11
        73
      4152
      4215
         6
         8
         9
        10
        11
        73
        74
        75
        76
        77
         6
         7
         9
        10
        11
        57
        74
       218
       332
       333
         6
         7
         8
        10
        11
        58
       332
      4115
      4116
         6
         7
         8
         9
        11
      4115
      4135
         6
         7
         8
         9
        10
      4135
      4152
        13
        14
        15
        16
        17
       142
       368
       542
      1072
      1073
        12
        14
        15
        16
        17
        78
       143
       325
       368
       369
        12
        13
        15
        16
        17
       541
      1073
      4190
      4191
        12
        13
        14
        16
        17
        78
        79
        80
        81
        82
        12
        13
        14
        15
        17
      4191
      4197
        12
        13
        14
        15
        16
        79
      2025
      4197
      4213
        19
        20
        21
        22
        23
      4078
      4080
        18
        20
        21
        22
        23
       104
       484
      4080
      4081
        18
        19
        21
        22
        23
      3094
      4053
      4078
      4079
        18
        19
        20
        22
        23
        83
       106
       222
       484
       485
        18
        19
        20
        21
        23
        84
      3044
      3091
      4053
      4054
        18
        19
        20
        21
        22
        83
        84
        85
        86
        87
        25
        26
        27
        28
       140
       646
       784
      1071
      1076
        24
        26
        27
        28
       375
       787
      1069
      1076
      1077
        24
        25
        27
        28
       139
       140
       141
       142
       143
       144
        24
        25
        26
        28
       139
       168
       354
       355
       356
        24
        25
        26
        27
       234
       354
       375
       376
       377
        30
        31
        32
        33
       117
       403
       488
       492
       493
        29
        31
        32
        33
       492
      1725
      1902
      2033
      2037
        29
        30
        32
        33
       209
       326
       360
       403
       404
       405
        29
        30
        31
        33
        81
       209
       210
       211
       212
        29
        30
        31
        32
       210
      1550
      1723
      2026
      2037
        35
        36
        37
        38
        77
       217
       409
       412
       413
        34
        36
        37
        38
       145
       204
       219
       380
       409
       410
        34
        35
        37
        38
       145
       146
       147
       148
       149
        34
        35
        36
        38
       146
      4217
      4219
        34
        35
        36
        37
       412
      4216
      4217
        40
        41
        42
        43
       195
       385
       393
       520
       521
       522
        39
        41
        42
        43
       246
       268
       393
       394
       395
        39
        40
        42
        43
       245
      1086
      1153
      2023
      2024
        39
        40
        41
        43
       521
      1085
      1586
      2020
      2023
      2035
        39
        40
        41
        42
       128
       245
       246
       247
       248
        45
        46
        47
        48
        49
        88
      3054
      3322
      3428
      4059
      4060
        44
        46
        47
        48
        49
        88
        89
        90
        91
        92
        44
        45
        47
        48
        49
      3041
      3319
      4059
      4061
        44
        45
        46
        48
        49
        89
       213
       214
       215
       216
        44
        45
        46
        47
        49
        85
       213
       223
       371
       372
        44
        45
        46
        47
        48
        86
       371
      3043
      4054
      4061
        51
        52
        53
        54
        55
         1
        68
       205
       340
       382
       383
        50
        52
        53
        54
        55
         3
       382
      1081
      4150
      4214
        50
        51
        53
        54
        55
       249
       340
       341
       342
       343
        50
        51
        52
        54
        55
      4214
      4218
        50
        51
        52
        53
        55
       149
       249
       250
       251
       252
        50
        51
        52
        53
        54
       250
      4218
      4220
        57
        58
        59
        60
        61
       150
       221
       333
       334
       335
        56
        58
        59
        60
        61
         8
        74
       218
       332
       333
        56
        57
        59
        60
        61
         9
       332
      4115
      4116
        56
        57
        58
        60
        61
       150
       151
       152
       153
       154
        56
        57
        58
        59
        61
      4116
      4117
        56
        57
        58
        59
        60
       151
      4117
      4145
        63
        64
        65
        66
        67
       253
      4154
      4155
        62
        64
        65
        66
        67
      4084
      4154
        62
        63
        65
        66
        67
       164
       253
       254
       255
       256
        62
        63
        64
        66
        67
       155
      4083
      4084
        62
        63
        64
        65
        67
       155
       156
       157
       158
       159
        62
        63
        64
        65
        66
       156
       160
       254
       257
       258
         2
        69
        70
        71
        72
         1
        50
       205
       340
       382
       383
         2
        68
        70
        71
        72
         4
       626
       906
      1079
      1080
         2
        68
        69
        71
        72
       205
       206
       207
       208
         2
        68
        69
        70
        72
       206
       242
       443
       479
       480
       481
         2
        68
        69
        70
        71
       480
       674
       907
      1075
      1080
         7
        74
        75
        76
        77
         6
      4152
      4215
         7
        73
        75
        76
        77
         8
        57
       218
       332
       333
         7
        73
        74
        76
        77
       413
      4215
      4216
         7
        73
        74
        75
        77
       217
       218
       219
       220
       221
         7
        73
        74
        75
        76
        34
       217
       409
       412
       413
        15
        79
        80
        81
        82
        13
       143
       325
       368
       369
        15
        78
        80
        81
        82
        17
      2025
      4197
      4213
        15
        78
        79
        81
        82
       211
       325
       326
       327
       328
        15
        78
        79
        80
        82
        32
       209
       210
       211
       212
        15
        78
        79
        80
        81
       212
      1554
      2025
      2026
      2027
        23
        84
        85
        86
        87
        21
       106
       222
       484
       485
        23
        83
        85
        86
        87
        22
      3044
      3091
      4053
      4054
        23
        83
        84
        86
        87
        48
       213
       223
       371
       372
        23
        83
        84
        85
        87
        49
       371
      3043
      4054
      4061
        23
        83
        84
        85
        86
       222
       223
       224
       225
       226
        45
        89
        90
        91
        92
        44
      3054
      3322
      3428
      4059
      4060
        45
        88
        90
        91
        92
        47
       213
       214
       215
       216
        45
        88
        89
        91
        92
      1160
      2028
      3053
      4060
      4070
        45
        88
        89
        90
        92
       101
       214
       329
       330
       331
        45
        88
        89
        90
        91
       329
      1131
      1158
      2028
      2029
        94
        95
        96
       349
       350
       351
       352
       353
        93
        95
        96
       175
       349
       398
       474
       509
       514
       515
        93
        94
        96
       296
       350
       473
       516
       528
       530
        93
        94
        95
       263
       473
       474
       475
       476
        98
        99
       100
       101
       102
       460
      1117
      1129
      1464
      2030
      2031
        97
        99
       100
       101
       102
       131
       417
       456
       460
       461
        97
        98
       100
       101
       102
       311
       365
       417
       418
       419
        97
        98
        99
       101
       102
       216
       330
       365
       366
       367
        97
        98
        99
       100
       102
        91
       214
       329
       330
       331
        97
        98
        99
       100
       101
       331
      1130
      2029
      2030
       104
       105
       106
       107
       108
       347
      4081
      4082
       103
       105
       106
       107
       108
        19
       484
      4080
      4081
       103
       104
       106
       107
       108
       158
       228
       344
       347
       348
       103
       104
       105
       107
       108
        21
        83
       222
       484
       485
       103
       104
       105
       106
       108
       181
       226
       227
       422
       482
       485
       103
       104
       105
       106
       107
       227
       228
       229
       230
       110
       111
       112
       113
       114
       231
       660
       796
      1083
      1084
       109
       111
       112
       113
       114
       121
       531
       579
       793
      1078
      1083
       109
       110
       112
       113
       114
       123
       388
       438
       531
       532
       109
       110
       111
       113
       114
       231
       232
       233
       234
       235
       109
       110
       111
       112
       114
       193
       336
       438
       439
       440
       109
       110
       111
       112
       113
       232
       336
       337
       338
       339
       116
       117
       118
       119
       120
       384
      1652
      1750
      2032
      2034
       115
       117
       118
       119
       120
       493
      1651
      1901
      2032
      2033
       115
       116
       118
       119
       120
        29
       403
       488
       492
       493
       115
       116
       117
       119
       120
       196
       237
       384
       385
       386
       387
       115
       116
       117
       118
       120
       236
       359
       405
       454
       488
       489
       115
       116
       117
       118
       119
       236
       237
       238
       239
       122
       123
       124
       125
       126
       110
       531
       579
       793
      1078
      1083
       121
       123
       124
       125
       126
       241
       581
      1038
      1074
      1078
       121
       122
       124
       125
       126
       111
       388
       438
       531
       532
       121
       122
       123
       125
       126
       240
       241
       242
       243
       244
       121
       122
       123
       124
       126
       240
       280
       389
       477
       478
       121
       122
       123
       124
       125
       388
       389
       390
       391
       392
       128
       129
       130
       131
       132
       247
      1155
      1245
      2024
      2036
       127
       129
       130
       131
       132
        43
       245
       246
       247
       248
       127
       128
       130
       131
       132
       312
       396
       419
       456
       457
       127
       128
       129
       131
       132
       248
       266
       394
       396
       397
       127
       128
       129
       130
       132
        98
       417
       456
       460
       461
       127
       128
       129
       130
       131
       461
      1118
      1242
      2031
      2036
       134
       135
       136
       137
       138
       361
      4156
      4157
       133
       135
       136
       137
       138
       154
       507
      4145
      4157
       133
       134
       136
       137
       138
       275
       322
       469
       505
       506
       133
       134
       135
       137
       138
       153
       319
       448
       505
       507
       133
       134
       135
       136
       138
       187
       361
       362
       363
       364
       133
       134
       135
       136
       137
       189
       271
       362
       466
       469
        26
       140
       141
       142
       143
       144
        27
       168
       354
       355
       356
        26
       139
       141
       142
       143
       144
        24
       646
       784
      1071
      1076
        26
       139
       140
       142
       143
       144
       544
       648
       975
      1071
      1072
        26
       139
       140
       141
       143
       144
        12
       368
       542
      1072
      1073
        26
       139
       140
       141
       142
       144
        13
        78
       325
       368
       369
        26
       139
       140
       141
       142
       143
       167
       328
       355
       369
       370
        36
       146
       147
       148
       149
        35
       204
       219
       380
       409
       410
        36
       145
       147
       148
       149
        37
      4217
      4219
        36
       145
       146
       148
       149
       252
      4219
      4220
        36
       145
       146
       147
       149
       203
       251
       341
       410
       411
        36
       145
       146
       147
       148
        54
       249
       250
       251
       252
        59
       151
       152
       153
       154
        56
       221
       333
       334
       335
        59
       150
       152
       153
       154
        61
      4117
      4145
        59
       150
       151
       153
       154
       320
       334
       381
       447
       448
        59
       150
       151
       152
       154
       136
       319
       448
       505
       507
        59
       150
       151
       152
       153
       134
       507
      4145
      4157
        66
       156
       157
       158
       159
        65
      4083
      4084
        66
       155
       157
       158
       159
        67
       160
       254
       257
       258
        66
       155
       156
       158
       159
       348
      4082
      4083
        66
       155
       156
       157
       159
       105
       228
       344
       347
       348
        66
       155
       156
       157
       158
       230
       257
       344
       345
       346
       161
       162
       163
       164
        67
       156
       254
       257
       258
       160
       162
       163
       164
       258
       288
       346
       424
       463
       465
       160
       161
       163
       164
       283
       427
       465
       525
       534
       160
       161
       162
       164
       185
       255
       363
       425
       525
       526
       160
       161
       162
       163
        64
       253
       254
       255
       256
       166
       167
       168
       169
       173
       339
       378
       406
       407
       408
       165
       167
       168
       169
       172
       327
       358
       370
       404
       406
       165
       166
       168
       169
       144
       328
       355
       369
       370
       165
       166
       167
       169
        27
       139
       354
       355
       356
       165
       166
       167
       168
       235
       337
       356
       377
       378
       171
       172
       173
       174
       292
       407
       442
       452
       455
       170
       172
       173
       174
       294
       357
       452
       453
       454
       170
       171
       173
       174
       166
       327
       358
       370
       404
       406
       170
       171
       172
       174
       165
       339
       378
       406
       407
       408
       170
       171
       172
       173
       357
       358
       359
       360
       176
       177
       178
       179
        94
       349
       398
       474
       509
       514
       515
       175
       177
       178
       179
       391
       499
       509
       510
       511
       175
       176
       178
       179
       398
       399
       400
       401
       402
       175
       176
       177
       179
       282
       392
       478
       499
       500
       175
       176
       177
       178
       281
       399
       431
       500
       501
       181
       182
       183
       184
       229
       345
       422
       423
       424
       180
       182
       183
       184
       107
       226
       227
       422
       482
       485
       180
       181
       183
       184
       225
       373
       421
       482
       483
       180
       181
       182
       184
       308
       420
       462
       483
       486
       487
       180
       181
       182
       183
       287
       423
       462
       463
       464
       186
       187
       188
       189
       163
       255
       363
       425
       525
       526
       185
       187
       188
       189
       425
       426
       427
       428
       429
       185
       186
       188
       189
       137
       361
       362
       363
       364
       185
       186
       187
       189
       272
       426
       466
       467
       468
       185
       186
       187
       188
       138
       271
       362
       466
       469
       191
       192
       193
       194
       290
       352
       441
       455
       523
       527
       190
       192
       193
       194
       351
       511
       515
       523
       524
       190
       191
       193
       194
       338
       408
       439
       441
       442
       190
       191
       192
       194
       113
       336
       438
       439
       440
       190
       191
       192
       193
       390
       440
       510
       524
       532
       196
       197
       198
       199
        39
       385
       393
       520
       521
       522
       195
       197
       198
       199
       118
       237
       384
       385
       386
       387
       195
       196
       198
       199
       269
       395
       470
       519
       520
       195
       196
       197
       199
       239
       386
       414
       415
       416
       195
       196
       197
       198
       300
       414
       470
       471
       472
       201
       202
       203
       204
       313
       342
       411
       435
       436
       200
       202
       203
       204
       314
       321
       379
       435
       446
       447
       200
       201
       203
       204
       220
       335
       379
       380
       381
       200
       201
       202
       204
       148
       251
       341
       410
       411
       200
       201
       202
       203
        35
       145
       219
       380
       409
       410
        70
       206
       207
       208
         1
        50
        68
       340
       382
       383
        70
       205
       207
       208
        71
       242
       443
       479
       480
       481
        70
       205
       206
       208
       316
       437
       443
       444
       445
        70
       205
       206
       207
       317
       343
       383
       436
       437
        32
        81
       210
       211
       212
        31
       326
       360
       403
       404
       405
        32
        81
       209
       211
       212
        33
      1550
      1723
      2026
      2037
        32
        81
       209
       210
       212
        80
       325
       326
       327
       328
        32
        81
       209
       210
       211
        82
      1554
      2025
      2026
      2027
        47
        89
       214
       215
       216
        48
        85
       223
       371
       372
        47
        89
       213
       215
       216
        91
       101
       329
       330
       331
        47
        89
       213
       214
       216
       224
       366
       372
       373
       374
        47
        89
       213
       214
       215
       100
       330
       365
       366
       367
        76
       218
       219
       220
       221
        34
        77
       409
       412
       413
        76
       217
       219
       220
       221
         8
        57
        74
       332
       333
        76
       217
       218
       220
       221
        35
       145
       204
       380
       409
       410
        76
       217
       218
       219
       221
       202
       335
       379
       380
       381
        76
       217
       218
       219
       220
        56
       150
       333
       334
       335
        87
       223
       224
       225
       226
        21
        83
       106
       484
       485
        87
       222
       224
       225
       226
        48
        85
       213
       371
       372
        87
       222
       223
       225
       226
       215
       366
       372
       373
       374
        87
       222
       223
       224
       226
       182
       373
       421
       482
       483
        87
       222
       223
       224
       225
       107
       181
       227
       422
       482
       485
       108
       228
       229
       230
       107
       181
       226
       422
       482
       485
       108
       227
       229
       230
       105
       158
       344
       347
       348
       108
       227
       228
       230
       180
       345
       422
       423
       424
       108
       227
       228
       229
       159
       257
       344
       345
       346
       112
       232
       233
       234
       235
       109
       660
       796
      1083
      1084
       112
       231
       233
       234
       235
       114
       336
       337
       338
       339
       112
       231
       232
       234
       235
       376
       655
      1068
      1077
      1084
       112
       231
       232
       233
       235
        28
       354
       375
       376
       377
       112
       231
       232
       233
       234
       169
       337
       356
       377
       378
       120
       237
       238
       239
       119
       359
       405
       454
       488
       489
       120
       236
       238
       239
       118
       196
       384
       385
       386
       387
       120
       236
       237
       239
       293
       415
       453
       489
       491
       120
       236
       237
       238
       198
       386
       414
       415
       416
       124
       241
       242
       243
       244
       125
       280
       389
       477
       478
       124
       240
       242
       243
       244
       122
       581
      1038
      1074
      1078
       124
       240
       241
       243
       244
        71
       206
       443
       479
       480
       481
       124
       240
       241
       242
       244
       481
       676
      1040
      1074
      1075
       124
       240
       241
       242
       243
       277
       445
       449
       477
       479
        43
       128
       246
       247
       248
        41
      1086
      1153
      2023
      2024
        43
       128
       245
       247
       248
        40
       268
       393
       394
       395
        43
       128
       245
       246
       248
       127
      1155
      1245
      2024
      2036
        43
       128
       245
       246
       247
       130
       266
       394
       396
       397
        54
       149
       250
       251
       252
        52
       340
       341
       342
       343
        54
       149
       249
       251
       252
        55
      4218
      4220
        54
       149
       249
       250
       252
       148
       203
       341
       410
       411
        54
       149
       249
       250
       251
       147
      4219
      4220
        64
       164
       254
       255
       256
        62
      4154
      4155
        64
       164
       253
       255
       256
        67
       156
       160
       257
       258
        64
       164
       253
       254
       256
       163
       185
       363
       425
       525
       526
        64
       164
       253
       254
       255
       364
       526
      4155
      4156
        67
       156
       160
       254
       258
       159
       230
       344
       345
       346
        67
       156
       160
       254
       257
       161
       288
       346
       424
       463
       465
       260
       261
       262
       263
       264
       284
       428
       512
       533
       534
       259
       261
       262
       263
       264
       286
       302
       498
       529
       533
       259
       260
       262
       263
       264
       429
       468
       504
       512
       513
       259
       260
       261
       263
       264
       303
       476
       518
       529
       530
       259
       260
       261
       262
       264
        96
       473
       474
       475
       476
       259
       260
       261
       262
       263
       402
       475
       503
       513
       514
       266
       267
       268
       269
       270
       310
       397
       457
       458
       459
       265
       267
       268
       269
       270
       130
       248
       394
       396
       397
       265
       266
       268
       269
       270
       306
       458
       494
       495
       496
       265
       266
       267
       269
       270
        40
       246
       393
       394
       395
       265
       266
       267
       268
       270
       197
       395
       470
       519
       520
       265
       266
       267
       268
       269
       299
       472
       494
       517
       519
       272
       273
       274
       275
       276
       138
       189
       362
       466
       469
       271
       273
       274
       275
       276
       188
       426
       466
       467
       468
       271
       272
       274
       275
       276
       401
       467
       502
       503
       504
       271
       272
       273
       275
       276
       324
       433
       451
       506
       508
       271
       272
       273
       274
       276
       135
       322
       469
       505
       506
       271
       272
       273
       274
       275
       400
       434
       501
       502
       508
       278
       279
       280
       281
       282
       244
       445
       449
       477
       479
       277
       279
       280
       281
       282
       318
       430
       444
       449
       450
       277
       278
       280
       281
       282
       430
       431
       432
       433
       434
       277
       278
       279
       281
       282
       125
       240
       389
       477
       478
       277
       278
       279
       280
       282
       179
       399
       431
       500
       501
       277
       278
       279
       280
       281
       178
       392
       478
       499
       500
       284
       285
       286
       287
       288
       162
       427
       465
       525
       534
       283
       285
       286
       287
       288
       259
       428
       512
       533
       534
       283
       284
       286
       287
       288
       301
       464
       487
       497
       498
       283
       284
       285
       287
       288
       260
       302
       498
       529
       533
       283
       284
       285
       286
       288
       184
       423
       462
       463
       464
       283
       284
       285
       286
       287
       161
       258
       346
       424
       463
       465
       290
       291
       292
       293
       294
       297
       353
       490
       527
       528
       289
       291
       292
       293
       294
       190
       352
       441
       455
       523
       527
       289
       290
       292
       293
       294
       298
       416
       471
       490
       491
       289
       290
       291
       293
       294
       170
       407
       442
       452
       455
       289
       290
       291
       292
       294
       238
       415
       453
       489
       491
       289
       290
       291
       292
       293
       171
       357
       452
       453
       454
       296
       297
       298
       299
       300
       305
       496
       516
       517
       518
       295
       297
       298
       299
       300
        95
       350
       473
       516
       528
       530
       295
       296
       298
       299
       300
       289
       353
       490
       527
       528
       295
       296
       297
       299
       300
       291
       416
       471
       490
       491
       295
       296
       297
       298
       300
       270
       472
       494
       517
       519
       295
       296
       297
       298
       299
       199
       414
       470
       471
       472
       302
       303
       304
       305
       306
       285
       464
       487
       497
       498
       301
       303
       304
       305
       306
       260
       286
       498
       529
       533
       301
       302
       304
       305
       306
       262
       476
       518
       529
       530
       301
       302
       303
       305
       306
       309
       459
       486
       495
       497
       301
       302
       303
       304
       306
       295
       496
       516
       517
       518
       301
       302
       303
       304
       305
       267
       458
       494
       495
       496
       308
       309
       310
       311
       312
       367
       374
       418
       420
       421
       307
       309
       310
       311
       312
       183
       420
       462
       483
       486
       487
       307
       308
       310
       311
       312
       304
       459
       486
       495
       497
       307
       308
       309
       311
       312
       265
       397
       457
       458
       459
       307
       308
       309
       310
       312
        99
       365
       417
       418
       419
       307
       308
       309
       310
       311
       129
       396
       419
       456
       457
       314
       315
       316
       317
       318
       200
       342
       411
       435
       436
       313
       315
       316
       317
       318
       201
       321
       379
       435
       446
       447
       313
       314
       316
       317
       318
       323
       432
       446
       450
       451
       313
       314
       315
       317
       318
       207
       437
       443
       444
       445
       313
       314
       315
       316
       318
       208
       343
       383
       436
       437
       313
       314
       315
       316
       317
       278
       430
       444
       449
       450
       320
       321
       322
       323
       324
       136
       153
       448
       505
       507
       319
       321
       322
       323
       324
       152
       334
       381
       447
       448
       319
       320
       322
       323
       324
       201
       314
       379
       435
       446
       447
       319
       320
       321
       323
       324
       135
       275
       469
       505
       506
       319
       320
       321
       322
       324
       315
       432
       446
       450
       451
       319
       320
       321
       322
       323
       274
       433
       451
       506
       508
        80
       211
       326
       327
       328
        13
        78
       143
       368
       369
        80
       211
       325
       327
       328
        31
       209
       360
       403
       404
       405
        80
       211
       325
       326
       328
       166
       172
       358
       370
       404
       406
        80
       211
       325
       326
       327
       144
       167
       355
       369
       370
        91
       101
       214
       330
       331
        92
      1131
      1158
      2028
      2029
        91
       101
       214
       329
       331
       100
       216
       365
       366
       367
        91
       101
       214
       329
       330
       102
      1130
      2029
      2030
         8
        57
        74
       218
       333
         9
        58
      4115
      4116
         8
        57
        74
       218
       332
        56
       150
       221
       334
       335
        56
       150
       221
       333
       335
       152
       320
       381
       447
       448
        56
       150
       221
       333
       334
       202
       220
       379
       380
       381
       114
       232
       337
       338
       339
       113
       193
       438
       439
       440
       114
       232
       336
       338
       339
       169
       235
       356
       377
       378
       114
       232
       336
       337
       339
       192
       408
       439
       441
       442
       114
       232
       336
       337
       338
       165
       173
       378
       406
       407
       408
        52
       249
       341
       342
       343
         1
        50
        68
       205
       382
       383
        52
       249
       340
       342
       343
       148
       203
       251
       410
       411
        52
       249
       340
       341
       343
       200
       313
       411
       435
       436
        52
       249
       340
       341
       342
       208
       317
       383
       436
       437
       159
       230
       257
       345
       346
       105
       158
       228
       347
       348
       159
       230
       257
       344
       346
       180
       229
       422
       423
       424
       159
       230
       257
       344
       345
       161
       258
       288
       424
       463
       465
       105
       158
       228
       344
       348
       103
      4081
      4082
       105
       158
       228
       344
       347
       157
      4082
      4083
        93
       350
       351
       352
       353
        94
       175
       398
       474
       509
       514
       515
        93
       349
       351
       352
       353
        95
       296
       473
       516
       528
       530
        93
       349
       350
       352
       353
       191
       511
       515
       523
       524
        93
       349
       350
       351
       353
       190
       290
       441
       455
       523
       527
        93
       349
       350
       351
       352
       289
       297
       490
       527
       528
        27
       139
       168
       355
       356
        28
       234
       375
       376
       377
        27
       139
       168
       354
       356
       144
       167
       328
       369
       370
        27
       139
       168
       354
       355
       169
       235
       337
       377
       378
       174
       358
       359
       360
       171
       294
       452
       453
       454
       174
       357
       359
       360
       166
       172
       327
       370
       404
       406
       174
       357
       358
       360
       119
       236
       405
       454
       488
       489
       174
       357
       358
       359
        31
       209
       326
       403
       404
       405
       137
       187
       362
       363
       364
       133
      4156
      4157
       137
       187
       361
       363
       364
       138
       189
       271
       466
       469
       137
       187
       361
       362
       364
       163
       185
       255
       425
       525
       526
       137
       187
       361
       362
       363
       256
       526
      4155
      4156
       100
       216
       330
       366
       367
        99
       311
       417
       418
       419
       100
       216
       330
       365
       367
       215
       224
       372
       373
       374
       100
       216
       330
       365
       366
       307
       374
       418
       420
       421
        13
        78
       143
       325
       369
        12
       142
       542
      1072
      1073
        13
        78
       143
       325
       368
       144
       167
       328
       355
       370
       144
       167
       328
       355
       369
       166
       172
       327
       358
       404
       406
        48
        85
       213
       223
       372
        49
        86
      3043
      4054
      4061
        48
        85
       213
       223
       371
       215
       224
       366
       373
       374
       215
       224
       366
       372
       374
       182
       225
       421
       482
       483
       215
       224
       366
       372
       373
       307
       367
       418
       420
       421
        28
       234
       354
       376
       377
        25
       787
      1069
      1076
      1077
        28
       234
       354
       375
       377
       233
       655
      1068
      1077
      1084
        28
       234
       354
       375
       376
       169
       235
       337
       356
       378
       169
       235
       337
       356
       377
       165
       173
       339
       406
       407
       408
       202
       220
       335
       380
       381
       201
       314
       321
       435
       446
       447
       202
       220
       335
       379
       381
        35
       145
       204
       219
       409
       410
       202
       220
       335
       379
       380
       152
       320
       334
       447
       448
         1
        50
        68
       205
       340
       383
         3
        51
      1081
      4150
      4214
         1
        50
        68
       205
       340
       382
       208
       317
       343
       436
       437
       118
       196
       237
       385
       386
       387
       115
      1652
      1750
      2032
      2034
       118
       196
       237
       384
       386
       387
        39
       195
       393
       520
       521
       522
       118
       196
       237
       384
       385
       387
       198
       239
       414
       415
       416
       118
       196
       237
       384
       385
       386
       522
      1587
      1748
      2034
      2035
       126
       389
       390
       391
       392
       111
       123
       438
       531
       532
       126
       388
       390
       391
       392
       125
       240
       280
       477
       478
       126
       388
       389
       391
       392
       194
       440
       510
       524
       532
       126
       388
       389
       390
       392
       176
       499
       509
       510
       511
       126
       388
       389
       390
       391
       178
       282
       478
       499
       500
        40
       246
       268
       394
       395
        39
       195
       385
       520
       521
       522
        40
       246
       268
       393
       395
       130
       248
       266
       396
       397
        40
       246
       268
       393
       394
       197
       269
       470
       519
       520
       130
       248
       266
       394
       397
       129
       312
       419
       456
       457
       130
       248
       266
       394
       396
       265
       310
       457
       458
       459
       177
       399
       400
       401
       402
        94
       175
       349
       474
       509
       514
       515
       177
       398
       400
       401
       402
       179
       281
       431
       500
       501
       177
       398
       399
       401
       402
       276
       434
       501
       502
       508
       177
       398
       399
       400
       402
       273
       467
       502
       503
       504
       177
       398
       399
       400
       401
       264
       475
       503
       513
       514
        31
       209
       326
       360
       404
       405
        29
       117
       488
       492
       493
        31
       209
       326
       360
       403
       405
       166
       172
       327
       358
       370
       406
        31
       209
       326
       360
       403
       404
       119
       236
       359
       454
       488
       489
       165
       173
       339
       378
       407
       408
       166
       172
       327
       358
       370
       404
       165
       173
       339
       378
       406
       408
       170
       292
       442
       452
       455
       165
       173
       339
       378
       406
       407
       192
       338
       439
       441
       442
        35
       145
       204
       219
       380
       410
        34
        77
       217
       412
       413
        35
       145
       204
       219
       380
       409
       148
       203
       251
       341
       411
       148
       203
       251
       341
       410
       200
       313
       342
       435
       436
        34
        77
       217
       409
       413
        38
      4216
      4217
        34
        77
       217
       409
       412
        75
      4215
      4216
       198
       239
       386
       415
       416
       199
       300
       470
       471
       472
       198
       239
       386
       414
       416
       238
       293
       453
       489
       491
       198
       239
       386
       414
       415
       291
       298
       471
       490
       491
        99
       311
       365
       418
       419
        98
       131
       456
       460
       461
        99
       311
       365
       417
       419
       307
       367
       374
       420
       421
        99
       311
       365
       417
       418
       129
       312
       396
       456
       457
       307
       367
       374
       418
       421
       183
       308
       462
       483
       486
       487
       307
       367
       374
       418
       420
       182
       225
       373
       482
       483
       180
       229
       345
       423
       424
       107
       181
       226
       227
       482
       485
       180
       229
       345
       422
       424
       184
       287
       462
       463
       464
       180
       229
       345
       422
       423
       161
       258
       288
       346
       463
       465
       186
       426
       427
       428
       429
       163
       185
       255
       363
       525
       526
       186
       425
       427
       428
       429
       188
       272
       466
       467
       468
       186
       425
       426
       428
       429
       162
       283
       465
       525
       534
       186
       425
       426
       427
       429
       259
       284
       512
       533
       534
       186
       425
       426
       427
       428
       261
       468
       504
       512
       513
       279
       431
       432
       433
       434
       278
       318
       444
       449
       450
       279
       430
       432
       433
       434
       179
       281
       399
       500
       501
       279
       430
       431
       433
       434
       315
       323
       446
       450
       451
       279
       430
       431
       432
       434
       274
       324
       451
       506
       508
       279
       430
       431
       432
       433
       276
       400
       501
       502
       508
       200
       313
       342
       411
       436
       201
       314
       321
       379
       446
       447
       200
       313
       342
       411
       435
       208
       317
       343
       383
       437
       208
       317
       343
       383
       436
       207
       316
       443
       444
       445
       113
       193
       336
       439
       440
       111
       123
       388
       531
       532
       113
       193
       336
       438
       440
       192
       338
       408
       441
       442
       113
       193
       336
       438
       439
       194
       390
       510
       524
       532
       192
       338
       408
       439
       442
       190
       290
       352
       455
       523
       527
       192
       338
       408
       439
       441
       170
       292
       407
       452
       455
       207
       316
       437
       444
       445
        71
       206
       242
       479
       480
       481
       207
       316
       437
       443
       445
       278
       318
       430
       449
       450
       207
       316
       437
       443
       444
       244
       277
       449
       477
       479
       201
       314
       321
       379
       435
       447
       315
       323
       432
       450
       451
       201
       314
       321
       379
       435
       446
       152
       320
       334
       381
       448
       152
       320
       334
       381
       447
       136
       153
       319
       505
       507
       278
       318
       430
       444
       450
       244
       277
       445
       477
       479
       278
       318
       430
       444
       449
       315
       323
       432
       446
       451
       315
       323
       432
       446
       450
       274
       324
       433
       506
       508
       171
       294
       357
       453
       454
       170
       292
       407
       442
       455
       171
       294
       357
       452
       454
       238
       293
       415
       489
       491
       171
       294
       357
       452
       453
       119
       236
       359
       405
       488
       489
       170
       292
       407
       442
       452
       190
       290
       352
       441
       523
       527
       129
       312
       396
       419
       457
        98
       131
       417
       460
       461
       129
       312
       396
       419
       456
       265
       310
       397
       458
       459
       265
       310
       397
       457
       459
       267
       306
       494
       495
       496
       265
       310
       397
       457
       458
       304
       309
       486
       495
       497
        98
       131
       417
       456
       461
        97
      1117
      1129
      1464
      2030
      2031
        98
       131
       417
       456
       460
       132
      1118
      1242
      2031
      2036
       184
       287
       423
       463
       464
       183
       308
       420
       483
       486
       487
       184
       287
       423
       462
       464
       161
       258
       288
       346
       424
       465
       184
       287
       423
       462
       463
       285
       301
       487
       497
       498
       161
       258
       288
       346
       424
       463
       162
       283
       427
       525
       534
       188
       272
       426
       467
       468
       138
       189
       271
       362
       469
       188
       272
       426
       466
       468
       273
       401
       502
       503
       504
       188
       272
       426
       466
       467
       261
       429
       504
       512
       513
       138
       189
       271
       362
       466
       135
       275
       322
       505
       506
       199
       300
       414
       471
       472
       197
       269
       395
       519
       520
       199
       300
       414
       470
       472
       291
       298
       416
       490
       491
       199
       300
       414
       470
       471
       270
       299
       494
       517
       519
        96
       263
       474
       475
       476
        95
       296
       350
       516
       528
       530
        96
       263
       473
       475
       476
        94
       175
       349
       398
       509
       514
       515
        96
       263
       473
       474
       476
       264
       402
       503
       513
       514
        96
       263
       473
       474
       475
       262
       303
       518
       529
       530
       125
       240
       280
       389
       478
       244
       277
       445
       449
       479
       125
       240
       280
       389
       477
       178
       282
       392
       499
       500
       244
       277
       445
       449
       477
        71
       206
       242
       443
       480
       481
        71
       206
       242
       443
       479
       481
        72
       674
       907
      1075
      1080
        71
       206
       242
       443
       479
       480
       243
       676
      1040
      1074
      1075
       182
       225
       373
       421
       483
       107
       181
       226
       227
       422
       485
       182
       225
       373
       421
       482
       183
       308
       420
       462
       486
       487
        21
        83
       106
       222
       485
        19
       104
      4080
      4081
        21
        83
       106
       222
       484
       107
       181
       226
       227
       422
       482
       183
       308
       420
       462
       483
       487
       304
       309
       459
       495
       497
       183
       308
       420
       462
       483
       486
       285
       301
       464
       497
       498
       119
       236
       359
       405
       454
       489
        29
       117
       403
       492
       493
       119
       236
       359
       405
       454
       488
       238
       293
       415
       453
       491
       291
       298
       416
       471
       491
       289
       297
       353
       527
       528
       291
       298
       416
       471
       490
       238
       293
       415
       453
       489
        29
       117
       403
       488
       493
        30
      1725
      1902
      2033
      2037
        29
       117
       403
       488
       492
       116
      1651
      1901
      2032
      2033
       267
       306
       458
       495
       496
       270
       299
       472
       517
       519
       267
       306
       458
       494
       496
       304
       309
       459
       486
       497
       267
       306
       458
       494
       495
       295
       305
       516
       517
       518
       304
       309
       459
       486
       495
       285
       301
       464
       487
       498
       285
       301
       464
       487
       497
       260
       286
       302
       529
       533
       178
       282
       392
       478
       500
       176
       391
       509
       510
       511
       178
       282
       392
       478
       499
       179
       281
       399
       431
       501
       179
       281
       399
       431
       500
       276
       400
       434
       502
       508
       273
       401
       467
       503
       504
       276
       400
       434
       501
       508
       273
       401
       467
       502
       504
       264
       402
       475
       513
       514
       273
       401
       467
       502
       503
       261
       429
       468
       512
       513
       135
       275
       322
       469
       506
       136
       153
       319
       448
       507
       135
       275
       322
       469
       505
       274
       324
       433
       451
       508
       136
       153
       319
       448
       505
       134
       154
      4145
      4157
       274
       324
       433
       451
       506
       276
       400
       434
       501
       502
       176
       391
       499
       510
       511
        94
       175
       349
       398
       474
       514
       515
       176
       391
       499
       509
       511
       194
       390
       440
       524
       532
       176
       391
       499
       509
       510
       191
       351
       515
       523
       524
       261
       429
       468
       504
       513
       259
       284
       428
       533
       534
       261
       429
       468
       504
       512
       264
       402
       475
       503
       514
       264
       402
       475
       503
       513
        94
       175
       349
       398
       474
       509
       515
        94
       175
       349
       398
       474
       509
       514
       191
       351
       511
       523
       524
       295
       305
       496
       517
       518
        95
       296
       350
       473
       528
       530
       295
       305
       496
       516
       518
       270
       299
       472
       494
       519
       295
       305
       496
       516
       517
       262
       303
       476
       529
       530
       270
       299
       472
       494
       517
       197
       269
       395
       470
       520
       197
       269
       395
       470
       519
        39
       195
       385
       393
       521
       522
        39
       195
       385
       393
       520
       522
        42
      1085
      1586
      2020
      2023
      2035
        39
       195
       385
       393
       520
       521
       387
      1587
      1748
      2034
      2035
       191
       351
       511
       515
       524
       190
       290
       352
       441
       455
       527
       191
       351
       511
       515
       523
       194
       390
       440
       510
       532
       163
       185
       255
       363
       425
       526
       162
       283
       427
       465
       534
       163
       185
       255
       363
       425
       525
       256
       364
      4155
      4156
       289
       297
       353
       490
       528
       190
       290
       352
       441
       455
       523
       289
       297
       353
       490
       527
        95
       296
       350
       473
       516
       530
       262
       303
       476
       518
       530
       260
       286
       302
       498
       533
       262
       303
       476
       518
       529
        95
       296
       350
       473
       516
       528
       111
       123
       388
       438
       532
       110
       121
       579
       793
      1078
      1083
       111
       123
       388
       438
       531
       194
       390
       440
       510
       524
       260
       286
       302
       498
       529
       259
       284
       428
       512
       534
       162
       283
       427
       465
       525
       259
       284
       428
       512
       533
       536
       537
       538
       668
       814
       926
       979
       980
       981
       535
       537
       538
       597
       814
       815
       816
       817
       818
       535
       536
       538
       599
       815
      4224
      4225
       535
       536
       537
       979
      4153
      4224
       540
       541
       542
       543
       544
       619
      4184
      4190
       539
       541
       542
       543
       544
       619
       620
       621
       622
       623
       539
       540
       542
       543
       544
        14
      1073
      4190
      4191
       539
       540
       541
       543
       544
        12
       142
       368
      1072
      1073
       539
       540
       541
       542
       544
       620
       647
       921
       973
       975
       539
       540
       541
       542
       543
       141
       648
       975
      1071
      1072
       546
       547
       548
       549
       550
      4093
      4094
       545
       547
       548
       549
       550
       601
       776
      4094
      4138
       545
       546
       548
       549
       550
      1082
      4093
      4150
       545
       546
       547
       549
       550
         5
       624
      1079
      1081
      1082
       545
       546
       547
       548
       550
       624
       625
       626
       627
       628
       545
       546
       547
       548
       549
       605
       625
       691
       776
       777
       552
       553
       554
       555
       556
       680
       681
       682
       683
       684
       551
       553
       554
       555
       556
       631
       680
       779
       890
       891
       551
       552
       554
       555
       556
      4181
      4182
       551
       552
       553
       555
       556
       632
       890
      4182
      4183
       551
       552
       553
       554
       556
       681
      1050
      4179
      4180
       551
       552
       553
       554
       555
      4179
      4181
       558
       559
       560
       561
       629
       778
       779
       780
       781
       782
       557
       559
       560
       561
       629
       630
       631
       632
       557
       558
       560
       561
       630
      4183
      4192
       557
       558
       559
       561
       566
      1009
      4192
      4193
       557
       558
       559
       560
       565
       778
       810
      1009
      1010
       563
       564
       565
       566
       585
       998
      4193
      4200
       562
       564
       565
       566
       584
       768
       809
       937
       998
       999
       562
       563
       565
       566
       809
       810
       811
       812
       813
       562
       563
       564
       566
       561
       778
       810
      1009
      1010
       562
       563
       564
       565
       560
      1009
      4192
      4193
       568
       569
       570
       571
       572
       654
       930
      1023
      1024
      1025
       567
       569
       570
       571
       572
       685
       757
       930
       931
       932
       567
       568
       570
       571
       572
       685
       686
       687
       688
       689
       567
       568
       569
       571
       572
      1024
      4095
      4146
       567
       568
       569
       570
       572
       686
      4096
      4097
       567
       568
       569
       570
       571
      4095
      4096
       574
       575
       576
       577
       578
      4206
      4209
       573
       575
       576
       577
       578
       888
      4202
      4209
       573
       574
       576
       577
       578
       661
       797
      4206
      4207
       573
       574
       575
       577
       578
       662
       797
       798
       799
       573
       574
       575
       576
       578
       609
       772
       885
       888
       889
       573
       574
       575
       576
       577
       775
       798
       885
       886
       887
       580
       581
       582
       583
       110
       121
       531
       793
      1078
      1083
       579
       581
       582
       583
       659
       793
       794
       795
       796
       579
       580
       582
       583
       122
       241
      1038
      1074
      1078
       579
       580
       581
       583
       794
       893
       909
       910
       911
       579
       580
       581
       582
       679
       909
      1038
      1039
      1040
       585
       586
       587
       588
       563
       768
       809
       937
       998
       999
       584
       586
       587
       588
       562
       998
      4193
      4200
       584
       585
       587
       588
       634
       768
       769
       770
       771
       584
       585
       586
       588
       633
      4196
      4200
       584
       585
       586
       587
       633
       634
       635
       636
       637
       590
       591
       592
       593
       594
      4210
      4211
       589
       591
       592
       593
       594
      1049
      4180
      4211
       589
       590
       592
       593
       594
       764
      4185
      4210
       589
       590
       591
       593
       594
       623
       764
       765
       766
       767
       589
       590
       591
       592
       594
       684
       879
      1048
      1049
      1050
       589
       590
       591
       592
       593
       765
       879
       880
       881
       882
       596
       597
       598
       599
       600
      4225
      4226
       595
       597
       598
       599
       600
       642
       914
      4222
      4226
       595
       596
       598
       599
       600
       536
       814
       815
       816
       817
       818
       595
       596
       597
       599
       600
       746
       816
       902
       912
       913
       595
       596
       597
       598
       600
       537
       815
      4224
      4225
       595
       596
       597
       598
       599
       640
       773
       904
       912
       914
       602
       603
       604
       605
       606
       546
       776
      4094
      4138
       601
       603
       604
       605
       606
      4130
      4138
       601
       602
       604
       605
       606
       690
       791
       957
       985
       986
       601
       602
       603
       605
       606
       790
       986
      4129
      4130
       601
       602
       603
       604
       606
       550
       625
       691
       776
       777
       601
       602
       603
       604
       605
       690
       691
       692
       693
       608
       609
       610
       611
       612
       889
      4201
      4202
       607
       609
       610
       611
       612
      4201
      4223
       607
       608
       610
       611
       612
       577
       772
       885
       888
       889
       607
       608
       609
       611
       612
       638
      4221
      4223
       607
       608
       609
       610
       612
       638
       639
       640
       641
       642
       607
       608
       609
       610
       611
       639
       772
       773
       774
       775
       614
       615
       616
       617
       618
      4098
      4099
       613
       615
       616
       617
       618
       694
      4099
      4100
       613
       614
       616
       617
       618
       688
       900
      4097
      4098
       613
       614
       615
       617
       618
       694
       695
       696
       697
       698
       613
       614
       615
       616
       618
       689
       805
       900
       901
       613
       614
       615
       616
       617
       695
       805
       806
       807
       808
       540
       620
       621
       622
       623
       539
      4184
      4190
       540
       619
       621
       622
       623
       543
       647
       921
       973
       975
       540
       619
       620
       622
       623
       730
       766
       880
       921
       922
       923
       540
       619
       620
       621
       623
       767
      4184
      4185
       540
       619
       620
       621
       622
       592
       764
       765
       766
       767
       549
       625
       626
       627
       628
         5
       548
      1079
      1081
      1082
       549
       624
       626
       627
       628
       550
       605
       691
       776
       777
       549
       624
       625
       627
       628
         4
        69
       906
      1079
      1080
       549
       624
       625
       626
       628
       675
       720
       883
       906
       907
       908
       549
       624
       625
       626
       627
       692
       719
       777
       883
       884
       558
       630
       631
       632
       557
       778
       779
       780
       781
       782
       558
       629
       631
       632
       559
      4183
      4192
       558
       629
       630
       632
       552
       680
       779
       890
       891
       558
       629
       630
       631
       554
       890
      4182
      4183
       588
       634
       635
       636
       637
       587
      4196
      4200
       588
       633
       635
       636
       637
       586
       768
       769
       770
       771
       588
       633
       634
       636
       637
       667
       954
      4194
      4195
       588
       633
       634
       635
       637
      4194
      4196
       588
       633
       634
       635
       636
       666
       769
       917
       953
       954
       611
       639
       640
       641
       642
       610
      4221
      4223
       611
       638
       640
       641
       642
       612
       772
       773
       774
       775
       611
       638
       639
       641
       642
       600
       773
       904
       912
       914
       611
       638
       639
       640
       642
      4221
      4222
       611
       638
       639
       640
       641
       596
       914
      4222
      4226
       644
       645
       646
       647
       648
       783
       871
       972
      1031
      1032
       643
       645
       646
       647
       648
       729
       922
       972
       973
       974
       643
       644
       646
       647
       648
       783
       784
       785
       786
       787
       643
       644
       645
       647
       648
        24
       140
       784
      1071
      1076
       643
       644
       645
       646
       648
       543
       620
       921
       973
       975
       643
       644
       645
       646
       647
       141
       544
       975
      1071
      1072
       650
       651
       652
       653
       654
       788
       789
       790
       791
       792
       649
       651
       652
       653
       654
       713
       788
       939
       940
       941
       649
       650
       652
       653
       654
       789
      4128
      4129
       649
       650
       651
       653
       654
      1025
      4128
      4146
       649
       650
       651
       652
       654
       710
       754
       932
       939
      1020
      1023
       649
       650
       651
       652
       653
       567
       930
      1023
      1024
      1025
       656
       657
       658
       659
       660
       233
       376
      1068
      1077
      1084
       655
       657
       658
       659
       660
       749
       786
       959
      1063
      1068
      1069
       655
       656
       658
       659
       660
       751
       892
       959
       960
       961
       655
       656
       657
       659
       660
       795
       892
       893
       894
       895
       655
       656
       657
       658
       660
       580
       793
       794
       795
       796
       655
       656
       657
       658
       659
       109
       231
       796
      1083
      1084
       662
       663
       664
       665
       666
       667
       575
       797
      4206
      4207
       661
       663
       664
       665
       666
       667
       576
       797
       798
       799
       661
       662
       664
       665
       666
       667
      4195
      4207
       661
       662
       663
       665
       666
       667
       745
       855
       905
       915
       917
       918
       661
       662
       663
       664
       666
       667
       747
       799
       887
       903
       905
       661
       662
       663
       664
       665
       667
       637
       769
       917
       953
       954
       661
       662
       663
       664
       665
       666
       635
       954
      4194
      4195
       669
       670
       671
       672
       673
       535
       814
       926
       979
       980
       981
       668
       670
       671
       672
       673
       980
      4102
      4153
       668
       669
       671
       672
       673
       896
       926
       927
       928
       929
       668
       669
       670
       672
       673
       800
      4101
      4102
       668
       669
       670
       671
       673
       800
       801
       802
       803
       804
       668
       669
       670
       671
       672
       801
       896
       897
       898
       899
       675
       676
       677
       678
       679
        72
       480
       907
      1075
      1080
       674
       676
       677
       678
       679
       627
       720
       883
       906
       907
       908
       674
       675
       677
       678
       679
       243
       481
      1040
      1074
      1075
       674
       675
       676
       678
       679
       707
       911
       919
      1039
      1041
       674
       675
       676
       677
       679
       706
       721
       908
       919
       920
       674
       675
       676
       677
       678
       583
       909
      1038
      1039
      1040
       551
       681
       682
       683
       684
       552
       631
       779
       890
       891
       551
       680
       682
       683
       684
       555
      1050
      4179
      4180
       551
       680
       681
       683
       684
       739
       882
       924
       948
      1045
      1048
       551
       680
       681
       682
       684
       740
       780
       891
       924
       925
       551
       680
       681
       682
       683
       593
       879
      1048
      1049
      1050
       569
       686
       687
       688
       689
       568
       757
       930
       931
       932
       569
       685
       687
       688
       689
       571
      4096
      4097
       569
       685
       686
       688
       689
       756
       807
       901
       931
       933
       934
       569
       685
       686
       687
       689
       615
       900
      4097
      4098
       569
       685
       686
       687
       688
       617
       805
       900
       901
       606
       691
       692
       693
       603
       791
       957
       985
       986
       606
       690
       692
       693
       550
       605
       625
       776
       777
       606
       690
       691
       693
       628
       719
       777
       883
       884
       606
       690
       691
       692
       722
       834
       884
       956
       957
       958
       616
       695
       696
       697
       698
       614
      4099
      4100
       616
       694
       696
       697
       698
       618
       805
       806
       807
       808
       616
       694
       695
       697
       698
       802
      1070
      4100
      4101
       616
       694
       695
       696
       698
       703
       804
       989
      1065
      1070
       616
       694
       695
       696
       697
       699
       806
       989
       990
       991
       700
       701
       702
       703
       698
       806
       989
       990
       991
       699
       701
       702
       703
       830
       990
      1000
      1001
      1002
       699
       700
       702
       703
       944
       997
      1000
      1057
      1064
      1067
       699
       700
       701
       703
       803
       897
       996
      1064
      1065
       699
       700
       701
       702
       697
       804
       989
      1065
      1070
       705
       706
       707
       708
       894
       910
       970
      1019
      1041
      1042
       704
       706
       707
       708
       835
       955
       971
      1035
      1042
       704
       705
       707
       708
       678
       721
       908
       919
       920
       704
       705
       706
       708
       677
       911
       919
      1039
      1041
       704
       705
       706
       707
       723
       836
       920
       955
       956
       710
       711
       712
       713
       755
      1003
      1020
      1021
      1022
       709
       711
       712
       713
       653
       754
       932
       939
      1020
      1023
       709
       710
       712
       713
       843
       982
      1021
      1037
      1053
      1054
       709
       710
       711
       713
       831
       940
       982
       983
       984
       709
       710
       711
       712
       650
       788
       939
       940
       941
       715
       716
       717
       718
       898
       992
       995
       996
       997
       714
       716
       717
       718
       820
       945
       995
      1006
      1066
      1067
       714
       715
       717
       718
       761
       823
       994
      1006
      1007
       714
       715
       716
       718
       762
       950
       978
       993
       994
       714
       715
       716
       717
       899
       927
       977
       992
       993
       720
       721
       722
       723
       628
       692
       777
       883
       884
       719
       721
       722
       723
       627
       675
       883
       906
       907
       908
       719
       720
       722
       723
       678
       706
       908
       919
       920
       719
       720
       721
       723
       693
       834
       884
       956
       957
       958
       719
       720
       721
       722
       708
       836
       920
       955
       956
       725
       726
       727
       728
       876
       964
      1017
      1051
      1060
      1061
       724
       726
       727
       728
       853
       965
      1034
      1058
      1060
       724
       725
       727
       728
       734
       854
       942
      1026
      1058
      1059
       724
       725
       726
       728
       736
       848
      1026
      1027
      1028
       724
       725
       726
       727
       847
       877
      1027
      1051
      1052
       730
       731
       732
       733
       644
       922
       972
       973
       974
       729
       731
       732
       733
       621
       766
       880
       921
       922
       923
       729
       730
       732
       733
       881
       923
       947
       948
       949
       729
       730
       731
       733
       872
       974
      1013
      1030
      1032
       729
       730
       731
       732
       864
       947
      1013
      1014
      1015
       735
       736
       737
       738
       726
       854
       942
      1026
      1058
      1059
       734
       736
       737
       738
       942
       943
       944
       945
       946
       734
       735
       737
       738
       727
       848
      1026
      1027
      1028
       734
       735
       736
       738
       828
       846
      1028
      1055
      1056
       734
       735
       736
       737
       829
       943
      1001
      1056
      1057
       740
       741
       742
       743
       682
       882
       924
       948
      1045
      1048
       739
       741
       742
       743
       683
       780
       891
       924
       925
       739
       740
       742
       743
       865
       949
      1014
      1045
      1046
       739
       740
       741
       743
       782
       842
       925
       987
       988
       739
       740
       741
       742
       841
       866
       987
      1046
      1047
       745
       746
       747
       748
       818
       856
       913
       915
       916
       744
       746
       747
       748
       664
       855
       905
       915
       917
       918
       744
       745
       747
       748
       598
       816
       902
       912
       913
       744
       745
       746
       748
       665
       799
       887
       903
       905
       744
       745
       746
       747
       774
       886
       902
       903
       904
       750
       751
       752
       753
       656
       786
       959
      1063
      1068
      1069
       749
       751
       752
       753
       785
       870
      1031
      1062
      1063
       749
       750
       752
       753
       657
       892
       959
       960
       961
       749
       750
       751
       753
       869
       963
      1016
      1061
      1062
       749
       750
       751
       752
       878
       960
      1016
      1017
      1018
       755
       756
       757
       758
       653
       710
       932
       939
      1020
      1023
       754
       756
       757
       758
       709
      1003
      1020
      1021
      1022
       754
       755
       757
       758
       687
       807
       901
       931
       933
       934
       754
       755
       756
       758
       568
       685
       930
       931
       932
       754
       755
       756
       757
       825
       933
      1003
      1004
      1005
       760
       761
       762
       763
       812
       822
       935
       999
      1007
      1008
       759
       761
       762
       763
       770
       935
       936
       937
       938
       759
       760
       762
       763
       716
       823
       994
      1006
      1007
       759
       760
       761
       763
       717
       950
       978
       993
       994
       759
       760
       761
       762
       860
       936
       950
       951
       952
       592
       623
       765
       766
       767
       591
      4185
      4210
       592
       623
       764
       766
       767
       594
       879
       880
       881
       882
       592
       623
       764
       765
       767
       621
       730
       880
       921
       922
       923
       592
       623
       764
       765
       766
       622
      4184
      4185
       586
       634
       769
       770
       771
       563
       584
       809
       937
       998
       999
       586
       634
       768
       770
       771
       637
       666
       917
       953
       954
       586
       634
       768
       769
       771
       760
       935
       936
       937
       938
       586
       634
       768
       769
       770
       857
       918
       938
       951
       953
       612
       639
       773
       774
       775
       577
       609
       885
       888
       889
       612
       639
       772
       774
       775
       600
       640
       904
       912
       914
       612
       639
       772
       773
       775
       748
       886
       902
       903
       904
       612
       639
       772
       773
       774
       578
       798
       885
       886
       887
       550
       605
       625
       691
       777
       546
       601
      4094
      4138
       550
       605
       625
       691
       776
       628
       692
       719
       883
       884
       557
       629
       779
       780
       781
       782
       561
       565
       810
      1009
      1010
       557
       629
       778
       780
       781
       782
       552
       631
       680
       890
       891
       557
       629
       778
       779
       781
       782
       683
       740
       891
       924
       925
       557
       629
       778
       779
       780
       782
       813
       840
       988
      1010
      1011
       557
       629
       778
       779
       780
       781
       742
       842
       925
       987
       988
       645
       784
       785
       786
       787
       643
       871
       972
      1031
      1032
       645
       783
       785
       786
       787
        24
       140
       646
      1071
      1076
       645
       783
       784
       786
       787
       750
       870
      1031
      1062
      1063
       645
       783
       784
       785
       787
       656
       749
       959
      1063
      1068
      1069
       645
       783
       784
       785
       786
        25
       375
      1069
      1076
      1077
       649
       789
       790
       791
       792
       650
       713
       939
       940
       941
       649
       788
       790
       791
       792
       651
      4128
      4129
       649
       788
       789
       791
       792
       604
       986
      4129
      4130
       649
       788
       789
       790
       792
       603
       690
       957
       985
       986
       649
       788
       789
       790
       791
       832
       941
       958
       983
       985
       580
       659
       794
       795
       796
       110
       121
       531
       579
      1078
      1083
       580
       659
       793
       795
       796
       582
       893
       909
       910
       911
       580
       659
       793
       794
       796
       658
       892
       893
       894
       895
       580
       659
       793
       794
       795
       109
       231
       660
      1083
      1084
       576
       662
       798
       799
       575
       661
      4206
      4207
       576
       662
       797
       799
       578
       775
       885
       886
       887
       576
       662
       797
       798
       665
       747
       887
       903
       905
       672
       801
       802
       803
       804
       671
      4101
      4102
       672
       800
       802
       803
       804
       673
       896
       897
       898
       899
       672
       800
       801
       803
       804
       696
      1070
      4100
      4101
       672
       800
       801
       802
       804
       702
       897
       996
      1064
      1065
       672
       800
       801
       802
       803
       697
       703
       989
      1065
      1070
       618
       695
       806
       807
       808
       617
       689
       900
       901
       618
       695
       805
       807
       808
       698
       699
       989
       990
       991
       618
       695
       805
       806
       808
       687
       756
       901
       931
       933
       934
       618
       695
       805
       806
       807
       826
       934
       991
      1002
      1004
       564
       810
       811
       812
       813
       563
       584
       768
       937
       998
       999
       564
       809
       811
       812
       813
       561
       565
       778
      1009
      1010
       564
       809
       810
       812
       813
       824
       838
      1008
      1011
      1012
       564
       809
       810
       811
       813
       759
       822
       935
       999
      1007
      1008
       564
       809
       810
       811
       812
       781
       840
       988
      1010
      1011
       536
       597
       815
       816
       817
       818
       535
       668
       926
       979
       980
       981
       536
       597
       814
       816
       817
       818
       537
       599
      4224
      4225
       536
       597
       814
       815
       817
       818
       598
       746
       902
       912
       913
       536
       597
       814
       815
       816
       818
       858
       916
       928
       976
       981
       536
       597
       814
       815
       816
       817
       744
       856
       913
       915
       916
       820
       821
       822
       823
       824
       850
       946
      1043
      1059
      1066
       819
       821
       822
       823
       824
       715
       945
       995
      1006
      1066
      1067
       819
       820
       822
       823
       824
       837
       849
      1012
      1043
      1044
       819
       820
       821
       823
       824
       759
       812
       935
       999
      1007
      1008
       819
       820
       821
       822
       824
       716
       761
       994
      1006
      1007
       819
       820
       821
       822
       823
       811
       838
      1008
      1011
      1012
       826
       827
       828
       829
       830
       758
       933
      1003
      1004
      1005
       825
       827
       828
       829
       830
       808
       934
       991
      1002
      1004
       825
       826
       828
       829
       830
       844
      1005
      1022
      1054
      1055
       825
       826
       827
       829
       830
       737
       846
      1028
      1055
      1056
       825
       826
       827
       828
       830
       738
       943
      1001
      1056
      1057
       825
       826
       827
       828
       829
       700
       990
      1000
      1001
      1002
       832
       833
       834
       835
       836
       712
       940
       982
       983
       984
       831
       833
       834
       835
       836
       792
       941
       958
       983
       985
       831
       832
       834
       835
       836
       969
       984
      1035
      1036
      1037
       831
       832
       833
       835
       836
       693
       722
       884
       956
       957
       958
       831
       832
       833
       834
       836
       705
       955
       971
      1035
      1042
       831
       832
       833
       834
       835
       708
       723
       920
       955
       956
       838
       839
       840
       841
       842
       821
       849
      1012
      1043
      1044
       837
       839
       840
       841
       842
       811
       824
      1008
      1011
      1012
       837
       838
       840
       841
       842
       852
       862
      1033
      1044
      1047
       837
       838
       839
       841
       842
       781
       813
       988
      1010
      1011
       837
       838
       839
       840
       842
       743
       866
       987
      1046
      1047
       837
       838
       839
       840
       841
       742
       782
       925
       987
       988
       844
       845
       846
       847
       848
       711
       982
      1021
      1037
      1053
      1054
       843
       845
       846
       847
       848
       827
      1005
      1022
      1054
      1055
       843
       844
       846
       847
       848
       874
       967
      1036
      1052
      1053
       843
       844
       845
       847
       848
       737
       828
      1028
      1055
      1056
       843
       844
       845
       846
       848
       728
       877
      1027
      1051
      1052
       843
       844
       845
       846
       847
       727
       736
      1026
      1027
      1028
       850
       851
       852
       853
       854
       821
       837
      1012
      1043
      1044
       849
       851
       852
       853
       854
       819
       946
      1043
      1059
      1066
       849
       850
       852
       853
       854
       861
       966
      1029
      1033
      1034
       849
       850
       851
       853
       854
       839
       862
      1033
      1044
      1047
       849
       850
       851
       852
       854
       725
       965
      1034
      1058
      1060
       849
       850
       851
       852
       853
       726
       734
       942
      1026
      1058
      1059
       856
       857
       858
       859
       860
       664
       745
       905
       915
       917
       918
       855
       857
       858
       859
       860
       744
       818
       913
       915
       916
       855
       856
       858
       859
       860
       771
       918
       938
       951
       953
       855
       856
       857
       859
       860
       817
       916
       928
       976
       981
       855
       856
       857
       858
       860
       929
       952
       976
       977
       978
       855
       856
       857
       858
       859
       763
       936
       950
       951
       952
       862
       863
       864
       865
       866
       851
       966
      1029
      1033
      1034
       861
       863
       864
       865
       866
       839
       852
      1033
      1044
      1047
       861
       862
       864
       865
       866
       868
       962
      1015
      1029
      1030
       861
       862
       863
       865
       866
       733
       947
      1013
      1014
      1015
       861
       862
       863
       864
       866
       741
       949
      1014
      1045
      1046
       861
       862
       863
       864
       865
       743
       841
       987
      1046
      1047
       868
       869
