 0.31859384E-16
 0.36834191E-16
 0.89368325E-16
 0.46719952E-16
 0.26419040E-16
-0.96078053E-17
 0.88974046E-16
-0.12813540E-17
 0.21600262E-16
 0.10175337E-15
 0.85447663E-16
-0.40975871E-16
-0.57015264E-16
-0.58202040E-16
-0.15914104E-16
 0.60172339E-16
-0.12201166E-16
-0.31828985E-16
-0.25236291E-16
-0.47726174E-16
-0.87827618E-16
 0.10638318E-21
 0.62987522E-22
 0.64701034E-22
-0.45843883E-21
-0.78711405E-22
-0.43684425E-21
-0.27684701E-22
 0.19137640E-21
 0.43659942E-16
 0.58593375E-16
-0.13303267E-15
 0.27956975E-16
 0.17533136E-15
-0.10852973E-16
 0.34648290E-16
-0.30819231E-16
 0.19956638E-16
-0.22855817E-17
 0.11986556E-15
-0.82476132E-16
-0.30132015E-16
 0.29121962E-16
 0.42812056E-16
 0.65954424E-16
 0.62092036E-16
 0.21729859E-16
-0.47506288E-16
-0.27322435E-17
-0.50797509E-16
-0.54632695E-16
 0.13830654E-16
-0.24354936E-16
-0.21696581E-16
-0.53800946E-16
-0.24935510E-16
 0.32011091E-17
-0.46868123E-16
 0.67871604E-16
 0.27928374E-17
-0.14493755E-21
 0.30069919E-16
 0.30748769E-18
-0.25864623E-16
 0.56997914E-22
 0.79099146E-22
-0.23923614E-22
 0.78186112E-21
 0.67322779E-21
-0.13050175E-21
-0.16587556E-21
 0.89860422E-16
-0.50086849E-16
-0.20819723E-16
 0.79135738E-16
 0.33418741E-16
 0.19094811E-16
 0.83204558E-17
-0.12469122E-15
-0.61178419E-16
 0.43594294E-16
 0.26777195E-16
 0.10373104E-16
 0.73037416E-16
-0.48396428E-16
 0.30687305E-17
 0.71344328E-22
-0.12731075E-21
 0.19092363E-21
 0.61117948E-22
 0.12737289E-21
 0.12594061E-21
-0.10443155E-21
-0.15717236E-21
-0.10118745E-21
 0.91238978E-22
 0.56933291E-22
 0.53215911E-21
 0.14174515E-21
-0.38160709E-21
-0.49049225E-22
 0.45468397E-22
-0.12924697E-24
 0.62115004E-21
 0.52448421E-22
 0.11009762E-21
-0.66432943E-23
 0.10275993E-21
 0.72210283E-22
 0.64881787E-21
 0.10414721E-21
-0.59962549E-21
 0.55059210E-23
-0.56322517E-21
-0.17206649E-21
-0.31780117E-21
-0.41565826E-22
-0.62732652E-21
-0.10223435E-21
 0.26752241E-21
-0.81852107E-22
 0.55628094E-21
 0.76578080E-16
 0.74070473E-17
-0.62419646E-16
 0.97740530E-16
-0.60681095E-16
 0.44049485E-16
-0.11448697E-21
-0.63712671E-16
-0.80101904E-16
 0.18217361E-21
 0.17015363E-17
 0.16457032E-21
-0.52452200E-21
-0.16535857E-21
 0.15305571E-16
 0.28552453E-16
-0.23647647E-17
 0.56741127E-16
-0.12456745E-16
-0.89033768E-16
 0.10358468E-16
-0.23071069E-16
 0.24692491E-16
-0.52984414E-16
 0.19411677E-16
-0.99060119E-16
 0.89209326E-16
-0.76044859E-16
 0.33879264E-16
-0.27948656E-16
-0.59135938E-17
-0.50088995E-16
 0.16854597E-16
 0.62877658E-16
 0.40327378E-16
-0.26992184E-16
 0.63076141E-16
-0.95050989E-17
 0.16446810E-16
-0.31668948E-16
-0.68013295E-16
-0.55634289E-16
-0.77446156E-17
-0.91105384E-16
 0.17642212E-22
-0.26353457E-22
-0.34085464E-22
-0.46884856E-17
-0.16664412E-16
 0.44528951E-16
 0.42746063E-18
-0.86670948E-17
 0.37465116E-16
 0.75110687E-16
 0.24680789E-16
-0.44575068E-21
 0.36847614E-21
-0.77569098E-16
 0.63910601E-16
-0.49978288E-16
 0.35941466E-16
 0.40079486E-22
-0.36895641E-21
-0.52307994E-21
-0.12725433E-15
 0.15915472E-21
 0.41517745E-16
-0.14787875E-15
 0.20692166E-16
 0.85082559E-16
 0.99516617E-16
 0.26614334E-16
-0.15158529E-15
 0.13541205E-16
 0.72613448E-17
 0.53926465E-16
 0.18075999E-16
 0.46501366E-16
 0.21829813E-21
 0.33876923E-21
-0.77560866E-22
 0.18210898E-21
-0.82201073E-23
 0.38280865E-21
 0.21914401E-21
 0.34544118E-21
-0.55163900E-21
-0.36535816E-21
-0.21667096E-21
-0.20125046E-21
-0.56362549E-21
-0.86580178E-21
 0.41749356E-21
 0.58533598E-21
-0.14646251E-22
 0.35610125E-21
-0.20689855E-21
-0.29455385E-22
-0.32930343E-21
 0.24140749E-21
 0.33911337E-21
 0.20273680E-21
 0.33605398E-21
 0.34950966E-21
-0.56920811E-21
 0.15561335E-22
-0.23266965E-21
-0.48932903E-22
-0.40967693E-22
-0.79473962E-22
 0.18251518E-21
 0.17129101E-21
 0.55853464E-21
-0.39032585E-22
-0.38118817E-21
-0.12288802E-21
-0.46318372E-22
-0.20853999E-21
-0.21065807E-21
-0.13037142E-21
-0.36260490E-22
 0.21062086E-21
 0.84494691E-21
-0.18013150E-21
 0.94446847E-21
-0.19498198E-21
 0.13184417E-20
 0.23407919E-21
-0.21290100E-21
 0.44616054E-22
-0.62365187E-21
 0.47679207E-22
-0.12308053E-21
-0.21743218E-21
 0.88675124E-22
-0.18126077E-15
-0.91231174E-16
 0.18958763E-16
 0.13037897E-16
 0.76925803E-16
 0.19765878E-16
-0.60286460E-16
-0.57644149E-22
 0.50535747E-21
-0.68789812E-21
-0.33443946E-21
 0.11964029E-15
-0.58385375E-17
 0.57545783E-16
-0.17601663E-16
-0.13815209E-21
 0.87976141E-22
-0.95565210E-22
-0.58356198E-21
-0.76540056E-22
 0.86101583E-22
 0.88135777E-17
-0.43462555E-16
-0.15953627E-16
 0.37908274E-16
-0.67492768E-22
 0.31873567E-22
-0.91002792E-22
 0.15186519E-21
 0.14553209E-22
 0.73278736E-22
-0.30472085E-21
 0.40525189E-21
-0.59113692E-16
-0.72934522E-16
 0.33974368E-16
-0.44299897E-16
 0.44254872E-16
 0.34139011E-16
 0.91937459E-16
 0.37439522E-21
 0.28049641E-22
 0.67834018E-21
 0.83808164E-16
-0.25597459E-16
-0.18889972E-18
-0.29105648E-16
-0.64502141E-16
 0.52564743E-22
 0.10026247E-21
 0.74562095E-21
-0.75409163E-21
 0.47676824E-21
 0.13018085E-21
-0.20021648E-21
-0.47567865E-21
 0.11811811E-21
-0.74536728E-22
-0.94132944E-22
-0.73951148E-21
 0.10571110E-21
 0.26787924E-16
 0.26086574E-16
-0.23755593E-22
-0.49289625E-21
 0.17670646E-21
-0.21324458E-21
 0.83249877E-21
 0.73504333E-21
-0.37662567E-22
 0.23689677E-21
-0.10908444E-22
 0.83069315E-23
 0.71062239E-23
-0.43335501E-16
 0.29810784E-16
-0.16699509E-15
-0.41885508E-16
 0.28057872E-16
 0.64823679E-22
 0.24025719E-21
 0.17717175E-21
-0.40867892E-22
 0.14770344E-21
-0.98731761E-22
 0.13737661E-21
-0.57555248E-21
-0.24394694E-21
 0.28884264E-21
 0.80416890E-22
-0.42344866E-21
-0.15491740E-21
-0.65360413E-22
-0.10097182E-20
-0.30751732E-21
 0.38592656E-16
 0.27141864E-23
-0.53834190E-22
-0.53476610E-21
-0.41155455E-21
 0.18947050E-21
 0.34747601E-21
 0.95817704E-22
-0.17245423E-21
-0.12428389E-21
 0.78918200E-22
-0.57421208E-21
 0.64235744E-22
-0.38999262E-21
-0.12033714E-15
 0.55192942E-16
-0.10428342E-15
-0.73267212E-16
 0.90136854E-16
 0.96942570E-17
-0.74627201E-22
-0.31479563E-16
 0.30326138E-16
-0.13588205E-15
 0.14006494E-21
 0.64881897E-21
-0.73800020E-22
-0.22063750E-21
-0.21575197E-21
 0.27339612E-21
 0.89361356E-22
 0.60862399E-22
-0.14802114E-21
 0.56660950E-21
 0.27156081E-21
-0.71072909E-22
 0.26751221E-21
 0.42288055E-21
 0.15845679E-22
 0.37080956E-22
 0.43725543E-21
 0.26896295E-22
-0.33733459E-22
-0.46999368E-21
-0.10338465E-21
-0.11402613E-16
-0.86316840E-16
 0.20376216E-17
 0.10941155E-21
-0.85935718E-21
 0.41014629E-21
 0.38192480E-22
 0.37326525E-22
-0.14801363E-21
-0.12240981E-21
 0.28466079E-21
-0.45120117E-22
-0.22588493E-21
-0.19768268E-16
 0.19992288E-16
-0.81716331E-16
 0.68861631E-16
 0.12734309E-17
 0.23204672E-16
-0.59647825E-16
-0.67455322E-16
-0.56960499E-16
-0.63929093E-16
-0.35293778E-17
 0.25984792E-16
-0.44068565E-16
-0.49300441E-16
 0.52249284E-16
 0.74949532E-18
 0.32610062E-16
-0.12130268E-15
 0.10631873E-15
 0.18554693E-16
-0.12978644E-16
-0.34100320E-16
-0.24808301E-16
 0.35143433E-16
 0.44128999E-16
-0.79733196E-16
-0.93704514E-16
-0.17457715E-16
-0.14097508E-16
 0.17067523E-16
 0.42697018E-16
 0.31649046E-16
 0.41695478E-16
 0.99616275E-17
 0.29663431E-17
 0.19042126E-16
-0.20168223E-16
-0.22505129E-16
-0.11557421E-17
-0.30531438E-16
 0.38837517E-16
 0.99265393E-17
 0.55741713E-16
-0.33327289E-16
 0.51232721E-16
 0.70076274E-16
-0.92676240E-16
-0.49034199E-16
 0.69339392E-16
 0.12625898E-16
 0.13409731E-17
 0.49849756E-16
 0.11876083E-16
 0.39311400E-16
-0.19704993E-21
 0.89669568E-17
-0.40174123E-16
-0.12199594E-16
-0.21225312E-16
-0.12146630E-21
-0.13900077E-16
 0.80555248E-17
 0.71490552E-16
-0.16429975E-16
 0.25974011E-16
-0.66959580E-16
-0.53129532E-16
-0.71645475E-16
-0.87080953E-17
 0.17030536E-16
 0.32533221E-16
-0.79231643E-16
 0.39771342E-16
-0.18661002E-16
-0.49656344E-16
 0.82574058E-16
 0.54891258E-16
-0.45629765E-16
-0.39109259E-16
 0.86894871E-16
 0.43460051E-16
-0.35968868E-16
 0.20394411E-17
-0.31592902E-17
-0.82792145E-16
 0.60340200E-16
 0.26808278E-16
-0.47903962E-16
 0.14533846E-16
 0.31478184E-16
 0.60221383E-16
 0.12218068E-16
-0.80053288E-16
-0.94146595E-17
 0.25489057E-16
-0.10612692E-15
-0.24037600E-16
-0.22875478E-16
-0.86281705E-16
-0.10475868E-16
 0.19203664E-17
-0.39552283E-16
-0.97469133E-17
-0.91308335E-16
-0.52671512E-16
 0.50012922E-16
-0.96041914E-17
 0.19559114E-16
 0.22374498E-16
-0.30705203E-21
-0.94114065E-18
 0.43080058E-16
-0.20943989E-16
 0.63070704E-16
-0.16245052E-21
-0.27129752E-16
 0.58228430E-16
 0.28263501E-16
 0.52174714E-18
-0.55072134E-22
-0.10018539E-15
 0.14197531E-15
-0.81403348E-16
 0.95772562E-16
 0.35120279E-21
 0.12917817E-16
-0.15082823E-16
 0.58441218E-16
-0.59096362E-16
 0.32761522E-21
-0.55235683E-16
 0.17119473E-16
 0.72816210E-16
-0.58393364E-17
 0.25175663E-16
-0.26323326E-16
 0.65623191E-16
 0.12505951E-15
 0.12390681E-16
 0.30622832E-16
 0.85155676E-16
-0.53551187E-16
 0.10147630E-15
-0.88051340E-17
-0.30309204E-16
-0.50385665E-16
 0.51001179E-16
-0.33788276E-16
-0.63883500E-18
 0.29923147E-16
-0.66278628E-16
 0.42866451E-16
-0.29172485E-16
 0.34867701E-17
 0.13255873E-16
-0.18516815E-16
 0.40091995E-16
 0.18370462E-16
-0.32652462E-16
-0.11591336E-16
-0.60435191E-16
 0.36804417E-16
 0.54496601E-16
 0.44017973E-16
-0.22570839E-16
-0.24626841E-16
 0.90527414E-16
-0.56468650E-16
 0.91592603E-16
 0.18278739E-16
-0.64507390E-16
-0.16749712E-16
-0.19989713E-16
-0.56009474E-16
 0.72852106E-16
 0.30182894E-16
-0.96602473E-17
 0.14021010E-16
 0.88912451E-16
-0.22298529E-16
 0.57198541E-16
-0.10214495E-16
-0.33215691E-17
-0.75543962E-16
-0.12284869E-16
 0.28827861E-16
-0.82975782E-16
-0.67700037E-17
-0.21809502E-16
 0.52522490E-16
 0.23864629E-16
 0.47101294E-16
-0.39530947E-16
-0.57922205E-16
 0.32680908E-16
 0.92581600E-16
-0.28101688E-16
 0.66536546E-16
-0.21990581E-16
-0.48790475E-16
 0.24017189E-16
-0.26793624E-16
 0.39774527E-16
-0.37547435E-16
-0.34121271E-16
 0.51740727E-16
-0.72078043E-16
-0.40670514E-16
-0.33132005E-16
 0.25319286E-16
-0.19009277E-16
 0.58615680E-16
-0.62154516E-16
 0.39064532E-16
-0.28116742E-16
-0.26896072E-16
-0.39303451E-16
 0.13915884E-16
-0.35013950E-16
 0.37293363E-16
 0.14339051E-17
 0.96966783E-17
 0.47664191E-17
-0.80570891E-16
-0.40867761E-16
 0.35830840E-16
-0.36337786E-21
-0.12906402E-16
 0.89375687E-17
-0.72200065E-16
 0.24094446E-16
 0.36987697E-17
 0.17898582E-16
 0.13019047E-21
-0.31036045E-16
-0.32788643E-17
-0.33695870E-16
 0.48411566E-16
 0.34839054E-16
-0.45926850E-16
 0.33411010E-16
-0.16776333E-16
 0.14886780E-16
 0.22125063E-16
-0.60732122E-16
-0.10834598E-16
 0.95739691E-16
 0.10184248E-18
 0.52079395E-16
 0.46714253E-16
-0.42295972E-16
 0.31959069E-16
 0.20668002E-17
-0.18043055E-17
-0.56812951E-17
-0.46758448E-16
-0.26180718E-16
-0.13875971E-15
 0.11698150E-15
 0.14143702E-16
 0.38400413E-16
 0.15531809E-15
-0.15434984E-15
 0.49455877E-16
-0.13334685E-15
-0.53615832E-16
 0.51977536E-16
 0.27539330E-16
-0.53822256E-16
 0.55451745E-16
-0.41514804E-16
 0.77375097E-16
 0.35621899E-16
-0.57641670E-16
 0.37981184E-16
-0.49980228E-16
-0.27275688E-16
 0.28970833E-16
 0.13049333E-15
-0.98800481E-16
 0.27361096E-16
-0.24920714E-16
 0.44299201E-16
-0.13612025E-16
-0.65161953E-16
-0.71059604E-16
 0.25601391E-16
 0.33337355E-17
-0.54083895E-16
 0.47912738E-16
 0.60889677E-16
-0.69450390E-16
 0.69073962E-17
-0.10502303E-15
-0.71637866E-17
 0.72487320E-17
 0.74541703E-16
 0.15233515E-16
-0.56782846E-16
-0.67176716E-16
 0.97042577E-17
-0.11707497E-15
-0.21535683E-17
 0.20672871E-16
-0.25835835E-16
 0.36315835E-18
-0.31678106E-16
 0.69693941E-16
 0.18771824E-16
-0.63386726E-16
-0.37168457E-16
-0.37718500E-16
-0.10218683E-15
-0.70320576E-16
 0.50718767E-16
 0.16314957E-16
-0.96852809E-17
 0.35438086E-16
-0.75781371E-17
 0.60501135E-16
-0.70702005E-17
 0.92513440E-16
 0.42610097E-16
 0.38206550E-16
-0.62044950E-17
-0.61080951E-16
 0.63460296E-17
 0.73654841E-16
-0.65256690E-16
-0.68299823E-16
 0.68502193E-16
 0.84006904E-17
 0.12260602E-17
 0.25993086E-18
 0.69186724E-17
 0.22021388E-16
-0.20375713E-17
 0.37155645E-16
 0.62096173E-16
 0.91701914E-17
-0.16801378E-17
 0.75777759E-16
 0.23463051E-16
 0.86704918E-16
-0.60483909E-16
 0.53297860E-16
 0.50028829E-16
 0.13169175E-15
 0.29108303E-16
 0.60114400E-16
 0.62745728E-16
 0.17471791E-16
 0.42846794E-16
-0.21755275E-16
-0.64456985E-16
 0.65220104E-16
-0.81684085E-23
-0.93937023E-16
-0.13374093E-16
 0.14272570E-16
-0.45397979E-16
-0.20222619E-16
-0.15373633E-15
-0.15825796E-16
-0.10194596E-15
 0.20347928E-16
-0.41952532E-16
 0.64453193E-16
-0.98191684E-17
 0.13434007E-15
-0.37348488E-16
-0.10054266E-15
 0.20771552E-16
 0.53431756E-16
-0.39849924E-16
 0.46925345E-16
 0.14581545E-15
-0.53090506E-16
 0.27439898E-17
-0.50928773E-16
-0.20602368E-16
-0.84406092E-16
-0.13046661E-16
-0.12168068E-15
-0.17653147E-16
 0.33704646E-17
-0.52817446E-16
-0.17541134E-16
 0.17295083E-16
-0.46346672E-16
-0.42031172E-16
 0.20326308E-16
 0.11302516E-16
-0.36789599E-16
 0.57034009E-16
-0.25398498E-16
 0.30469892E-16
 0.15945334E-15
 0.44122394E-16
-0.21831665E-16
-0.73460147E-16
 0.28773737E-16
-0.33730631E-17
 0.72272840E-16
 0.93121252E-16
-0.44444058E-16
 0.34233954E-17
 0.35422689E-16
 0.13386096E-16
 0.32609350E-16
 0.33379844E-16
-0.41390947E-17
 0.60999124E-16
 0.45046532E-16
 0.69990812E-16
 0.10267391E-15
 0.35832782E-16
 0.40162204E-21
-0.18097441E-16
 0.13324283E-17
 0.51017159E-16
 0.87548211E-16
 0.45556784E-16
 0.13700742E-15
-0.37954394E-16
-0.80656111E-17
 0.10729000E-16
 0.21591687E-16
-0.68153469E-16
 0.42275097E-16
 0.23028587E-17
 0.15640672E-16
-0.11159024E-15
-0.47583947E-16
 0.19725261E-17
 0.12654811E-15
 0.50458657E-16
 0.22241268E-16
 0.82452703E-16
 0.84103057E-16
-0.48383890E-16
-0.34435862E-16
 0.83221865E-16
-0.52269940E-16
 0.14055307E-16
-0.15757374E-15
 0.15754231E-16
 0.21389902E-16
-0.15073212E-16
 0.72444165E-16
 0.39762295E-16
 0.17208926E-16
 0.21025023E-16
 0.21039640E-15
 0.41801574E-16
-0.65651803E-16
 0.28541831E-16
 0.99616759E-16
 0.10998909E-15
 0.69507388E-16
 0.34402821E-16
-0.28780897E-16
 0.92318835E-16
-0.92012248E-16
-0.49766968E-16
 0.67447206E-16
 0.92369912E-16
-0.20679515E-21
-0.27284769E-16
 0.57718996E-16
-0.29777729E-16
-0.38224631E-16
-0.11136992E-15
-0.29614090E-16
-0.21782320E-16
-0.16896006E-16
-0.13797776E-16
-0.33197929E-16
-0.12207221E-16
 0.19833201E-16
-0.73304308E-16
 0.69116508E-16
 0.78912589E-16
 0.33757198E-16
 0.32092875E-16
-0.84260364E-17
-0.61113609E-16
 0.62625464E-16
 0.66945103E-16
 0.47399047E-16
-0.42450980E-16
 0.18964408E-21
-0.83837061E-16
-0.62856558E-16
 0.13958464E-16
-0.23141597E-16
-0.51294196E-17
-0.62191808E-16
-0.62367346E-16
-0.65182870E-16
-0.40014627E-16
-0.58064760E-16
 0.10233660E-15
 0.59532589E-16
-0.13273279E-15
-0.13081421E-16
-0.89070511E-16
-0.15104184E-16
-0.35865203E-16
-0.80936628E-17
 0.84109210E-16
-0.13714900E-16
-0.66969841E-17
-0.19929795E-16
-0.22907049E-16
-0.50912771E-16
 0.21171110E-16
 0.28248511E-16
-0.73772777E-16
-0.74410737E-16
 0.10203662E-15
-0.11541887E-15
-0.76546916E-22
 0.30479328E-21
 0.34558110E-21
 0.19814875E-21
 0.54086671E-21
 0.47259465E-21
-0.41985285E-21
 0.22220132E-21
-0.32921217E-21
-0.44600572E-21
-0.87659218E-21
-0.64122693E-21
 0.10163313E-20
-0.53637633E-21
-0.40226404E-16
-0.61485978E-16
 0.25703693E-16
-0.43631383E-17
 0.33090361E-17
-0.85480849E-17
-0.87633620E-16
-0.16539284E-17
-0.12931246E-15
-0.28433504E-16
-0.14955360E-16
 0.73651112E-16
-0.46558508E-16
-0.66500863E-17
 0.16966680E-16
-0.11571758E-16
 0.48899609E-17
-0.13175329E-16
-0.79495877E-16
-0.53960406E-16
-0.13772960E-15
 0.20823057E-16
-0.32766778E-16
-0.82900716E-16
 0.55223239E-16
 0.59824729E-17
-0.96216437E-18
-0.17175753E-15
 0.64947435E-16
 0.54949452E-17
-0.52688428E-16
-0.46047294E-16
-0.33084837E-16
 0.34575191E-16
 0.32475253E-16
 0.14632680E-16
 0.39294528E-16
 0.81336912E-16
 0.69519849E-16
 0.77186748E-16
 0.39574165E-16
-0.41408508E-16
-0.70722943E-16
 0.94199087E-16
-0.46128493E-16
-0.13117145E-16
-0.70688823E-16
 0.44388149E-16
 0.39280330E-17
 0.37433667E-16
-0.10306506E-16
-0.43868026E-16
-0.19403896E-16
-0.13838028E-16
-0.33256872E-16
 0.68526221E-16
-0.72649993E-16
 0.12941958E-16
 0.80403803E-16
-0.60364686E-16
 0.23868437E-16
 0.72480413E-17
 0.60979585E-16
-0.36331126E-16
 0.26755310E-16
 0.25366418E-16
-0.89020576E-16
-0.23742806E-16
 0.27937250E-16
 0.91024674E-16
 0.65156669E-16
 0.56171397E-16
 0.87124458E-16
-0.14362961E-16
-0.29842543E-16
-0.20000630E-16
-0.15017041E-16
 0.61851391E-17
 0.45315576E-17
 0.77186445E-17
-0.57328466E-16
 0.16846631E-16
-0.79192602E-16
 0.17502291E-16
 0.30030808E-16
-0.76787467E-17
-0.11168327E-16
 0.65472541E-16
-0.13902228E-16
-0.38643597E-16
 0.10248647E-15
-0.54371363E-17
-0.94598010E-17
 0.28288089E-16
 0.35601055E-16
-0.29128857E-16
-0.11202792E-15
 0.79295547E-16
-0.93630412E-16
 0.50589361E-16
 0.47664276E-16
 0.64173349E-16
 0.23758137E-17
 0.51801538E-16
 0.75724572E-16
-0.23618884E-16
-0.41617525E-23
 0.68634272E-17
-0.31918979E-16
-0.35369862E-16
-0.37528150E-21
-0.43012570E-16
-0.46400766E-16
-0.30009377E-16
-0.35862622E-16
 0.12887078E-17
-0.60766181E-16
 0.39274412E-16
 0.36404711E-16
-0.45300611E-16
-0.63566860E-16
 0.24576049E-16
-0.65729064E-17
-0.52143135E-16
-0.37020154E-16
-0.70935876E-18
 0.56544034E-16
-0.20222804E-16
-0.14938590E-16
 0.14008030E-16
-0.61359709E-16
 0.15309392E-16
-0.48464863E-16
-0.24513434E-16
 0.29873175E-16
 0.10902643E-15
-0.61637674E-17
-0.10398769E-15
-0.58124473E-16
 0.27450971E-16
-0.52957888E-17
 0.11822220E-21
-0.44080252E-21
-0.30526842E-21
-0.75723352E-21
 0.37342035E-21
 0.59860359E-21
-0.16763332E-22
 0.70998272E-21
-0.76426319E-21
-0.72976995E-21
-0.27940610E-21
-0.18173791E-21
 0.24609916E-21
 0.62988271E-21
 0.60500507E-22
-0.52827238E-22
 0.20330548E-21
 0.17407875E-22
 0.22270546E-21
-0.10505694E-21
-0.20532174E-21
-0.18486099E-21
 0.81089549E-22
 0.98726728E-22
 0.15181349E-21
-0.16535852E-21
-0.16530688E-22
 0.27812241E-22
-0.91687801E-22
 0.34207379E-21
 0.15853433E-21
-0.19517301E-21
-0.16779091E-16
 0.50744408E-18
 0.36746180E-16
-0.51384863E-16
 0.59673326E-22
 0.24872374E-16
 0.52825300E-16
-0.16512396E-16
 0.41581302E-16
 0.14304317E-15
-0.39453272E-16
-0.16538997E-15
 0.13983472E-15
 0.58634183E-16
-0.27849665E-16
-0.39434776E-16
 0.12824871E-16
-0.92353129E-17
-0.91538903E-16
 0.11448163E-15
-0.13578405E-16
-0.11513612E-15
-0.46620481E-17
 0.41253374E-16
 0.26713753E-16
-0.91087536E-16
-0.58509509E-18
 0.70208752E-16
 0.86659049E-16
-0.79977043E-16
 0.22745940E-16
-0.36443690E-16
-0.41558239E-16
 0.36006460E-16
 0.71898143E-16
 0.69750450E-16
 0.63826392E-16
-0.58480653E-21
 0.51777269E-21
-0.27704088E-21
 0.86942532E-16
 0.68579158E-16
-0.57588076E-16
 0.19810179E-16
-0.32157664E-17
-0.67078476E-16
-0.40990117E-16
-0.51373029E-16
-0.11579681E-15
 0.91064863E-17
 0.47341110E-17
-0.39193676E-16
 0.50663382E-16
-0.14067050E-15
-0.73836823E-17
 0.30238830E-16
-0.14419748E-16
 0.85029160E-16
-0.45215368E-16
-0.73888794E-16
 0.32068822E-16
 0.14243496E-16
 0.16527073E-16
-0.25089129E-16
 0.10009239E-15
-0.38991198E-16
 0.72792349E-17
-0.10661401E-16
 0.10092104E-15
 0.36793384E-16
 0.20871335E-17
-0.11073465E-16
-0.40824606E-16
-0.71405583E-16
-0.16632606E-17
 0.22753892E-16
 0.15052688E-16
-0.49092212E-16
-0.41417117E-16
-0.45274686E-16
-0.17422437E-16
 0.17935203E-16
-0.52892427E-16
-0.36618381E-16
 0.26628683E-16
-0.31422726E-16
-0.47850308E-16
-0.27724597E-16
-0.70595509E-16
-0.68796532E-16
-0.23672426E-16
-0.11452161E-15
 0.26631417E-16
 0.21331089E-16
 0.19824193E-16
-0.39078664E-16
 0.40173708E-16
-0.35454650E-17
 0.15397649E-16
-0.62671198E-16
 0.26566535E-16
 0.36348625E-16
 0.80245638E-16
 0.63953679E-16
-0.25159433E-16
-0.69101482E-16
-0.45049302E-16
 0.14189059E-15
 0.53590108E-16
 0.57615767E-16
-0.35456409E-16
 0.95825927E-17
-0.26681323E-16
-0.85028632E-16
-0.28195632E-16
-0.27075622E-16
-0.32881276E-16
 0.43725696E-16
-0.42026822E-16
-0.54322502E-21
 0.17234994E-16
 0.14147590E-16
 0.79335665E-17
 0.27603038E-16
 0.21131766E-16
-0.82599485E-17
 0.47891913E-16
-0.65850049E-16
 0.46876746E-16
 0.19373606E-16
-0.11795190E-16
-0.20563689E-16
 0.28364184E-16
-0.33038111E-21
 0.23471250E-21
 0.15481440E-16
-0.58535733E-16
-0.38327949E-16
 0.63496336E-16
 0.47555882E-16
-0.14486939E-15
 0.96922636E-16
 0.87301939E-16
-0.43558251E-16
-0.10297560E-15
-0.66202637E-16
-0.51184492E-16
 0.22253212E-16
-0.17024628E-16
 0.95339389E-16
-0.26469847E-16
 0.60112766E-22
-0.33476258E-21
 0.11599312E-20
 0.22606588E-21
-0.28951321E-21
 0.41135508E-21
 0.36022423E-21
 0.41591675E-22
-0.30306038E-21
-0.53671097E-21
-0.10320371E-21
-0.40070038E-21
 0.43987914E-21
 0.81516064E-22
 0.46121567E-21
 0.14788438E-21
 0.38933065E-21
-0.33664712E-21
-0.27779051E-21
-0.11876504E-21
 0.40774750E-21
 0.14250771E-21
-0.14978431E-21
-0.13329386E-21
-0.15355833E-21
 0.21440780E-21
-0.48759651E-21
 0.94169343E-22
 0.25261025E-22
-0.12239688E-21
 0.30357195E-21
 0.18456467E-22
 0.25990876E-21
-0.50638963E-22
-0.34110973E-21
-0.14682456E-22
 0.10992637E-21
 0.47188069E-22
 0.29426349E-21
 0.31907200E-21
-0.46550301E-21
 0.11888136E-21
-0.55280367E-21
 0.35485303E-16
 0.70324277E-16
-0.10653201E-16
-0.43471034E-16
 0.50110835E-16
-0.41618224E-16
-0.82791362E-17
 0.69467781E-16
 0.19549900E-16
 0.15618032E-16
 0.27959997E-21
 0.15142412E-15
 0.45980213E-16
-0.27330368E-16
 0.11526430E-16
 0.64811134E-16
 0.15115433E-21
-0.20554630E-16
 0.12410294E-21
 0.62724177E-16
-0.17635749E-21
 0.31180695E-21
-0.71673192E-16
-0.44816432E-16
-0.18760333E-21
-0.93669034E-21
 0.65306209E-21
-0.30308777E-21
-0.71986058E-22
 0.50366801E-21
 0.10259625E-21
 0.26393524E-21
-0.34852360E-21
-0.16329062E-21
-0.58936619E-23
 0.43788615E-21
 0.12880753E-21
-0.23278672E-21
-0.56786753E-21
-0.67014554E-22
 0.28373587E-21
 0.21468923E-21
 0.57009985E-16
 0.47174112E-16
 0.62961680E-16
-0.22018100E-16
-0.52311954E-16
 0.11680379E-15
-0.33329904E-17
-0.78089705E-17
 0.10512949E-21
 0.47816577E-17
-0.24340856E-16
-0.51881412E-16
-0.94695930E-16
 0.27404056E-21
 0.16433353E-21
 0.15849803E-21
 0.16479559E-21
 0.31951784E-21
-0.30921992E-21
 0.38882807E-21
 0.53230559E-21
 0.10617146E-20
 0.12723449E-21
 0.81020484E-21
 0.16425895E-21
 0.29772446E-21
-0.41415513E-21
-0.59888163E-21
 0.64972452E-22
 0.24892967E-22
-0.62593015E-21
 0.18834966E-16
 0.18166954E-21
-0.33577071E-21
-0.60125038E-21
 0.34757215E-21
 0.57685349E-17
-0.13188215E-17
-0.18494794E-17
 0.56920366E-22
 0.76785625E-22
 0.27917666E-16
 0.89264565E-16
-0.31654906E-21
-0.91018145E-21
 0.10291083E-21
-0.44714546E-21
 0.66872383E-22
-0.15669903E-21
-0.12805790E-21
 0.10440570E-21
-0.10734106E-21
-0.64273419E-21
 0.46490135E-21
 0.87629446E-22
-0.99202862E-21
-0.50807798E-21
 0.27763007E-21
 0.41587447E-21
 0.58151120E-21
-0.24572055E-21
-0.59354479E-21
-0.76048000E-21
-0.51554401E-21
 0.85771038E-21
 0.17886488E-21
 0.43764970E-21
-0.28831122E-21
-0.27374508E-22
 0.23712942E-21
 0.87073684E-22
-0.64708063E-21
-0.93824607E-16
 0.27069536E-16
 0.71969039E-16
-0.29065690E-16
 0.51860346E-16
 0.23511991E-16
 0.10661134E-15
 0.83632781E-16
-0.16598410E-17
 0.11629218E-15
-0.19276396E-16
 0.40644570E-17
-0.12636541E-16
 0.90264663E-16
 0.70193222E-16
-0.39214986E-16
-0.26164122E-16
 0.14219435E-16
-0.79117828E-16
-0.22788639E-16
 0.36660167E-16
 0.41525794E-16
 0.56381561E-16
-0.22315242E-16
 0.57537820E-18
-0.16414563E-17
 0.12085464E-15
 0.12758697E-16
 0.90243209E-16
 0.35606783E-16
-0.78545729E-17
 0.97387909E-16
 0.43981854E-16
 0.10042130E-16
-0.57811485E-16
 0.53009874E-16
 0.11923956E-15
 0.83599418E-16
 0.19139768E-15
-0.13920876E-15
 0.77478111E-17
-0.63479836E-16
 0.28325035E-17
-0.17139307E-16
-0.11576315E-15
-0.55635219E-16
-0.26863697E-16
-0.94776449E-16
-0.26981124E-16
-0.31186538E-16
-0.35155756E-16
 0.45452340E-16
-0.24648005E-16
 0.19189904E-16
-0.16132546E-16
-0.72900029E-17
-0.99382509E-17
 0.55574948E-16
 0.27426158E-16
 0.95469310E-16
-0.11672494E-15
-0.46009693E-16
 0.95596719E-17
-0.55123751E-17
-0.16610399E-16
-0.43001760E-21
 0.25384734E-21
-0.22227894E-21
-0.53073885E-21
-0.14237846E-21
-0.93594367E-21
 0.28489910E-21
-0.99430023E-21
 0.15106315E-16
 0.25607721E-16
 0.20120144E-16
 0.21019304E-16
 0.46994199E-22
 0.37146483E-16
-0.15930968E-16
 0.34557233E-16
-0.14648013E-16
-0.22977526E-21
 0.20148261E-16
-0.80147619E-16
-0.63517575E-16
 0.22921371E-16
-0.22936143E-16
-0.23054010E-17
-0.47878163E-16
-0.67001630E-22
 0.71331297E-16
-0.75568213E-16
-0.50371124E-16
 0.57674988E-16
 0.54651698E-16
 0.19672568E-16
-0.54686719E-17
-0.27058482E-16
 0.75940139E-16
 0.43727549E-16
 0.54260465E-17
-0.14795402E-16
-0.97858359E-17
 0.13141119E-16
-0.20031825E-16
 0.27338718E-16
-0.36738925E-16
-0.27954316E-16
-0.83855655E-16
-0.15955011E-16
-0.10616223E-16
 0.36361866E-16
-0.76469038E-16
-0.52121431E-16
 0.12637202E-16
 0.84154014E-16
 0.37837275E-16
 0.30528134E-22
 0.55423414E-21
 0.13958673E-23
 0.94164153E-22
 0.96909379E-22
-0.59164069E-21
-0.11992826E-21
 0.54691258E-22
 0.13716981E-21
-0.20982346E-21
-0.92023843E-23
 0.64457935E-22
 0.25563758E-21
 0.29210449E-21
-0.12275877E-21
 0.21902825E-21
-0.56306443E-21
-0.12432712E-21
-0.21933211E-21
-0.24365417E-21
-0.18832576E-21
 0.54990643E-22
-0.14969384E-21
 0.20120034E-21
-0.53849392E-22
 0.41341259E-22
-0.56532625E-22
 0.24289247E-16
-0.26332308E-16
-0.18101173E-16
 0.84867173E-16
-0.59082739E-16
 0.25716883E-16
-0.60848325E-16
 0.37575442E-16
-0.38166630E-22
-0.18378033E-16
 0.61832529E-16
 0.31735699E-16
-0.30698130E-17
 0.74883570E-16
-0.27869654E-16
-0.79271319E-16
 0.65295701E-16
-0.14645036E-16
-0.11837050E-15
 0.41807203E-16
-0.17422414E-16
 0.22720756E-16
 0.37765889E-16
-0.45130050E-16
-0.26279261E-16
 0.84352370E-16
-0.49332439E-16
 0.14796704E-16
 0.61637067E-16
-0.39235869E-16
-0.17180219E-16
 0.20586585E-16
-0.14245343E-16
-0.39395488E-17
-0.62390098E-21
-0.21400713E-21
 0.90516382E-22
 0.51156750E-18
-0.70452524E-22
 0.36712448E-17
 0.12101343E-16
-0.21401511E-16
 0.27086557E-16
-0.53018400E-21
 0.16079548E-16
 0.61314932E-16
 0.33113657E-16
 0.95237938E-16
 0.26699032E-16
-0.25090400E-17
 0.15715003E-16
 0.87113310E-17
 0.92746334E-21
-0.10986753E-15
 0.29563106E-16
-0.20899072E-16
 0.32534964E-16
 0.12551391E-15
 0.23759471E-21
 0.16039720E-16
 0.46718684E-17
 0.29614696E-16
-0.16368688E-16
-0.14797662E-16
-0.55328014E-16
 0.46432061E-17
-0.72652424E-16
 0.72142339E-16
 0.25713084E-16
 0.30365283E-21
 0.52060680E-22
 0.12147106E-21
-0.87569510E-22
 0.32629713E-21
-0.73498945E-16
 0.11545025E-16
-0.63431976E-16
 0.10040111E-16
 0.12708277E-16
-0.39893370E-21
 0.70841144E-16
-0.15059658E-16
-0.86529630E-16
 0.30984152E-16
 0.78823791E-16
-0.15139907E-16
 0.90110988E-22
 0.24509103E-21
 0.32644157E-21
 0.25254858E-21
-0.13689839E-21
-0.23465267E-21
 0.15614327E-21
-0.23264455E-23
 0.10672690E-22
 0.13674330E-21
-0.15123188E-21
 0.15385795E-21
-0.30731052E-21
-0.17449634E-21
-0.76550976E-22
 0.13744123E-21
-0.33809320E-21
 0.47367722E-21
-0.42347554E-21
 0.34096643E-21
 0.47478284E-21
 0.84385347E-22
 0.66074210E-21
-0.37180476E-21
-0.45441526E-21
-0.13981937E-21
-0.42634007E-21
 0.96922303E-22
 0.91399021E-21
 0.56041487E-22
 0.42440786E-21
 0.25066157E-21
-0.65619179E-22
 0.32789956E-21
 0.23651743E-21
-0.58367932E-22
 0.10812318E-21
 0.23445400E-22
-0.61189622E-21
 0.19127259E-21
 0.77338141E-22
-0.50238298E-22
 0.70882292E-21
 0.11671001E-22
-0.46854025E-21
 0.45880090E-21
 0.45504059E-22
-0.29946523E-22
 0.41460855E-21
 0.74304083E-22
-0.48998004E-21
 0.85432248E-23
 0.13912710E-20
-0.29804351E-21
 0.12033823E-20
-0.31103284E-21
-0.10832688E-20
 0.80611336E-22
-0.66886548E-21
 0.13709226E-21
 0.95838017E-21
-0.25262613E-21
 0.56210524E-21
-0.13225843E-21
 0.28330965E-22
-0.24492301E-22
-0.34464282E-21
 0.32100026E-18
-0.64951519E-17
 0.60825615E-16
 0.22623315E-16
-0.45548447E-16
-0.56239059E-16
-0.14963814E-16
 0.61340759E-16
-0.51757599E-16
-0.23053191E-16
-0.58299465E-16
-0.27627273E-16
 0.37593526E-21
-0.76171606E-21
-0.11863190E-21
 0.12858271E-21
 0.15979014E-21
-0.26494772E-21
 0.18935713E-17
 0.14164977E-16
-0.13019937E-16
-0.55880933E-16
 0.68849035E-16
-0.61573177E-16
 0.43492541E-16
-0.25704638E-21
-0.29665453E-21
 0.42151119E-21
 0.63033681E-21
-0.31032568E-21
-0.44536293E-21
-0.89982859E-22
-0.20471387E-21
-0.21233985E-21
-0.15276992E-21
 0.12445111E-21
-0.76435572E-16
-0.18678512E-16
 0.20378238E-16
-0.23404697E-16
 0.29726735E-16
 0.14535114E-21
 0.98705912E-22
-0.15033161E-21
-0.22451473E-21
 0.46244566E-22
 0.50127505E-21
-0.12098044E-17
-0.36994491E-16
 0.26260827E-16
 0.39458068E-16
 0.42909994E-23
-0.39989013E-22
-0.50002764E-17
-0.38409816E-16
 0.66063038E-17
-0.27102430E-16
-0.28318173E-21
 0.36252264E-21
 0.81156069E-22
 0.80642347E-21
 0.24907610E-21
-0.36698387E-21
 0.59551454E-21
-0.19774787E-23
-0.23033103E-21
 0.18785873E-16
-0.12100948E-17
 0.70517147E-22
 0.38464114E-21
-0.63817721E-22
-0.20573448E-21
 0.95244614E-22
-0.22112980E-21
-0.29844389E-21
 0.36056027E-21
-0.68776464E-21
-0.69358875E-16
-0.71822447E-16
-0.24481961E-21
 0.13519233E-22
-0.49462816E-22
-0.45282996E-21
 0.30155903E-21
 0.81680824E-22
 0.12903718E-21
 0.95013957E-22
 0.11381488E-21
-0.60144416E-16
 0.35444538E-16
 0.48569365E-16
-0.30945527E-16
 0.47214683E-16
 0.35948752E-21
 0.33281095E-22
-0.63146192E-21
-0.21471799E-21
-0.69525398E-16
 0.67446239E-21
-0.72178717E-16
-0.74645116E-21
-0.13337580E-21
 0.22911610E-21
 0.41960029E-21
 0.11761474E-22
-0.20245245E-21
 0.39976088E-22
 0.39111065E-21
 0.50334293E-21
 0.46963418E-21
 0.38139728E-21
-0.12000113E-21
-0.24217049E-21
 0.18096252E-21
-0.33468294E-22
-0.27666507E-21
 0.22488973E-21
 0.15413994E-21
 0.13777727E-22
 0.61418160E-22
 0.49501590E-22
 0.37623793E-21
 0.71964713E-21
-0.23199264E-16
 0.27005160E-16
 0.10721918E-16
 0.50871780E-17
 0.28966933E-16
-0.95474737E-22
-0.67525260E-21
 0.26467195E-21
-0.20189669E-21
-0.22936167E-21
-0.13971598E-22
 0.54115707E-22
-0.94285595E-21
-0.44196292E-22
 0.18094576E-23
 0.26446569E-21
 0.68726691E-21
 0.47442581E-21
-0.28181745E-17
-0.16083893E-15
-0.65005065E-16
 0.49651211E-16
-0.76852834E-21
-0.15005573E-22
-0.29829064E-16
 0.14282427E-16
 0.69375572E-16
 0.97078342E-16
-0.34907636E-16
-0.22042775E-17
-0.27966428E-16
-0.13999786E-15
-0.61093575E-16
-0.53897288E-16
-0.14610078E-21
-0.70120330E-16
-0.97200803E-17
 0.15504542E-17
 0.37692294E-21
-0.28321889E-21
 0.74614276E-22
 0.57752890E-16
-0.35882801E-16
-0.19848457E-21
 0.12889800E-21
-0.83235049E-23
 0.81619462E-22
-0.82064577E-17
 0.14413278E-16
 0.42287199E-16
 0.24165086E-16
-0.44999212E-16
-0.52526017E-16
-0.55989788E-22
 0.45546632E-22
 0.35717011E-16
 0.88813504E-16
 0.10198305E-15
 0.70416416E-16
-0.17782029E-16
 0.26613486E-16
-0.39977121E-16
-0.37167251E-16
-0.12377982E-21
-0.15885879E-16
 0.40806111E-16
 0.10117923E-15
-0.15279577E-21
-0.20886310E-22
 0.79835854E-22
 0.34832059E-22
-0.19732135E-21
-0.32234194E-22
 0.71951789E-22
-0.10296614E-16
-0.79029306E-16
 0.46413935E-16
-0.14775327E-15
-0.17969923E-16
-0.18044765E-16
 0.12127235E-16
 0.58205399E-16
 0.50680342E-16
 0.48770996E-16
 0.62563267E-16
-0.19364867E-16
-0.14198289E-16
 0.25100650E-16
 0.75047334E-16
 0.57592338E-16
-0.29469964E-16
 0.74381123E-17
-0.62015765E-17
-0.93991210E-16
 0.26917784E-16
-0.58603933E-16
-0.62855800E-18
-0.23191089E-16
 0.21488004E-16
 0.36278291E-16
-0.41303871E-16
 0.21423573E-16
 0.54296708E-16
-0.20159780E-16
-0.29278002E-16
 0.10099747E-15
 0.69550711E-16
-0.23281895E-16
 0.59317734E-16
-0.40021963E-16
-0.90018609E-16
-0.10305053E-15
-0.51290809E-16
-0.40221126E-16
-0.28610224E-16
-0.27366226E-16
-0.44267924E-16
-0.79533141E-16
 0.56798426E-16
-0.13398026E-15
 0.69189479E-16
 0.42836418E-16
-0.25231594E-16
 0.41318549E-16
-0.83977813E-17
-0.19650521E-16
 0.45596393E-16
 0.13488960E-15
 0.41557954E-16
-0.52024172E-16
-0.83476264E-16
 0.55567088E-16
 0.85945777E-16
 0.42621453E-16
-0.51878336E-16
-0.81267029E-17
 0.11022368E-15
 0.12965245E-17
 0.98023947E-17
 0.72692791E-16
 0.67043559E-16
-0.15907337E-17
 0.36087538E-16
 0.92612266E-16
 0.91320690E-16
-0.60153525E-17
 0.20914574E-16
 0.40280268E-16
 0.17729392E-16
 0.15473370E-16
-0.73497644E-18
 0.28176180E-16
-0.16174824E-16
 0.30305979E-16
 0.13221065E-15
 0.62177261E-16
 0.99856880E-17
-0.14452569E-16
-0.64996279E-16
 0.81769543E-16
 0.70363073E-16
 0.27680779E-16
-0.17217530E-16
 0.58392557E-16
-0.35533328E-16
-0.44350960E-16
 0.26417615E-16
 0.76793385E-16
 0.81693383E-16
-0.28847192E-16
 0.94200729E-16
 0.73410619E-16
 0.92165717E-17
 0.49130526E-16
 0.78573407E-16
-0.95906563E-16
-0.27096033E-16
 0.80636838E-16
-0.85395246E-16
-0.12036346E-15
 0.14381826E-16
 0.14808425E-15
-0.35341468E-16
 0.27172723E-16
-0.23647312E-16
 0.84424532E-16
-0.13652899E-15
 0.93921821E-16
 0.12777787E-15
 0.23695288E-16
 0.66867520E-16
-0.12829606E-16
-0.20682665E-16
-0.42513341E-16
-0.76428559E-16
-0.14752965E-16
-0.19573881E-16
-0.17030848E-16
 0.33291115E-16
 0.27050661E-16
-0.49259420E-16
 0.33459582E-16
 0.26485621E-16
-0.58374989E-16
 0.67733529E-16
-0.33712182E-16
-0.38578156E-16
-0.31466881E-17
-0.20141262E-16
 0.59629055E-16
 0.10966649E-15
-0.51491662E-18
 0.56009501E-16
 0.10569600E-15
 0.40292567E-16
 0.23151581E-16
-0.54105025E-16
-0.82704351E-16
 0.13554324E-15
 0.12711214E-15
-0.75224885E-16
-0.30838599E-16
-0.24393136E-16
 0.55906027E-16
 0.28609795E-16
 0.58827122E-16
-0.26558789E-16
 0.19822140E-16
-0.27385931E-16
-0.47314801E-16
 0.42690426E-16
 0.13905321E-16
 0.26232892E-16
 0.74994291E-16
 0.45420789E-16
 0.64404286E-16
-0.35685711E-16
-0.10395796E-16
 0.87772919E-16
 0.13142783E-17
 0.31888623E-17
 0.40113886E-16
-0.39516238E-17
-0.51854611E-16
 0.59703601E-16
-0.19457435E-16
-0.10129126E-15
-0.61235501E-16
 0.27736613E-16
-0.28737378E-16
 0.17520743E-16
-0.83549138E-17
 0.58876646E-16
 0.31014063E-16
 0.12138968E-15
-0.83000792E-18
 0.69771320E-16
-0.21512842E-16
-0.14036386E-17
 0.80232637E-16
-0.71821475E-16
-0.43705328E-17
 0.36927007E-16
-0.16611171E-16
-0.45556880E-16
-0.83121170E-16
-0.38966033E-16
-0.94857098E-17
-0.43742104E-16
-0.13126568E-16
 0.14295999E-16
 0.59863521E-16
 0.35648728E-16
 0.58444314E-16
 0.25206308E-16
 0.23187206E-16
 0.27813286E-17
 0.59903561E-16
 0.49976119E-17
-0.34153977E-16
-0.55426032E-16
 0.51045943E-16
 0.93027933E-17
-0.26926257E-16
 0.44364191E-16
-0.79147514E-16
-0.89434294E-16
 0.26108136E-16
 0.31640883E-17
 0.38280302E-16
 0.36462456E-16
 0.49240113E-16
 0.23458395E-16
 0.70107012E-17
-0.17577327E-16
 0.18168002E-16
 0.15024880E-16
 0.20615101E-16
-0.48255235E-17
-0.47658840E-16
-0.24661681E-16
 0.20057624E-17
-0.21645085E-16
 0.49085005E-16
 0.88254805E-16
-0.68611867E-16
-0.91239711E-16
-0.34837459E-16
 0.48140208E-16
 0.23393617E-16
-0.47147773E-16
 0.72516512E-16
 0.61139310E-17
 0.51320874E-16
 0.22014471E-16
 0.49117513E-17
-0.43623732E-16
-0.58579204E-16
-0.27277075E-16
 0.18350982E-16
-0.24395356E-16
 0.22712217E-16
 0.57225851E-16
-0.17743471E-16
 0.25450052E-16
-0.80275161E-16
 0.59453829E-16
-0.14385387E-15
-0.76475212E-16
-0.12442331E-16
 0.86793885E-16
-0.11140603E-17
-0.12984860E-15
-0.56863396E-16
-0.66201069E-16
-0.42564555E-16
-0.10881687E-16
 0.25816046E-16
-0.52368077E-17
-0.76469671E-17
 0.33692261E-16
 0.95540856E-16
-0.61815703E-16
 0.36869315E-16
-0.10347687E-15
 0.91790164E-16
 0.81653522E-16
-0.73862892E-16
 0.13551276E-16
-0.46491258E-16
-0.12320700E-18
 0.36786085E-16
-0.20443864E-17
-0.10449702E-15
 0.61674309E-16
 0.92373735E-16
-0.30667556E-16
-0.74986997E-16
-0.45099017E-16
-0.57591085E-17
-0.43502964E-16
 0.37462987E-16
-0.48230906E-16
 0.73814924E-17
 0.44334324E-16
 0.51178698E-17
-0.66905271E-16
 0.82713719E-17
 0.77314956E-16
 0.47440878E-16
 0.67156633E-16
 0.84906778E-16
 0.66554464E-16
-0.23918722E-16
 0.52447749E-16
 0.14446708E-16
-0.28444192E-16
 0.30110456E-16
 0.24189942E-16
 0.75729683E-16
 0.11289349E-15
-0.39266596E-16
 0.36580872E-16
-0.31059953E-16
-0.27906498E-16
-0.68368960E-16
 0.44003692E-18
 0.91975743E-17
-0.70109101E-16
-0.72225963E-16
-0.86917666E-16
 0.95100624E-16
-0.43600054E-16
 0.13584008E-15
 0.48081941E-16
 0.31395868E-17
 0.94400846E-17
-0.14691601E-15
-0.37108145E-16
-0.50096872E-16
 0.34542454E-16
-0.60235902E-16
 0.17641686E-16
 0.67257225E-16
 0.12572098E-15
 0.79961358E-17
-0.15313919E-16
-0.72000750E-16
-0.37377999E-16
 0.61517303E-16
 0.29146111E-16
-0.10676280E-15
 0.28336136E-16
-0.53417608E-16
 0.54562288E-16
 0.10280770E-15
 0.39817283E-16
 0.12057985E-15
 0.27508212E-16
 0.30519319E-16
-0.18597045E-16
 0.40512663E-16
-0.35458078E-16
-0.15007558E-16
-0.10329434E-17
 0.32394250E-16
 0.18716702E-16
 0.84944226E-16
-0.77638726E-17
 0.56009366E-16
-0.49813282E-16
-0.39462415E-16
-0.12333485E-16
-0.35551469E-16
-0.20484804E-16
 0.71806184E-16
-0.18145986E-16
 0.38174756E-16
 0.70280262E-16
 0.82733733E-16
-0.13306296E-15
-0.19890466E-16
-0.16703627E-16
-0.58602057E-17
 0.39035537E-16
-0.12364899E-15
-0.13292119E-15
-0.12147655E-15
 0.52573302E-16
-0.14771543E-17
 0.37071537E-16
 0.11569554E-17
-0.10771364E-16
-0.71589530E-16
-0.70967062E-16
-0.68764292E-16
-0.27049360E-16
 0.15039360E-16
-0.93542266E-17
 0.49055293E-16
-0.45824966E-16
 0.15162656E-16
 0.28446500E-16
 0.87170344E-17
-0.15440980E-18
-0.55835835E-16
 0.33179315E-16
 0.48699142E-16
-0.53314767E-16
-0.56186773E-16
 0.28705543E-16
-0.32147278E-16
-0.16975602E-15
-0.15159799E-16
 0.35387836E-16
 0.13809521E-16
-0.76111473E-17
 0.23078731E-16
-0.62556227E-16
 0.17575500E-16
 0.21718812E-16
-0.81491766E-17
 0.32298184E-16
-0.10079439E-16
 0.18817228E-16
-0.74824806E-16
 0.66420073E-16
-0.25250672E-16
-0.81731109E-16
 0.15213671E-18
-0.75649247E-16
-0.84961355E-16
-0.43848313E-16
-0.42723557E-16
 0.23697699E-17
-0.85256418E-16
 0.39995091E-16
-0.13979009E-17
-0.20528625E-16
 0.69885438E-16
 0.54080307E-16
 0.12860066E-16
 0.71509505E-16
 0.75800128E-16
-0.91321496E-16
 0.26418812E-16
 0.21858407E-16
 0.50944830E-17
 0.85388228E-17
 0.91576801E-16
-0.67166723E-16
-0.46417601E-17
 0.55121359E-16
 0.60815573E-16
 0.43095337E-17
 0.35639457E-17
-0.41805735E-16
 0.12545266E-16
 0.10659698E-16
 0.13409348E-16
-0.97566445E-17
 0.71610083E-16
 0.77084550E-16
 0.54339349E-16
 0.33537913E-16
 0.26379431E-16
-0.85617111E-17
-0.54609883E-16
 0.19786221E-16
-0.15481455E-15
-0.25170716E-16
-0.13268677E-15
 0.50945295E-16
 0.10502443E-16
 0.10350147E-15
 0.35556945E-16
-0.39476968E-16
-0.45430853E-16
-0.82881967E-17
 0.10823630E-16
 0.10857735E-15
 0.14295753E-16
 0.81227803E-16
-0.37392509E-16
-0.37326279E-16
-0.53352946E-16
-0.58413106E-16
-0.47481487E-16
-0.82055083E-16
-0.72506956E-16
 0.96686161E-16
 0.25404483E-16
 0.16234099E-16
-0.60284830E-16
 0.36834895E-16
-0.20840246E-16
 0.35327023E-16
-0.33187460E-16
 0.79009720E-17
 0.55829729E-16
-0.53310642E-16
-0.77844640E-16
 0.12534756E-16
-0.90870323E-16
 0.25394159E-16
 0.47535621E-17
-0.11598611E-16
 0.22980716E-16
 0.51975114E-16
-0.13414707E-15
 0.69531222E-16
 0.18825690E-16
-0.45936509E-16
-0.69587876E-17
-0.16634294E-15
-0.34255819E-16
-0.18117055E-16
 0.79627628E-16
 0.30138529E-16
 0.89190402E-17
 0.50503318E-16
 0.69482788E-16
 0.56585720E-16
-0.10245882E-15
 0.18694593E-16
 0.45123758E-16
-0.93224157E-17
-0.11759566E-16
 0.60904982E-16
 0.54052876E-16
 0.33271664E-16
-0.22142176E-16
-0.62147216E-16
-0.24716782E-16
 0.26804800E-16
 0.13801109E-16
-0.54350089E-16
 0.85823785E-17
 0.11222591E-16
-0.36303218E-16
-0.88326444E-18
 0.10444649E-16
 0.17162955E-16
-0.65366140E-16
 0.11183469E-15
 0.11592177E-16
-0.95563287E-16
 0.33282749E-18
-0.31308223E-16
 0.64347830E-16
-0.22112330E-16
-0.43805778E-16
 0.31915597E-16
 0.57464505E-16
 0.19242731E-16
 0.25762717E-16
 0.14036823E-16
 0.47839245E-16
-0.40382900E-16
 0.12326961E-16
 0.58834273E-17
 0.78819517E-16
 0.12992120E-15
 0.22111890E-17
-0.16850139E-16
 0.13970091E-16
 0.83912344E-17
 0.85897230E-16
-0.62118476E-16
-0.21431439E-17
 0.62320242E-17
-0.10874232E-16
 0.17559881E-16
-0.73902042E-16
-0.10138683E-17
-0.74671573E-16
-0.20431806E-17
 0.22905166E-16
-0.16526436E-16
 0.11666778E-16
-0.48035760E-17
-0.33159924E-16
 0.86864660E-16
-0.72932676E-16
 0.89475532E-16
 0.52325840E-16
 0.48364669E-16
 0.23608571E-17
 0.34488285E-16
 0.13315651E-16
-0.72984073E-16
-0.73490801E-16
 0.33642527E-16
-0.88583622E-17
-0.12021185E-16
-0.88463860E-17
-0.21174158E-16
-0.37851436E-16
 0.16086748E-16
-0.40302190E-16
-0.31464564E-17
-0.14090992E-16
-0.53428850E-16
 0.26861528E-17
-0.13154537E-16
 0.49145985E-16
-0.76530086E-16
 0.40048890E-16
 0.79173660E-18
-0.47455174E-16
-0.10470264E-15
-0.11699246E-15
 0.13379228E-16
-0.54158730E-17
 0.95584756E-16
-0.62875520E-17
-0.41482894E-16
-0.51397161E-16
-0.80940416E-16
-0.42587372E-16
 0.13214742E-15
-0.65551236E-17
-0.74823242E-16
 0.14918763E-16
-0.35968614E-16
-0.10263171E-16
 0.82367077E-16
-0.23455092E-16
 0.62759376E-17
 0.40173726E-16
 0.37679188E-16
-0.14023737E-15
 0.58305385E-16
-0.88470788E-16
-0.52651551E-16
 0.57469547E-16
-0.62695691E-16
 0.35720005E-16
 0.88115146E-16
-0.58718060E-16
 0.53019420E-16
-0.28940473E-16
-0.34323049E-17
 0.98428385E-16
 0.11721787E-16
-0.64458616E-16
-0.75429121E-16
 0.93336761E-17
-0.78156496E-17
 0.94212621E-17
 0.76070209E-16
 0.11521288E-15
 0.41398493E-16
-0.27550859E-16
-0.17651315E-16
 0.29723414E-17
 0.66886081E-16
 0.35186935E-16
-0.27973995E-16
-0.23130751E-16
 0.20519416E-16
-0.75403569E-16
-0.44350803E-16
-0.59589446E-16
 0.93355446E-16
-0.97552441E-16
 0.93010097E-16
-0.67548135E-16
 0.34790437E-16
 0.45645848E-16
 0.10443625E-17
-0.69723785E-16
-0.13542283E-17
 0.12863091E-16
 0.31950621E-16
 0.88189468E-16
 0.97530260E-18
-0.74263198E-16
-0.44845619E-16
-0.76841476E-16
 0.69318267E-17
 0.84363428E-17
 0.36257842E-16
 0.33149536E-16
-0.22977652E-16
 0.30300658E-16
 0.93197022E-16
 0.78617651E-16
 0.35851910E-16
-0.25721847E-16
 0.72097257E-16
 0.60362518E-16
 0.75639026E-16
-0.32390518E-16
-0.93093229E-16
-0.66254197E-17
-0.23057222E-16
 0.38343484E-16
-0.74722418E-16
-0.15309958E-16
-0.75564059E-16
-0.18807840E-16
-0.52759886E-17
 0.84688589E-16
 0.11609938E-15
 0.36300995E-17
 0.19454232E-16
 0.70946285E-16
-0.25356442E-16
 0.16582419E-16
 0.65719390E-16
 0.66055901E-16
-0.87873907E-16
 0.29951895E-16
 0.36652801E-16
 0.58417233E-16
-0.28708795E-16
 0.38856299E-17
-0.32055014E-16
-0.11535322E-16
 0.10746641E-16
-0.45412303E-16
 0.49446511E-16
-0.95378197E-16
-0.80251411E-16
 0.44755779E-16
 0.15201611E-16
-0.63996115E-16
 0.40312999E-16
 0.37749140E-16
-0.67054444E-16
 0.14081432E-16
 0.49865188E-16
 0.40525620E-16
 0.29919549E-16
-0.63745324E-17
 0.24739893E-16
 0.58440704E-16
-0.32756079E-17
 0.23714954E-16
-0.22123664E-16
 0.59244741E-16
-0.68886761E-16
 0.99126194E-17
-0.52765735E-16
-0.38771957E-16
 0.98471417E-16
 0.58112118E-16
 0.16610883E-16
-0.49332870E-16
 0.22995238E-17
 0.70686539E-16
 0.30434489E-16
 0.28692060E-17
 0.20937125E-16
-0.73493014E-16
-0.34229868E-17
 0.16120619E-16
 0.37440218E-16
-0.20624377E-15
-0.10698864E-15
-0.61664412E-17
-0.11827359E-15
 0.37783448E-16
 0.11834171E-16
 0.29545255E-16
 0.27857283E-16
 0.45877643E-16
 0.36550332E-16
 0.26687697E-16
-0.76420411E-16
-0.73420964E-16
-0.51756046E-16
 0.74683645E-16
 0.19060327E-16
 0.17738752E-16
-0.20489564E-16
 0.17487502E-16
-0.13959972E-15
 0.88803133E-16
-0.19369861E-17
 0.21491477E-16
-0.88822287E-16
-0.53521527E-16
 0.87485397E-17
-0.43071214E-16
-0.14126678E-15
-0.24967787E-16
 0.18466692E-16
-0.13361342E-15
-0.43376077E-16
-0.84535459E-16
-0.86513755E-17
 0.52417769E-16
-0.89526173E-16
-0.62015443E-17
 0.68262791E-18
 0.10708857E-15
-0.20098704E-16
-0.47892036E-16
 0.14929555E-16
-0.15489440E-15
 0.91396667E-16
-0.13525982E-16
-0.10819523E-15
 0.15069813E-16
 0.11354880E-16
-0.11459262E-16
 0.11129738E-15
 0.79543237E-16
 0.95696666E-17
-0.21418851E-16
-0.37380939E-16
 0.46281881E-16
 0.97064264E-16
-0.17601643E-16
 0.11718129E-15
 0.82987237E-16
-0.11282817E-15
-0.50178377E-16
 0.95745545E-16
-0.48618523E-16
-0.30801251E-17
 0.10128931E-15
-0.77848660E-16
-0.79030258E-17
 0.48583242E-16
-0.46036047E-16
-0.85796986E-16
 0.72229912E-16
-0.89734782E-16
 0.30907894E-16
-0.26336059E-16
-0.59951414E-17
-0.24795535E-17
-0.90371341E-17
 0.24224229E-17
 0.63657717E-16
-0.11648143E-15
 0.16998939E-16
 0.71452786E-16
 0.42985698E-16
-0.80871497E-16
-0.87975970E-16
-0.29426888E-16
-0.50625352E-16
 0.15514775E-15
-0.32088359E-16
-0.46761217E-16
-0.89224562E-16
 0.34022440E-16
 0.21849679E-16
 0.62345600E-16
-0.65501944E-16
 0.72655033E-16
 0.45024145E-16
 0.11064670E-17
 0.18250233E-16
 0.45863394E-16
-0.27414834E-16
-0.43959690E-16
 0.58112944E-16
 0.15533161E-16
 0.38091699E-16
-0.22634427E-16
-0.36453916E-16
-0.17666954E-16
 0.15020295E-16
-0.93436470E-16
-0.65533609E-18
-0.98927787E-16
-0.29951870E-16
 0.20791403E-16
 0.20705235E-15
 0.46820986E-16
 0.92086688E-16
 0.36951784E-16
 0.12001745E-15
-0.69070216E-17
 0.24011935E-16
-0.21203473E-16
 0.62002042E-16
-0.16115874E-16
 0.64128587E-16
 0.25800646E-17
 0.22752879E-16
 0.12085384E-17
 0.80498870E-18
-0.83337373E-16
 0.93780739E-16
 0.21479962E-16
 0.50479890E-16
-0.38796649E-16
-0.17839023E-16
-0.91585740E-16
-0.15704166E-16
 0.43846497E-16
 0.10395448E-15
 0.75045526E-16
 0.30084296E-17
-0.25266381E-16
 0.56673010E-17
 0.74105429E-16
 0.65998125E-17
 0.25047116E-17
 0.10960053E-15
-0.54779351E-16
-0.42463981E-16
-0.80931903E-16
-0.56890202E-16
-0.85946116E-16
-0.97995705E-16
-0.11754559E-15
-0.13834444E-15
 0.12879735E-15
 0.28079680E-16
 0.83896479E-16
-0.10405321E-16
 0.88042881E-16
-0.10178037E-16
 0.15989862E-16
-0.32772202E-16
-0.46796290E-16
-0.99718028E-16
 0.67489015E-18
-0.17931415E-16
 0.77014281E-16
-0.11901813E-15
-0.21655546E-16
 0.11264174E-15
 0.10368733E-15
-0.66604420E-17
-0.11602053E-15
 0.31157264E-16
-0.14339976E-15
 0.72927449E-16
-0.25801351E-16
 0.20047305E-17
 0.25920312E-17
-0.73951497E-16
-0.98692407E-16
 0.18814915E-16
-0.48839978E-17
 0.12656314E-15
 0.19115735E-16
-0.18650955E-16
-0.60179014E-16
 0.70331625E-16
 0.13717156E-16
 0.60211499E-16
-0.62985029E-16
-0.59316208E-16
 0.80445649E-16
 0.21050448E-16
 0.62183174E-16
-0.76599515E-16
 0.22024902E-16
 0.54133920E-16
 0.39756558E-16
-0.71979014E-16
 0.30041800E-17
 0.79831852E-16
-0.91775695E-16
 0.49732783E-16
 0.39526607E-16
 0.46427504E-16
-0.15732389E-15
-0.46200894E-17
-0.33178943E-17
-0.36341956E-16
-0.17235086E-15
 0.36140441E-16
-0.48219896E-16
 0.58553671E-16
 0.58818173E-17
-0.28371693E-16
 0.77406571E-16
 0.38978968E-16
 0.17968036E-16
 0.79000520E-16
-0.96472651E-17
 0.67010621E-16
 0.26988864E-17
-0.32995458E-16
 0.50648977E-16
-0.43020286E-16
 0.60232132E-16
 0.10826271E-15
 0.78009905E-16
-0.44946725E-16
-0.61129188E-16
-0.83203241E-16
 0.18866476E-16
-0.94021007E-16
-0.56882788E-16
 0.30298024E-16
-0.83293131E-16
 0.32445228E-16
 0.85770476E-16
 0.42821598E-16
-0.41711363E-16
 0.40293672E-16
-0.37605016E-16
-0.11844269E-16
-0.34832049E-16
 0.53459997E-16
 0.65903527E-18
-0.27176310E-17
 0.51671428E-16
 0.81877553E-17
-0.30241414E-16
 0.26644353E-16
 0.31305397E-16
-0.69020727E-16
 0.30397838E-16
-0.91790793E-16
-0.14534559E-16
 0.22263835E-16
 0.67699513E-16
-0.41632346E-16
 0.12473530E-16
-0.23351296E-16
-0.37919435E-16
-0.55040988E-16
-0.13266182E-15
-0.75625606E-16
 0.38263550E-16
 0.79340152E-16
 0.23305941E-16
 0.12660768E-16
 0.38064465E-16
 0.38205190E-17
 0.61312855E-16
 0.76877485E-16
 0.38042362E-16
-0.49405595E-16
-0.19438579E-18
-0.11743576E-15
 0.23645560E-16
-0.84301065E-16
 0.50596672E-17
-0.54692660E-16
 0.10469267E-15
 0.24743795E-16
-0.66330456E-16
-0.60873676E-16
 0.28434858E-16
 0.43298275E-16
 0.71428810E-17
-0.17409063E-16
-0.27381480E-16
-0.67063599E-16
 0.11576265E-15
 0.13022188E-15
-0.69001856E-16
-0.40755304E-16
 0.40077813E-17
 0.72436082E-16
-0.10562288E-16
 0.51425041E-16
 0.19811601E-16
-0.29340299E-16
 0.40084732E-16
 0.14907772E-16
 0.14611742E-16
-0.10709254E-15
 0.24173459E-16
-0.85505447E-16
-0.38509658E-16
 0.41382007E-16
 0.14145499E-16
-0.73700818E-16
-0.43062907E-16
-0.27478785E-16
 0.54429158E-17
 0.20271327E-16
 0.43081376E-16
 0.33212844E-16
 0.23279170E-16
 0.32125342E-16
-0.50856599E-17
-0.86075124E-16
-0.50047713E-16
-0.80159527E-16
-0.29998620E-16
 0.64943303E-16
 0.22115254E-17
-0.65433117E-16
-0.28615993E-16
 0.36802840E-16
 0.54144032E-16
-0.53150961E-16
-0.44067871E-16
 0.12990361E-17
 0.46910200E-16
-0.46514961E-16
 0.63746173E-16
-0.16926123E-16
 0.37320674E-16
-0.47652066E-21
-0.12154932E-16
-0.44947002E-16
 0.23726656E-16
 0.53305237E-16
 0.75200992E-16
-0.93933393E-16
-0.44267964E-16
 0.14760802E-16
 0.12583485E-16
 0.62336308E-16
-0.11220091E-17
 0.35567208E-16
 0.18998940E-16
 0.35684039E-16
 0.28875386E-16
 0.70531894E-16
-0.23368812E-16
 0.26848600E-16
 0.10944832E-15
-0.97113296E-17
 0.20999894E-16
 0.12306176E-15
 0.32968416E-16
 0.56039904E-16
-0.14725107E-21
 0.51262523E-21
-0.30052506E-21
 0.22527629E-21
-0.18444146E-16
-0.16185117E-16
 0.87188902E-16
-0.12649586E-15
-0.14682456E-22
-0.56232729E-16
-0.28583706E-16
 0.55403588E-17
 0.62156479E-16
 0.13010940E-15
 0.68292610E-16
 0.24454234E-16
 0.58934973E-16
-0.28154272E-16
 0.67688717E-16
-0.77268867E-16
 0.13670836E-16
-0.44955664E-16
 0.16142727E-16
 0.66676341E-16
-0.43482558E-21
 0.11283625E-16
 0.80293234E-17
 0.91824436E-16
 0.18555743E-16
 0.47728404E-16
-0.46309763E-17
-0.50196569E-16
 0.99240870E-16
 0.31109135E-16
-0.64030220E-17
 0.32608214E-16
 0.10812524E-15
-0.54993470E-16
 0.47261469E-16
 0.12391352E-16
 0.95793524E-17
 0.42880011E-16
-0.49799926E-16
 0.49123691E-16
-0.53023125E-16
 0.90348349E-16
-0.63925552E-22
-0.90965818E-22
 0.14263696E-21
-0.23386567E-21
 0.31712037E-21
 0.12535729E-21
-0.17827035E-21
 0.39253775E-21
 0.16471234E-21
-0.12550308E-21
 0.17901998E-21
-0.39978581E-21
-0.76087692E-22
-0.56088898E-22
 0.54619770E-22
 0.47262494E-22
 0.11353054E-21
 0.30713751E-21
-0.29235665E-22
 0.25683384E-21
 0.81593613E-22
 0.66235782E-21
-0.85122055E-22
 0.74620297E-21
-0.81218796E-22
-0.63722250E-21
-0.90925244E-22
-0.75628118E-21
 0.42188537E-16
 0.50539975E-16
-0.34617903E-16
-0.38206423E-16
 0.22469586E-21
 0.82308763E-16
 0.11390244E-15
 0.21533583E-16
 0.35610719E-16
 0.40234049E-16
-0.30576505E-16
-0.47214483E-16
-0.97263506E-16
-0.24295379E-16
-0.14194362E-16
-0.23200012E-16
-0.31688989E-16
 0.18689310E-16
-0.18017227E-16
-0.50996897E-16
 0.83711975E-16
 0.10329585E-15
 0.27240222E-16
-0.20673545E-16
-0.60820253E-16
 0.10282224E-15
-0.49510687E-16
-0.10602450E-16
 0.42011068E-16
-0.36291077E-16
 0.61526425E-16
 0.12930513E-17
-0.29499634E-16
-0.11705082E-21
 0.39881314E-21
-0.54270803E-22
-0.84306148E-16
 0.74680279E-17
 0.48527296E-16
 0.93194298E-16
 0.39838461E-16
 0.29155337E-16
-0.59476935E-16
 0.17191275E-16
-0.45520636E-16
-0.10026941E-15
 0.11857198E-15
 0.78383008E-16
-0.42071025E-17
 0.19922458E-16
-0.64803297E-21
-0.82258842E-21
-0.72866336E-21
-0.59666994E-21
 0.64902511E-22
 0.50619757E-21
-0.22389453E-21
 0.20401602E-16
 0.37011869E-17
-0.18977884E-16
 0.43897407E-16
-0.15589770E-21
-0.44892672E-17
-0.93334684E-17
 0.63165793E-16
-0.75991203E-16
-0.64300368E-22
-0.46316229E-17
-0.10458597E-15
-0.78132384E-16
-0.20951781E-16
 0.29896117E-21
 0.57983033E-16
-0.67939112E-16
-0.21308877E-16
 0.16075935E-16
 0.30248961E-21
-0.30374911E-21
-0.10635733E-21
 0.40752311E-17
 0.48541623E-16
-0.44752960E-16
 0.42406446E-16
 0.53623338E-16
-0.72326605E-21
-0.25670248E-16
 0.55486117E-16
 0.39937314E-22
 0.34935456E-22
-0.71602822E-22
-0.41387357E-23
 0.12975103E-21
-0.26973843E-22
-0.33050877E-21
-0.68475045E-22
 0.17887781E-21
 0.12609689E-21
-0.68764544E-21
-0.39450092E-21
-0.17563371E-21
-0.18818359E-22
 0.48368566E-21
-0.11307817E-21
-0.19658501E-22
-0.18496534E-21
-0.15116256E-21
-0.25160508E-21
 0.20762834E-21
 0.40940270E-21
 0.10247259E-21
 0.16679322E-21
 0.17041446E-21
-0.19434867E-21
 0.26884820E-22
 0.26469780E-22
-0.17451352E-21
-0.25482333E-21
 0.14026117E-21
-0.12209961E-21
 0.77604386E-22
-0.21654037E-21
 0.40062579E-22
 0.35801411E-23
-0.67690347E-22
 0.20967736E-21
 0.19145830E-22
 0.70168180E-22
-0.13017136E-22
 0.33294020E-22
-0.68525885E-22
 0.50664813E-22
 0.56421703E-22
 0.33708902E-21
-0.42422442E-21
-0.29615651E-21
-0.44896055E-22
 0.23018885E-22
 0.79219901E-21
-0.66962856E-22
 0.21246574E-22
 0.70581771E-22
-0.33520038E-21
 0.64959527E-22
 0.86938216E-22
 0.26127275E-21
 0.13146237E-22
 0.10135547E-21
 0.50874802E-22
-0.15275699E-21
 0.20412891E-21
 0.59712100E-23
 0.37488787E-21
 0.15108971E-22
 0.36143370E-21
-0.41384880E-22
 0.22460281E-21
-0.17189847E-23
-0.75269380E-21
 0.33604212E-24
-0.81148941E-21
 0.44899819E-16
 0.19462883E-16
-0.26279787E-21
 0.40298633E-16
 0.49040178E-21
 0.13481902E-16
-0.30193889E-16
-0.18515860E-16
 0.59720607E-16
-0.93350541E-16
-0.14809118E-21
-0.14924148E-21
 0.97299505E-16
 0.14583816E-15
 0.10864638E-15
-0.70782020E-16
 0.17017048E-16
 0.58936619E-23
-0.20931547E-21
 0.90788575E-22
-0.25293632E-22
 0.21664131E-21
 0.13527708E-17
-0.39761538E-21
 0.24181219E-16
-0.40605534E-22
 0.29601974E-22
-0.21561121E-21
 0.10832615E-16
-0.65857106E-16
-0.39990543E-16
 0.36586415E-16
-0.75239597E-16
-0.48104027E-16
-0.23740310E-16
-0.14350291E-21
 0.58159288E-22
 0.30333221E-21
 0.32099612E-21
-0.68862921E-21
-0.39787571E-21
 0.22426934E-21
 0.66924081E-22
 0.75178250E-21
 0.30544947E-21
 0.45688804E-22
 0.53233164E-21
-0.33294020E-22
-0.16494498E-21
-0.23931369E-21
-0.17594390E-21
 0.12587928E-21
 0.79200361E-16
-0.50987391E-16
-0.27590313E-16
 0.82331749E-16
 0.28412004E-16
-0.11916652E-17
-0.43844324E-16
 0.27743476E-16
 0.73399355E-22
-0.31174369E-22
 0.16272867E-21
 0.19802125E-21
-0.12986736E-21
 0.68371648E-23
-0.51610583E-22
-0.50458017E-22
 0.40458148E-21
-0.72344948E-21
-0.86644533E-22
 0.21317075E-16
 0.13861738E-21
 0.41551488E-16
-0.16180524E-22
-0.10765741E-21
-0.38675181E-22
-0.18620369E-21
-0.31069270E-21
-0.10540974E-21
-0.14942242E-21
 0.15936151E-22
 0.26613193E-21
 0.10587057E-21
 0.65666628E-21
 0.72106885E-22
-0.11203097E-16
 0.11668417E-21
-0.72921141E-22
 0.11771358E-21
 0.39860958E-16
 0.27875488E-17
 0.98301496E-16
 0.15261368E-16
 0.54207229E-16
 0.30697448E-21
-0.10056707E-21
-0.98563740E-22
-0.86298202E-22
 0.29527088E-21
-0.80900769E-22
-0.27280787E-21
-0.36154989E-21
-0.84656766E-23
-0.63796305E-22
-0.23088971E-17
-0.68376817E-21
 0.86388645E-22
-0.23713101E-17
 0.13019047E-21
 0.28718677E-22
 0.99559828E-21
 0.15508147E-21
 0.16993392E-21
 0.55215730E-16
-0.51159859E-16
 0.35536455E-21
-0.68619727E-21
 0.47614420E-16
-0.15894003E-16
 0.33985004E-17
 0.29343598E-16
 0.44537214E-21
-0.21542885E-21
 0.54120956E-21
-0.19471056E-21
-0.15650516E-21
-0.97348818E-22
 0.34383572E-21
 0.15469570E-21
-0.16997269E-21
-0.12385879E-21
-0.86220654E-22
 0.76746851E-22
 0.29938768E-21
 0.63176109E-22
-0.12770232E-21
-0.22577316E-21
 0.71463040E-22
-0.13183292E-21
 0.88521250E-22
 0.36187859E-21
-0.19795466E-21
 0.99866182E-22
-0.36233311E-21
-0.65466567E-21
-0.64157824E-21
 0.15012036E-21
-0.78840652E-24
 0.11090683E-21
-0.10352661E-21
-0.14073703E-21
-0.93388112E-16
 0.48668549E-22
-0.12519002E-21
-0.78715091E-22
-0.68835794E-21
-0.10037632E-20
-0.22569309E-21
 0.49468789E-21
 0.69483171E-22
 0.31630779E-21
 0.27206864E-21
 0.20724773E-21
-0.14638512E-21
-0.39806399E-16
 0.50430854E-16
-0.45704363E-16
 0.34820788E-16
 0.40321004E-17
-0.65303460E-16
 0.33858777E-18
-0.98326370E-18
-0.22089022E-16
 0.34570482E-16
 0.61934926E-16
-0.28812111E-16
 0.85732857E-17
 0.22181023E-16
 0.11711886E-15
-0.61078179E-16
-0.22132305E-16
 0.38604004E-16
 0.28449257E-16
 0.34384564E-16
 0.27110888E-16
 0.72022459E-16
 0.37811353E-16
-0.43873876E-16
 0.26335250E-16
 0.27273217E-16
-0.65096632E-16
 0.78833029E-17
-0.16559771E-16
 0.13209646E-16
 0.63182292E-16
 0.25322622E-16
-0.77910489E-16
-0.16881469E-16
-0.22271122E-16
 0.22154493E-16
 0.10196807E-15
-0.49854815E-16
 0.25094474E-16
 0.15488190E-16
 0.23162178E-16
-0.51822321E-16
-0.12941510E-16
 0.52712984E-16
-0.59079732E-16
-0.51799306E-16
-0.15015608E-16
 0.36164318E-16
-0.78144590E-16
 0.34715394E-16
 0.12323636E-15
 0.50366737E-16
-0.14331049E-16
 0.12370630E-16
-0.38963978E-16
 0.88336859E-16
 0.13448402E-15
-0.50638599E-16
 0.75859910E-16
-0.35975874E-16
 0.10921642E-16
 0.37028131E-16
 0.76283756E-16
-0.45236440E-23
 0.12130743E-21
 0.79913402E-22
 0.74329461E-21
-0.54411047E-17
-0.17582558E-16
 0.54107203E-17
-0.29070880E-16
 0.50674077E-16
-0.87840500E-16
 0.15440878E-16
 0.58732653E-16
-0.32482185E-16
-0.47424677E-16
-0.52498553E-16
-0.10447131E-16
-0.91871345E-16
 0.39118367E-16
 0.75611532E-16
-0.15411303E-16
 0.70832260E-16
 0.67636053E-16
-0.13389874E-15
-0.76332986E-16
-0.16458314E-16
-0.21757427E-16
 0.22983282E-17
 0.22947048E-16
 0.11190881E-16
-0.67649645E-16
-0.53857119E-16
 0.35185211E-17
-0.86840277E-16
 0.10096106E-15
 0.24625658E-16
-0.71503136E-16
-0.98795069E-16
-0.11131982E-16
 0.84887972E-16
-0.42339248E-16
 0.67679613E-16
-0.55081110E-16
-0.28344628E-17
 0.57797268E-16
 0.73486661E-17
-0.56112257E-16
 0.32647852E-16
-0.62927335E-17
 0.79389670E-16
-0.10035011E-16
-0.82282220E-17
 0.38237280E-16
 0.89744086E-16
 0.36157747E-16
-0.48958018E-16
-0.69873034E-16
-0.70261014E-16
-0.68656206E-17
 0.42295969E-16
-0.13655296E-17
-0.53313928E-16
-0.57701794E-16
 0.89742338E-17
 0.53530129E-16
 0.40218519E-16
 0.72344829E-16
 0.26694938E-16
 0.67278299E-16
 0.53042957E-21
-0.47530701E-17
 0.51417332E-16
 0.92281125E-17
 0.34449493E-16
 0.16927476E-21
 0.28380438E-17
-0.21361370E-16
-0.80006184E-16
-0.30656089E-21
 0.54529241E-16
 0.80557762E-16
-0.42978373E-16
 0.44021847E-16
-0.14889368E-16
-0.20777500E-18
-0.19366874E-16
 0.11076603E-15
 0.64378620E-16
 0.57605325E-16
 0.58438338E-16
-0.48553337E-16
 0.31811564E-16
 0.34047154E-16
 0.50677737E-22
 0.13729906E-21
-0.85547568E-21
-0.56833265E-16
-0.28269593E-16
-0.11663622E-16
-0.82663826E-16
-0.88173690E-17
-0.11511753E-15
 0.56930963E-16
-0.62245619E-16
-0.93754681E-17
-0.59329993E-17
-0.14862282E-16
-0.95357192E-17
-0.56721600E-16
-0.79697999E-16
-0.55643859E-16
 0.76294487E-22
-0.74658392E-22
-0.11216052E-21
-0.43134832E-21
 0.18019613E-21
 0.62757614E-22
 0.10271257E-21
 0.73481890E-23
 0.13812624E-21
-0.13095262E-21
 0.13525695E-21
-0.10330257E-21
-0.19816146E-21
-0.17840967E-21
 0.24052861E-22
-0.16628501E-21
-0.11541754E-22
 0.11505298E-21
 0.32085560E-21
 0.29742966E-21
-0.10956266E-21
 0.14288209E-21
-0.15183934E-21
-0.19687223E-21
-0.53805514E-22
-0.21513097E-21
-0.12330161E-22
 0.77128886E-22
-0.67717748E-16
-0.13356259E-16
-0.52050920E-16
-0.18692269E-16
-0.69615438E-16
-0.78049737E-16
-0.14686920E-16
-0.56684499E-16
-0.40557240E-17
-0.16235190E-16
-0.31302761E-16
 0.93212512E-16
 0.35750252E-16
-0.75776126E-16
-0.16175382E-16
-0.13223645E-18
 0.32129964E-16
-0.82439906E-16
 0.67139171E-17
 0.12197148E-16
-0.34149316E-16
-0.33384908E-16
 0.48858547E-16
-0.24401801E-17
-0.46621908E-16
 0.78654921E-16
 0.16518426E-21
 0.34785277E-21
-0.61224290E-22
 0.58907211E-16
 0.29226599E-16
 0.47554924E-16
 0.33010242E-16
-0.16272583E-15
-0.52366316E-16
 0.14888229E-16
 0.43134922E-16
-0.22463367E-16
 0.31779254E-16
-0.63060460E-16
-0.95284102E-16
-0.36347384E-16
 0.31264183E-16
-0.43044551E-16
 0.21466285E-17
-0.37622557E-16
-0.72107045E-18
-0.41731818E-16
-0.32975123E-17
-0.87629695E-16
 0.10699904E-16
 0.32086610E-16
 0.45294330E-16
 0.38512858E-16
-0.59811687E-16
 0.59232643E-16
 0.44049365E-16
 0.65254050E-16
 0.62150203E-16
 0.60754734E-16
-0.34607840E-16
-0.10344127E-15
 0.11633432E-16
 0.58413063E-16
 0.15946615E-16
-0.16170415E-16
-0.94606285E-16
-0.53655854E-16
 0.81193453E-16
 0.49043666E-16
 0.23068628E-16
-0.40733727E-16
-0.83616503E-18
-0.57809350E-16
 0.59075062E-16
 0.12621084E-15
-0.26290000E-16
 0.48223234E-17
 0.59768303E-16
 0.18808384E-16
 0.12380604E-16
-0.52765264E-16
-0.27422035E-16
 0.35674461E-16
-0.10647642E-15
-0.10996500E-16
 0.25471625E-16
-0.35075117E-16
-0.14445597E-16
 0.44192124E-21
 0.10030681E-15
 0.85119368E-17
-0.32556173E-17
-0.23968851E-21
 0.30227619E-16
-0.14416285E-16
-0.15317501E-16
-0.13785631E-16
-0.49916525E-16
 0.28926624E-16
-0.83192578E-16
 0.69932108E-16
-0.48115304E-16
-0.17157654E-15
-0.24503018E-16
 0.63752260E-17
-0.69664527E-16
 0.94534850E-17
-0.85672811E-16
 0.10842528E-21
 0.15322228E-21
 0.23118255E-21
-0.10393442E-21
 0.25349557E-21
-0.59500151E-16
 0.43671366E-16
 0.85344643E-17
-0.24535555E-16
-0.41423654E-22
-0.55903955E-16
 0.10660192E-15
 0.62853376E-16
 0.21618196E-16
 0.46789773E-16
 0.13155640E-15
-0.16870423E-16
-0.35284423E-22
-0.31751854E-21
-0.52352750E-16
 0.52743541E-16
 0.54185711E-16
-0.40399893E-16
 0.24666784E-21
-0.17148181E-16
-0.55893804E-16
-0.89416581E-17
 0.72958371E-16
 0.36045740E-16
 0.89889624E-16
 0.22986911E-16
 0.13855954E-16
 0.45940633E-16
 0.62612143E-16
 0.17542912E-16
-0.10556378E-16
 0.12914952E-16
 0.96745030E-16
 0.94401987E-22
-0.13486921E-21
 0.10191373E-20
 0.33801960E-21
 0.36098679E-22
-0.95365239E-21
 0.47847229E-22
 0.32726625E-21
 0.64001261E-21
-0.14249479E-21
 0.10880010E-21
-0.14718895E-21
-0.22826307E-21
 0.16180428E-21
 0.44248915E-21
 0.95203319E-22
-0.13736368E-21
-0.54055164E-21
 0.84540444E-22
-0.30359792E-21
-0.23031810E-21
-0.64914233E-22
 0.19592548E-21
-0.69715728E-22
-0.35342584E-21
-0.16059029E-21
 0.67234274E-22
 0.21508518E-21
 0.67397125E-21
 0.39793786E-22
-0.23248945E-21
 0.30514947E-21
-0.68565518E-22
 0.58488812E-21
 0.90048980E-18
 0.12067790E-21
 0.13673069E-16
-0.12020950E-15
-0.71373141E-16
 0.21062861E-16
 0.45899905E-16
 0.14799272E-16
-0.51130439E-16
-0.34276810E-16
 0.58007888E-16
 0.19167843E-20
-0.71268518E-17
-0.40291896E-16
-0.63168775E-16
-0.93513854E-16
 0.18123760E-16
 0.94979006E-16
-0.77891953E-21
 0.70988879E-21
 0.10098066E-21
 0.76104702E-16
 0.44416194E-16
 0.49860415E-17
 0.24701286E-16
 0.11112416E-21
 0.15746059E-21
-0.25262295E-21
-0.24971513E-21
-0.49447280E-21
-0.27414619E-22
-0.37122812E-16
-0.58292781E-16
-0.14370195E-15
-0.26008910E-16
-0.62008056E-17
-0.45604995E-16
 0.86798954E-16
-0.76729156E-16
-0.47910138E-16
-0.78699398E-21
-0.10653633E-20
-0.76397074E-21
 0.13501139E-21
 0.38262503E-16
 0.28744821E-18
-0.59942194E-16
-0.72217140E-17
 0.41866577E-16
-0.24316525E-21
-0.49555805E-21
-0.30599967E-17
-0.60354725E-16
 0.94292302E-16
 0.18141384E-16
 0.28518049E-17
 0.16708679E-16
 0.24454904E-16
 0.15660156E-16
-0.44507164E-16
 0.21760247E-16
-0.44603130E-21
-0.35116402E-22
 0.81828984E-21
 0.34119908E-21
-0.56778194E-22
-0.78643653E-21
-0.11894422E-15
-0.65058996E-16
 0.37559372E-16
-0.53088030E-16
-0.30880952E-16
 0.49890855E-17
-0.37736774E-17
 0.39189327E-16
 0.40062295E-16
 0.19186713E-21
-0.15488375E-16
 0.82852174E-16
 0.70532352E-16
 0.10187771E-16
-0.28447944E-16
 0.85929040E-16
-0.34007866E-16
-0.45764258E-16
-0.40817125E-16
-0.20100835E-16
 0.61272811E-16
 0.10635992E-16
 0.11218491E-15
-0.45247931E-16
-0.17008555E-16
-0.11271096E-16
 0.14342183E-16
 0.58910724E-16
-0.15020839E-16
 0.11578875E-15
-0.11983695E-17
 0.46370605E-16
 0.90375556E-16
-0.38637848E-16
 0.39506217E-21
 0.52678782E-21
 0.83635608E-21
 0.77805183E-21
-0.25917656E-21
-0.15504467E-21
 0.83467694E-22
-0.79835854E-22
 0.36512269E-22
 0.81903461E-22
-0.15112848E-21
-0.56403378E-22
 0.33055519E-21
 0.29919381E-21
-0.17379840E-21
-0.18694074E-21
-0.20519249E-21
 0.60745292E-16
-0.19760147E-16
 0.10966605E-21
 0.11880382E-21
 0.82601739E-22
 0.19298685E-16
 0.69604038E-16
 0.72958098E-16
 0.57514902E-23
 0.12899504E-21
 0.93946635E-17
 0.60364195E-22
-0.31625441E-21
 0.26282229E-21
 0.37942032E-21
-0.29887855E-21
-0.34546858E-21
-0.38633776E-21
-0.63162995E-22
-0.94801168E-22
-0.11221874E-21
-0.81089215E-21
-0.51533566E-21
 0.14573888E-21
 0.22675026E-21
-0.12444128E-21
 0.57564016E-21
-0.10231190E-21
-0.57346881E-22
 0.60247752E-16
-0.36850657E-16
-0.93894943E-16
-0.38804334E-16
 0.41490163E-21
 0.58949091E-21
 0.47331835E-21
-0.68404418E-23
-0.16609694E-21
 0.41860721E-22
-0.50910815E-22
 0.61263064E-22
-0.66424085E-22
 0.84540444E-22
 0.55325458E-21
-0.21829907E-21
-0.57820083E-16
-0.67492834E-16
-0.79792246E-16
 0.41432789E-17
-0.59027092E-22
 0.20291774E-22
 0.74420406E-22
 0.50405026E-21
-0.54148135E-16
-0.51423629E-16
 0.31878765E-21
-0.15615619E-21
 0.12522578E-16
 0.10863077E-15
 0.24699096E-22
-0.21971985E-22
 0.69464767E-16
-0.76359110E-22
 0.73916343E-22
 0.28865932E-16
-0.18583994E-16
-0.16465422E-15
 0.63645901E-17
-0.51034385E-17
 0.65352728E-16
 0.80361343E-17
 0.54726631E-16
-0.33989845E-16
-0.14566454E-16
-0.51785421E-16
-0.65505080E-16
-0.11314068E-15
-0.52365216E-16
-0.15429397E-15
-0.23205867E-16
-0.17296749E-16
 0.92926679E-17
-0.26722419E-16
 0.26357663E-16
-0.46683929E-16
-0.31731847E-16
 0.12354981E-16
 0.36375756E-16
 0.68527225E-17
-0.23920501E-16
 0.36856898E-16
 0.79636768E-16
 0.10922498E-15
 0.93171734E-16
 0.49565754E-16
 0.22123062E-16
 0.30686199E-16
 0.42352643E-16
 0.91224166E-17
 0.94119721E-16
 0.22577260E-16
 0.32900277E-16
 0.26392233E-16
-0.11398291E-16
 0.42380099E-16
 0.50607171E-16
 0.72305404E-16
 0.20512804E-16
-0.41344110E-16
 0.33196180E-16
 0.33565438E-22
-0.20580675E-16
-0.83193546E-16
 0.83782612E-16
-0.30628947E-21
 0.53348812E-16
-0.46857236E-16
 0.15449158E-15
 0.24433323E-16
-0.82024411E-16
 0.59846397E-16
 0.78746738E-16
 0.40803269E-22
-0.14098260E-21
-0.56571399E-22
 0.15470862E-22
-0.34715736E-22
-0.55278929E-22
 0.33268170E-22
-0.18230285E-21
 0.26186111E-16
-0.34146691E-16
 0.40832260E-16
-0.18890456E-15
 0.11791022E-16
-0.47834304E-22
 0.18612967E-16
-0.23831924E-17
-0.32492688E-22
-0.16932646E-21
-0.14469198E-21
-0.23796952E-21
 0.25600415E-21
-0.98227698E-22
 0.90162687E-22
-0.10114868E-21
 0.64054799E-22
-0.39084284E-22
 0.23636686E-21
-0.71137533E-22
 0.20660027E-22
 0.25099762E-22
-0.72236132E-22
 0.11333799E-15
-0.51751814E-16
-0.56925213E-16
 0.13224191E-16
 0.22581359E-16
-0.24683970E-16
-0.89676776E-17
 0.19087861E-16
-0.28444949E-16
-0.30709709E-16
-0.16970881E-16
-0.18455974E-17
-0.98957571E-17
 0.14989809E-16
-0.43704804E-16
-0.10451927E-16
 0.27427864E-16
 0.88156400E-16
-0.75511180E-16
-0.67807136E-16
-0.11022135E-15
 0.98999039E-16
 0.95578548E-16
-0.12056327E-16
-0.90530466E-16
-0.18856242E-16
 0.81385916E-16
-0.58952011E-16
 0.54517418E-16
-0.13586650E-15
 0.37917599E-16
 0.56189023E-16
 0.37784393E-16
 0.67985214E-16
-0.43883447E-16
-0.33242009E-16
-0.94358710E-16
-0.28921847E-16
 0.19231728E-16
 0.61808888E-16
 0.11037547E-16
 0.85695736E-16
 0.72818102E-16
 0.35430842E-17
 0.67887878E-16
-0.37324540E-18
 0.29747383E-16
 0.75890825E-17
-0.68216758E-17
-0.58325280E-21
-0.20227151E-22
 0.86078482E-23
 0.10808924E-21
-0.21151267E-21
 0.19457285E-16
 0.94904552E-16
 0.45367224E-16
 0.77791682E-16
-0.42382565E-16
-0.49003071E-17
-0.69582231E-16
-0.61176986E-16
-0.85478215E-16
-0.43654176E-17
 0.95352319E-17
-0.43002169E-16
 0.10754154E-16
 0.46369802E-16
-0.36890498E-16
 0.10627896E-16
 0.19367965E-16
 0.22967983E-16
-0.98135172E-17
 0.18299326E-16
-0.10271932E-15
 0.12644607E-15
-0.79342484E-16
-0.25934697E-21
-0.11047894E-16
-0.28059660E-16
-0.56517252E-17
 0.42433170E-17
 0.35824764E-16
 0.23336296E-16
-0.72255324E-16
 0.81950800E-16
-0.23645373E-16
 0.81105551E-16
-0.41721201E-16
 0.16321527E-16
 0.47270792E-16
 0.79931980E-16
-0.27580849E-16
 0.14459685E-16
 0.32005665E-18
 0.27639835E-17
 0.62541653E-16
-0.47834123E-18
-0.69946342E-16
 0.27234668E-16
 0.52325796E-17
 0.11627734E-15
 0.48965729E-16
-0.28388984E-16
 0.65884856E-16
-0.78039098E-16
-0.10176021E-15
 0.29751453E-16
