         1
         6
        11
        16
        21
        26
        31
        36
        41
        46
        51
        56
        61
        66
        71
        76
        81
        86
        91
        96
       101
       106
       113
       120
       127
       134
       141
       148
       155
       162
       167
       172
       177
       182
       187
       192
       197
       202
       207
       212
       217
       222
       227
       232
       237
       242
       247
       252
       257
       262
       267
       272
       277
       282
       287
       292
       297
       302
       308
       313
       319
       326
       332
       337
       343
       350
       357
       364
       371
       378
       385
       392
       397
       402
       407
       412
       417
       422
       427
       432
       437
       442
       447
       452
       457
       462
       467
       474
       481
       488
       495
       502
       509
       516
       523
       530
       537
       544
       551
       558
       565
       572
       579
       586
       593
       600
       607
       614
       621
       628
       635
       642
       649
       656
       663
       670
       677
       684
       691
       698
       705
       712
       719
       724
       729
       734
       739
       744
       749
       756
       762
       767
       774
       780
       787
       794
       801
       806
       811
       816
       821
       826
       831
       836
       841
       846
       851
       856
       861
       866
       871
       876
       881
       886
       891
       896
       901
       906
       911
       916
       921
       926
       931
       936
       941
       946
       951
       958
       965
       972
       977
       982
       987
       992
       997
      1002
      1007
      1012
      1019
      1026
      1032
      1037
      1043
      1048
      1055
      1062
      1069
      1074
      1081
      1087
      1092
      1097
      1102
      1107
      1112
      1117
      1122
      1127
      1132
      1137
      1142
      1149
      1156
      1163
      1170
      1177
      1184
      1191
      1198
      1205
      1212
      1219
      1226
      1233
      1240
      1247
      1254
      1261
      1268
      1275
      1282
      1289
      1296
      1303
      1310
      1317
      1324
      1331
      1338
      1345
      1352
      1359
      1366
      1373
      1380
      1387
      1394
      1401
      1408
      1415
      1422
      1429
      1436
      1443
      1450
      1457
      1464
      1471
      1478
      1485
      1492
      1499
      1506
      1513
      1520
      1527
      1534
      1541
      1546
      1551
      1556
      1561
      1566
      1571
      1576
      1583
      1590
      1597
      1604
      1609
      1614
      1619
      1624
      1631
      1638
      1645
      1652
      1659
      1666
      1671
      1676
      1681
      1686
      1693
      1700
      1707
      1714
      1721
      1728
      1735
      1742
      1747
      1752
      1757
      1762
      1767
      1772
      1777
      1784
      1791
      1798
      1803
      1808
      1813
      1819
      1825
      1832
      1839
      1846
      1853
      1860
      1867
      1874
      1881
      1888
      1895
      1902
      1909
      1916
      1921
      1926
      1933
      1940
      1947
      1954
      1961
      1968
      1975
      1982
      1989
      1996
      2003
      2008
      2013
      2018
      2023
      2028
      2035
      2042
      2049
      2056
      2063
      2070
      2077
      2084
      2091
      2098
      2105
      2112
      2119
      2126
      2133
      2140
      2145
      2152
      2159
      2166
      2173
      2180
      2187
      2194
      2201
      2208
      2215
      2222
      2229
      2236
      2241
      2246
      2251
      2256
      2261
      2267
      2274
      2279
      2284
      2289
      2296
      2303
      2310
      2317
      2324
      2331
      2338
      2345
      2352
      2359
      2366
      2373
      2380
      2387
      2394
      2401
      2408
      2415
      2422
      2429
      2436
      2442
      2448
      2453
      2460
      2467
      2474
      2481
      2488
      2495
      2502
      2509
      2516
      2523
      2528
      2533
      2538
      2543
      2548
      2553
      2558
      2563
      2568
      2573
      2578
      2583
      2588
      2593
      2598
      2603
      2608
      2613
      2618
      2623
      2628
      2633
      2638
      2643
      2648
      2653
      2658
      2663
      2668
      2673
      2678
      2683
      2688
      2693
      2698
      2703
      2708
      2713
      2718
      2723
      2728
      2733
      2738
      2743
      2748
      2753
      2758
      2763
      2768
      2773
      2779
      2784
      2790
      2795
      2802
      2808
      2813
      2819
      2824
      2831
      2836
      2841
      2846
      2851
      2856
      2861
      2866
      2871
      2876
      2881
      2886
      2891
      2896
      2901
      2906
      2911
      2916
      2921
      2926
      2931
      2936
      2941
      2946
      2951
      2956
      2961
      2966
      2971
      2976
      2981
      2986
      2991
      2996
      3001
      3006
      3011
      3016
      3021
      3026
      3031
      3036
      3041
      3046
      3051
      3056
      3062
      3067
      3073
      3078
      3085
      3091
      3096
      3102
      3107
      3114
      3120
      3125
      3131
      3136
      3143
      3149
      3154
      3160
      3165
      3172
      3178
      3183
      3189
      3194
      3201
      3206
      3211
      3216
      3221
      3226
      3231
      3236
      3241
      3246
      3251
      3256
      3261
      3266
      3271
      3276
      3281
      3286
      3291
      3296
      3301
      3306
      3311
      3316
      3321
      3326
      3331
      3336
      3341
      3346
      3351
      3356
      3361
      3366
      3371
      3376
      3381
      3386
      3391
      3396
      3401
      3406
      3411
      3416
      3421
      3426
      3431
      3436
      3441
      3446
      3451
      3456
      3461
      3466
      3471
      3476
      3481
      3486
      3491
      3496
      3501
      3506
      3511
      3516
      3521
      3526
      3531
      3536
      3541
      3546
      3551
      3556
      3561
      3566
      3571
      3576
      3581
      3586
      3591
      3596
      3601
      3606
      3611
      3616
      3621
      3626
      3631
      3636
      3641
      3646
      3651
      3656
      3661
      3666
      3671
      3676
      3681
      3688
      3693
      3698
      3703
      3708
      3713
      3718
      3725
      3730
      3735
      3740
      3745
      3750
      3755
      3760
      3765
      3770
      3775
      3780
      3785
      3790
      3795
      3800
      3805
      3810
      3815
      3820
      3825
      3830
      3835
      3840
      3845
      3850
      3855
      3860
      3865
      3870
      3875
      3880
      3885
      3890
      3895
      3900
      3905
      3910
      3915
      3920
      3925
      3930
      3935
      3940
      3945
      3950
      3955
      3960
      3965
      3970
      3975
      3980
      3985
      3990
      3995
      4000
      4005
      4010
      4015
      4020
      4025
      4030
      4035
      4040
      4045
      4050
      4055
      4060
      4065
      4070
      4075
      4080
      4085
      4090
      4095
      4100
      4105
      4110
      4115
      4120
      4125
      4130
      4135
      4140
      4145
      4150
      4155
      4160
      4165
      4170
      4175
      4180
      4185
      4190
      4195
      4200
      4205
      4210
      4215
      4220
      4225
      4230
      4235
      4240
      4245
      4250
      4255
      4260
      4265
      4270
      4275
      4280
      4285
      4290
      4295
      4300
      4305
      4310
      4315
      4320
      4325
      4330
      4335
      4342
      4347
      4352
      4357
      4362
      4367
      4372
      4377
      4382
      4387
      4392
      4397
      4402
      4407
      4412
      4417
      4422
      4427
      4432
      4437
      4442
      4447
      4452
      4457
      4462
      4467
      4472
      4477
      4482
      4487
      4492
      4497
      4502
      4507
      4512
      4517
      4522
      4527
      4532
      4537
      4542
      4547
      4552
      4557
      4562
      4567
      4572
      4577
      4582
      4587
      4592
      4597
      4602
      4607
      4612
      4617
      4622
      4627
      4632
      4637
      4642
      4649
      4654
      4659
      4664
      4669
      4674
      4679
      4684
      4689
      4694
      4699
      4704
      4709
      4714
      4719
      4724
      4729
      4734
      4739
      4744
      4749
      4754
      4759
      4764
      4769
      4774
      4779
      4784
      4789
      4794
      4799
      4804
      4809
      4814
      4819
      4824
      4829
      4834
      4839
      4844
      4849
      4854
      4859
      4864
      4869
      4874
      4879
      4884
      4889
      4894
      4901
      4906
      4911
      4916
      4921
      4926
      4931
      4936
      4941
      4946
      4951
      4956
      4961
      4966
      4971
      4976
      4981
      4986
      4991
      4996
      5001
      5006
      5011
      5016
      5023
      5028
      5033
      5038
      5043
      5048
      5053
      5058
      5063
      5068
      5073
      5078
      5083
      5088
      5093
      5098
      5103
      5108
      5113
      5118
      5123
      5128
      5133
      5138
      5143
      5148
      5153
      5158
      5163
      5168
      5173
      5180
      5187
      5194
      5201
      5208
      5215
      5222
      5229
      5236
      5243
      5250
      5257
      5264
      5271
      5276
      5281
      5286
      5291
      5296
      5301
      5306
      5311
      5316
      5321
      5326
      5331
      5336
      5341
      5346
      5351
      5356
      5361
      5366
      5371
      5376
      5381
      5386
      5391
      5396
      5401
      5406
      5411
      5416
      5421
      5426
      5431
      5436
      5441
      5446
      5451
      5456
      5461
      5466
      5471
      5476
      5481
      5486
      5491
      5496
      5501
      5506
      5511
      5516
      5521
      5526
      5531
      5536
      5541
      5546
      5551
      5556
      5561
      5566
      5571
      5576
      5581
      5586
      5591
      5596
      5601
      5606
      5611
      5616
      5621
      5626
      5631
      5636
      5641
      5646
      5651
      5656
      5661
      5666
      5671
      5676
      5681
      5686
      5691
      5696
      5701
      5706
      5711
      5716
      5721
      5726
      5731
      5736
      5741
      5746
      5751
      5756
      5761
      5766
      5771
      5776
      5781
      5787
      5792
      5798
      5803
      5810
      5815
      5821
      5827
      5834
      5839
      5844
      5849
      5854
      5859
      5864
      5869
      5874
      5879
      5884
      5889
      5894
      5899
      5904
      5909
      5914
      5919
      5924
      5929
      5934
      5939
      5944
      5949
      5954
      5959
      5964
      5969
      5974
      5979
      5984
      5991
      5998
      6005
      6012
      6019
      6026
      6033
      6040
      6047
      6054
      6061
      6068
      6075
      6082
      6089
      6096
      6103
      6110
      6117
      6124
      6131
      6138
      6145
      6152
      6159
      6166
      6173
      6180
      6187
      6194
      6201
      6208
      6214
      6219
      6225
      6230
      6237
      6242
      6247
      6252
      6257
      6262
      6267
      6272
      6277
      6282
      6287
      6292
      6297
      6302
      6307
      6312
      6317
      6322
      6327
      6332
      6337
      6342
      6347
      6352
      6357
      6362
      6367
      6372
      6377
      6382
      6387
      6392
      6397
      6404
      6411
      6418
      6423
      6428
      6433
      6438
      6443
      6448
      6453
      6458
      6463
      6468
      6473
      6478
      6483
      6488
      6493
      6498
      6503
      6508
      6513
      6518
      6523
      6528
      6533
      6538
      6543
      6548
      6553
      6558
      6563
      6568
      6573
      6578
      6583
      6588
      6593
      6598
      6603
      6608
      6613
      6618
      6623
      6628
      6633
      6638
      6643
      6648
      6653
      6658
      6663
      6668
      6673
      6678
      6683
      6688
      6693
      6698
      6703
      6708
      6713
      6718
      6723
      6728
      6733
      6738
      6743
      6748
      6753
      6758
      6763
      6768
      6773
      6778
      6783
      6788
      6793
      6798
      6803
      6808
      6813
      6820
      6825
      6831
      6836
      6841
      6846
      6851
      6856
      6861
      6866
      6872
      6877
      6883
      6888
      6895
      6902
      6907
      6913
      6918
      6923
      6928
      6933
      6938
      6943
      6948
      6953
      6958
      6963
      6968
      6973
      6978
      6983
      6990
      6997
      7004
      7011
      7018
      7025
      7032
      7039
      7046
      7053
      7060
      7067
      7074
      7081
      7088
      7095
      7102
      7109
      7116
      7123
      7130
      7137
      7144
      7151
      7158
      7165
      7172
      7179
      7186
      7193
      7200
      7207
      7214
      7221
      7228
      7235
      7242
      7249
      7256
      7263
      7270
      7277
      7284
      7289
      7294
      7299
      7304
      7309
      7314
      7319
      7324
      7330
      7336
      7343
      7348
      7353
      7358
      7363
      7369
      7376
      7381
      7388
      7394
      7401
      7408
      7413
      7418
      7425
      7432
      7439
      7446
      7453
      7460
      7467
      7474
      7481
      7488
      7495
      7502
      7509
      7516
      7523
      7530
      7537
      7544
      7549
      7554
      7559
      7564
      7569
      7574
      7579
      7584
      7591
      7597
      7603
      7609
      7615
      7622
      7629
      7636
      7643
      7650
      7657
      7664
      7671
      7678
      7685
      7692
      7699
      7706
      7713
      7720
      7727
      7734
      7741
      7746
      7753
      7760
      7767
      7774
      7779
      7784
      7789
      7796
      7803
      7808
      7813
      7820
      7827
      7834
      7841
      7848
      7855
      7862
      7869
      7876
      7883
      7890
      7897
      7904
      7911
      7918
      7925
      7932
      7939
      7946
      7953
      7960
      7967
      7974
      7981
      7988
      7995
      8002
      8009
      8016
      8021
      8026
      8031
      8036
      8041
      8046
      8051
      8056
      8061
      8066
      8071
      8076
      8081
      8086
      8091
      8096
      8101
      8106
      8111
      8116
      8121
      8126
      8131
      8136
      8141
      8146
      8151
      8156
      8161
      8166
      8171
      8176
      8181
      8186
      8191
      8196
      8201
      8206
      8211
      8216
      8221
      8226
      8231
      8236
      8241
      8246
      8251
      8256
      8261
      8266
      8271
      8276
      8281
      8286
      8291
      8296
      8301
      8306
      8311
      8316
      8321
      8326
      8331
      8336
      8341
      8348
      8355
      8362
      8369
      8376
      8383
      8390
      8397
      8403
      8408
      8414
      8419
      8426
      8432
      8437
      8443
      8448
      8455
      8460
      8465
      8470
      8475
      8481
      8486
      8492
      8499
      8504
      8509
      8514
      8519
      8524
      8529
      8534
      8539
      8544
      8549
      8554
      8559
      8564
      8569
      8574
      8579
      8584
      8589
      8594
      8599
      8604
      8609
      8614
      8619
      8624
      8629
      8634
      8641
      8648
      8655
      8662
      8669
      8676
      8683
      8690
      8697
      8704
      8711
      8718
      8725
      8732
      8739
      8746
      8753
      8760
      8767
      8774
      8781
      8788
      8795
      8802
      8809
      8816
      8823
      8828
      8833
      8838
      8843
      8848
      8853
      8858
      8863
      8870
      8876
      8881
      8886
      8891
      8896
      8901
      8906
      8911
      8916
      8921
      8926
      8931
      8936
      8941
      8946
      8951
      8956
      8961
      8966
      8971
      8976
      8981
      8986
      8991
      8996
      9003
      9010
      9017
      9022
      9029
      9035
      9040
      9046
      9052
      9059
      9064
      9069
      9074
      9079
      9085
      9090
      9096
      9101
      9108
      9113
      9118
      9123
      9128
      9133
      9140
      9145
      9151
      9156
      9161
      9166
      9171
      9176
      9181
      9186
      9191
      9198
      9205
      9212
      9219
      9226
      9231
      9236
      9241
      9246
      9251
      9258
      9264
      9269
      9274
      9279
      9284
      9289
      9296
      9303
      9310
      9317
      9324
      9331
      9338
      9345
      9352
      9359
      9366
      9373
      9380
      9387
      9394
      9401
      9408
      9415
      9422
      9429
      9436
      9443
      9450
      9457
      9464
      9471
      9478
      9485
      9492
      9499
      9506
      9513
      9520
      9527
      9534
      9541
      9548
      9555
      9562
      9569
      9576
      9583
      9590
      9597
      9604
      9611
      9618
      9625
      9632
      9639
      9646
      9653
      9660
      9667
      9674
      9681
      9688
      9695
      9702
      9709
      9716
      9723
      9730
      9737
      9744
      9751
      9758
      9763
      9768
      9773
      9778
      9783
      9788
      9793
      9798
      9803
      9808
      9813
      9818
      9825
      9832
      9839
      9846
      9853
      9860
      9865
      9870
      9875
      9880
      9885
      9890
      9896
      9903
      9910
      9917
      9924
      9931
      9938
      9945
      9952
      9959
      9966
      9973
      9978
      9983
      9988
      9994
     10000
     10007
     10014
     10021
     10028
     10035
     10042
     10047
     10052
     10057
     10063
     10070
     10077
     10082
     10087
     10092
     10097
     10104
     10111
     10118
     10125
     10132
     10139
     10146
     10153
     10160
     10165
     10171
     10178
     10185
     10192
     10199
     10206
     10213
     10220
     10227
     10234
     10239
     10244
     10251
     10258
     10265
     10272
     10279
     10286
     10293
     10300
     10307
     10313
     10318
     10323
     10328
     10333
     10340
     10347
     10354
     10361
     10366
     10373
     10378
     10385
     10392
     10399
     10406
     10413
     10420
     10427
     10434
     10441
     10448
     10455
     10462
     10469
     10476
     10483
     10490
     10497
     10504
     10511
     10518
     10525
     10532
     10539
     10544
     10549
     10555
     10560
     10566
     10573
     10580
     10587
     10594
     10601
     10608
     10615
     10622
     10629
     10636
     10643
     10650
     10657
     10662
     10667
     10672
     10677
     10684
     10691
     10696
     10701
     10706
     10711
     10716
     10721
     10726
     10731
     10736
     10741
     10748
     10753
     10758
     10763
     10770
     10777
     10784
     10789
     10794
     10801
     10808
     10815
     10822
     10827
     10832
     10837
     10842
     10847
     10852
     10859
     10866
     10871
     10876
     10881
     10886
     10891
     10896
     10901
     10906
     10913
     10918
     10923
     10928
     10935
     10942
     10949
     10956
     10963
     10970
     10977
     10982
     10987
     10992
     10997
     11002
     11007
     11012
     11017
     11022
     11027
     11032
     11037
     11042
     11047
     11052
     11057
     11062
     11067
     11072
     11077
     11082
     11087
     11092
     11097
     11102
     11107
     11112
     11117
     11122
     11127
     11132
     11137
     11142
     11147
     11152
     11157
     11162
     11167
     11172
     11177
     11182
     11187
     11192
     11197
     11202
     11207
     11212
     11217
     11222
     11227
     11232
     11237
     11242
     11247
     11252
     11257
     11262
     11267
     11272
     11277
     11282
     11287
     11292
     11297
     11302
     11307
     11312
     11317
     11322
     11327
     11332
     11337
     11342
     11347
     11352
     11357
     11362
     11367
     11372
     11377
     11382
     11387
     11392
     11397
     11402
     11407
     11412
     11417
     11422
     11427
     11432
     11437
     11442
     11447
     11452
     11457
     11462
     11467
     11472
     11477
     11482
     11487
     11492
     11497
     11502
     11507
     11512
     11517
     11522
     11527
     11532
     11537
     11542
     11547
     11552
     11557
     11562
     11567
     11572
     11577
     11582
     11587
     11592
     11597
     11602
     11607
     11612
     11617
     11622
     11627
     11632
     11637
     11642
     11647
     11652
     11657
     11662
     11667
     11672
     11677
     11682
     11687
     11692
     11697
     11702
     11707
     11712
     11717
     11722
     11727
     11732
     11737
     11742
     11747
     11752
     11757
     11762
     11767
     11772
     11777
     11782
     11787
     11792
     11797
     11802
     11807
     11812
     11817
     11822
     11827
     11832
     11837
     11842
     11847
     11852
     11857
     11862
     11867
     11872
     11877
     11882
     11887
     11892
     11897
     11902
     11907
     11912
     11917
     11922
     11927
     11932
     11937
     11942
     11947
     11952
     11957
     11962
     11967
     11972
     11977
     11982
     11987
     11992
     11997
     12002
     12007
     12012
     12017
     12022
     12027
     12032
     12037
     12042
     12047
     12052
     12057
     12062
     12067
     12072
     12077
     12082
     12087
     12092
     12097
     12102
     12107
     12112
     12117
     12122
     12127
     12132
     12137
     12142
     12147
     12152
     12157
     12162
     12167
     12172
     12177
     12182
     12187
     12192
     12197
     12202
     12207
     12212
     12217
     12222
     12227
     12232
     12237
     12242
     12247
     12252
     12257
     12262
     12267
     12272
     12277
     12282
     12287
     12292
     12297
     12302
     12307
     12312
     12317
     12322
     12327
     12332
     12337
     12342
     12347
     12352
     12357
     12362
     12367
     12372
     12377
     12382
     12387
     12392
     12397
     12402
     12407
     12412
     12417
     12422
     12427
     12432
     12437
     12442
     12447
     12452
     12457
     12462
     12467
     12472
     12477
     12482
     12487
     12492
     12497
     12502
     12507
     12512
     12517
     12522
     12527
     12532
     12537
     12542
     12547
     12552
     12557
     12562
     12567
     12572
     12577
     12582
     12587
     12592
     12597
     12602
     12607
     12612
     12617
     12622
     12627
     12632
     12637
     12642
     12647
     12652
     12657
     12662
     12667
     12672
     12677
     12682
     12687
     12692
     12697
     12702
     12707
     12712
     12717
     12722
     12727
     12732
     12737
     12742
     12747
     12752
     12757
     12762
     12767
     12772
     12777
     12782
     12787
     12792
     12797
     12802
     12807
     12812
     12817
     12822
     12827
     12832
     12837
     12842
     12847
     12852
     12857
     12862
     12867
     12872
     12877
     12882
     12887
     12892
     12897
     12902
     12907
     12912
     12917
     12922
     12927
     12932
     12937
     12942
     12947
     12952
     12957
     12962
     12967
     12972
     12977
     12982
     12987
     12992
     12997
     13002
     13007
     13012
     13017
     13022
     13027
     13032
     13037
     13042
     13047
     13052
     13057
     13062
     13067
     13072
     13077
     13082
     13087
     13092
     13097
     13102
     13107
     13112
     13117
     13122
     13127
     13132
     13137
     13142
     13147
     13152
     13157
     13162
     13167
     13172
     13177
     13182
     13187
     13192
     13197
     13202
     13207
     13212
     13217
     13222
     13227
     13232
     13237
     13242
     13247
     13252
     13257
     13262
     13267
     13272
     13277
     13282
     13287
     13292
     13297
     13302
     13307
     13312
     13317
     13322
     13327
     13332
     13337
     13342
     13347
     13352
     13357
     13362
     13367
     13372
     13377
     13382
     13387
     13392
     13397
     13402
     13407
     13412
     13417
     13422
     13427
     13432
     13437
     13442
     13447
     13452
     13457
     13462
     13467
     13472
     13477
     13482
     13487
     13492
     13497
     13502
     13507
     13512
     13517
     13522
     13527
     13532
     13537
     13542
     13547
     13552
     13557
     13562
     13567
     13572
     13577
     13582
     13587
     13592
     13597
     13602
     13607
     13612
     13617
     13622
     13627
     13632
     13637
     13642
     13647
     13652
     13657
     13662
     13667
     13672
     13677
     13682
     13687
     13692
     13697
     13702
     13707
     13712
     13717
     13722
     13727
     13732
     13737
     13742
     13747
     13752
     13757
     13762
     13767
     13772
     13777
     13782
     13787
     13792
     13797
     13802
     13807
     13812
     13817
     13822
     13827
     13832
     13837
     13842
     13847
     13852
     13857
     13862
     13867
     13872
     13877
     13882
     13887
     13892
     13897
     13902
     13907
     13912
     13917
     13922
     13927
     13932
     13937
     13942
     13947
     13952
     13957
     13962
     13967
     13972
     13977
     13982
     13987
     13992
     13997
     14002
     14007
     14012
     14017
     14022
     14027
     14032
     14037
     14042
     14047
     14052
     14057
     14062
     14067
     14072
     14077
     14082
     14087
     14092
     14097
     14102
     14107
     14112
     14117
     14122
     14127
     14132
     14137
     14142
     14147
     14152
     14157
     14162
     14167
     14172
     14177
     14182
     14187
     14192
     14197
     14202
     14207
     14212
     14217
     14222
     14227
     14232
     14237
     14242
     14247
     14252
     14257
     14262
     14267
     14272
     14277
     14282
     14287
     14292
     14297
     14302
     14307
     14312
     14317
     14322
     14327
     14332
     14337
     14342
     14347
     14352
     14357
     14362
     14367
     14372
     14377
     14382
     14387
     14392
     14397
     14402
     14407
     14412
     14417
     14422
     14427
     14432
     14437
     14442
     14447
     14452
     14457
     14462
     14467
     14472
     14477
     14482
     14487
     14492
     14497
     14502
     14507
     14512
     14517
     14522
     14527
     14532
     14537
     14542
     14547
     14552
     14557
     14562
     14567
     14572
     14577
     14582
     14587
     14592
     14597
     14602
     14607
     14612
     14617
     14622
     14627
     14632
     14637
     14642
     14647
     14652
     14657
     14662
     14667
     14672
     14677
     14682
     14687
     14692
     14697
     14702
     14707
     14712
     14717
     14722
     14727
     14732
     14737
     14742
     14747
     14752
     14757
     14762
     14767
     14772
     14777
     14782
     14787
     14792
     14797
     14802
     14807
     14812
     14817
     14822
     14827
     14832
     14837
     14842
     14847
     14852
     14857
     14862
     14867
     14872
     14877
     14882
     14887
     14892
     14897
     14902
     14907
     14912
     14917
     14922
     14927
     14932
     14937
     14942
     14947
     14952
     14957
     14962
     14967
     14972
     14977
     14982
     14987
     14992
     14997
     15002
     15007
     15012
     15017
     15022
     15027
     15032
     15037
     15042
     15047
     15052
     15057
     15062
     15067
     15072
     15077
     15082
     15087
     15092
     15097
     15102
     15107
     15112
     15117
     15122
     15127
     15132
     15137
     15142
     15147
     15152
     15157
     15162
     15167
     15172
     15177
     15182
     15187
     15192
     15197
     15202
     15207
     15212
     15217
     15222
     15227
     15232
     15237
     15242
     15247
     15252
     15257
     15262
     15267
     15272
     15277
     15282
     15287
     15292
     15297
     15302
     15307
     15312
     15317
     15322
     15327
     15332
     15337
     15342
     15347
     15352
     15357
     15362
     15367
     15372
     15377
     15382
     15387
     15392
     15397
     15402
     15407
     15412
     15417
     15422
     15427
     15432
     15437
     15442
     15447
     15452
     15457
     15462
     15467
     15472
     15477
     15482
     15487
     15492
     15497
     15502
     15507
     15512
     15517
     15522
     15527
     15532
     15537
     15542
     15547
     15552
     15557
     15562
     15567
     15572
     15577
     15582
     15587
     15592
     15597
     15602
     15607
     15612
     15617
     15622
     15627
     15632
     15637
     15642
     15647
     15652
     15657
     15662
     15667
     15672
     15677
     15682
     15687
     15692
     15697
     15702
     15707
     15712
     15717
     15722
     15727
     15732
     15737
     15742
     15747
     15752
     15757
     15762
     15767
     15772
     15777
     15782
     15787
     15792
     15797
     15802
     15807
     15812
     15817
     15822
     15827
     15832
     15837
     15842
     15847
     15852
     15857
     15862
     15867
     15872
     15877
     15882
     15887
     15892
     15897
     15902
     15907
     15912
     15917
     15922
     15927
     15932
     15937
     15942
     15947
     15952
     15957
     15962
     15967
     15972
     15977
     15982
     15987
     15992
     15997
     16002
     16007
     16012
     16017
     16022
     16027
     16032
     16037
     16042
     16047
     16052
     16057
     16062
     16067
     16072
     16077
     16082
     16087
     16092
     16097
     16102
     16107
     16112
     16117
     16122
     16127
     16132
     16137
     16142
     16147
     16152
     16157
     16162
     16167
     16172
     16177
     16182
     16187
     16192
     16197
     16202
     16207
     16212
     16217
     16222
     16227
     16232
     16237
     16242
     16247
     16252
     16257
     16262
     16267
     16272
     16277
     16282
     16287
     16292
     16297
     16302
     16307
     16312
     16317
     16322
     16327
     16332
     16337
     16342
     16347
     16352
     16357
     16362
     16367
     16372
     16377
     16382
     16388
     16393
     16399
     16404
     16411
     16416
     16421
     16426
     16431
     16436
     16441
     16446
     16451
     16456
     16461
     16466
     16471
     16476
     16481
     16486
     16491
     16496
     16501
     16506
     16511
     16516
     16521
     16526
     16531
     16538
     16545
     16552
     16559
     16565
     16570
     16576
     16581
     16588
     16593
     16598
     16603
     16608
     16613
     16618
     16623
     16628
     16633
     16638
     16643
     16648
     16653
     16658
     16663
     16670
     16676
     16681
     16686
     16691
     16696
     16701
     16706
     16711
     16716
     16721
     16726
     16731
     16736
     16741
     16746
     16751
     16756
     16761
     16766
     16771
     16776
     16783
     16790
     16797
     16804
     16811
     16818
     16825
     16832
     16839
     16846
     16853
     16860
     16867
     16874
     16881
     16888
     16895
     16902
     16909
     16916
     16923
     16930
     16937
     16944
     16951
     16958
     16965
     16972
     16977
     16982
     16988
     16994
     17001
     17006
     17011
     17016
     17021
     17026
     17031
     17036
     17041
     17046
     17051
     17056
     17061
     17066
     17071
     17076
     17081
     17086
     17091
     17096
     17101
     17106
     17111
     17116
     17121
     17126
     17131
     17136
     17141
     17148
     17155
     17162
     17167
     17172
     17177
     17182
     17187
     17192
     17197
     17202
     17208
     17214
     17219
     17224
     17229
     17234
     17241
     17248
     17255
     17262
     17269
     17276
     17283
     17289
     17294
     17300
     17305
     17312
     17318
     17323
     17329
     17334
     17341
     17347
     17352
     17357
     17363
     17370
     17376
     17381
     17387
     17392
     17399
     17406
     17413
     17418
     17423
     17428
     17434
     17440
     17447
     17453
     17459
     17466
     17473
     17480
     17487
     17494
     17501
     17508
     17515
     17522
     17529
     17536
     17543
     17550
     17557
     17564
     17571
     17578
     17585
     17592
     17599
     17606
     17613
     17620
     17627
     17634
     17641
     17648
     17655
     17662
     17669
     17676
     17683
     17690
     17697
     17704
     17711
     17718
     17725
     17732
     17739
     17746
     17753
     17760
     17767
     17774
     17781
     17788
     17795
     17802
     17809
     17816
     17823
     17830
     17837
     17844
     17851
     17858
     17865
     17872
     17879
     17886
     17893
     17900
     17907
     17914
     17921
     17928
     17935
     17942
     17949
     17956
     17963
     17970
     17976
     17982
     17989
     17995
     18002
     18007
     18012
     18017
     18022
     18027
     18034
     18041
     18046
     18051
     18056
     18061
     18066
     18073
     18080
     18087
     18094
     18101
     18106
     18113
     18119
     18126
     18133
     18140
     18145
     18150
     18155
     18160
     18165
     18170
     18175
     18182
     18189
     18196
     18203
     18210
     18217
     18224
     18231
     18238
     18245
     18252
     18259
     18266
     18273
     18280
     18287
     18294
     18300
     18306
     18311
     18316
     18321
     18326
     18331
     18336
     18343
     18350
     18357
     18364
     18371
     18378
     18385
     18392
     18399
     18406
     18413
     18418
     18425
     18430
     18437
     18444
     18451
     18458
     18465
     18472
     18479
     18486
     18493
     18500
     18507
     18514
     18519
     18526
     18533
     18540
     18545
     18550
     18555
     18560
     18565
     18572
     18579
     18586
     18593
     18600
     18607
     18614
     18621
     18628
     18635
     18640
     18647
     18654
     18659
     18666
     18673
     18680
     18687
     18694
     18699
     18704
     18711
     18718
     18723
     18728
     18733
     18738
     18745
     18752
     18759
     18766
     18773
     18780
     18787
     18794
     18801
     18808
     18815
     18822
     18829
     18836
     18843
     18850
     18857
     18864
     18871
     18878
     18885
     18892
     18899
     18906
     18913
     18920
     18927
     18934
     18941
     18948
     18953
     18960
     18967
     18974
     18981
     18988
     18995
     19002
     19009
     19016
     19023
     19030
     19037
     19042
     19047
     19052
     19057
     19062
     19067
     19072
     19077
     19082
     19087
     19092
     19097
     19102
     19107
     19112
     19117
     19122
     19127
     19132
     19137
     19142
     19147
     19152
     19157
     19162
     19167
     19172
     19177
     19182
     19187
     19192
     19197
     19202
     19207
     19212
     19217
     19222
     19227
     19232
     19237
     19242
     19247
     19252
     19257
     19262
     19267
     19272
     19277
     19282
     19287
     19292
     19297
     19302
     19307
     19312
     19317
     19322
     19327
     19332
     19337
     19342
     19347
     19352
     19359
     19366
     19373
     19380
     19385
     19390
     19395
     19400
     19405
     19410
     19415
     19420
     19425
     19430
     19435
     19440
     19445
     19450
     19455
     19460
     19465
     19470
     19475
     19480
     19485
     19490
     19495
     19500
     19505
     19510
     19515
     19520
     19525
     19530
     19535
     19540
     19545
     19550
     19555
     19560
     19565
     19570
     19575
     19580
     19585
     19590
     19595
     19600
     19605
     19610
     19615
     19620
     19625
     19630
     19635
     19640
     19645
     19650
     19655
     19660
     19665
     19670
     19675
     19680
     19686
     19691
     19697
     19702
     19709
     19715
     19720
     19726
     19731
     19738
     19743
     19749
     19755
     19762
     19767
     19772
     19777
     19782
     19787
     19792
     19797
     19802
     19807
     19812
     19817
     19822
     19827
     19832
     19839
     19846
     19853
     19858
     19863
     19868
     19873
     19878
     19883
     19888
     19893
     19898
     19903
     19908
     19913
     19918
     19923
     19928
     19935
     19942
     19949
     19956
     19963
     19970
     19977
     19984
     19991
     19998
     20005
     20012
     20019
     20026
     20033
     20040
     20047
     20054
     20061
     20068
     20075
     20082
     20089
     20096
     20103
     20110
     20117
     20124
     20129
     20134
     20139
     20144
     20149
     20154
     20159
     20164
     20169
     20174
     20179
     20184
     20189
     20194
     20199
     20204
     20209
     20214
     20219
     20224
     20229
     20234
     20239
     20244
     20249
     20254
     20261
     20268
     20275
     20280
     20285
     20290
     20295
     20300
     20305
     20310
     20315
     20320
     20325
     20330
     20335
     20340
     20345
     20350
     20355
     20360
     20365
     20370
     20375
     20380
     20385
     20390
     20395
     20400
     20405
     20410
     20415
     20420
     20425
     20430
     20435
     20440
     20445
     20450
     20455
     20460
     20465
     20470
     20475
     20480
     20485
     20490
     20495
     20500
     20505
     20510
     20515
     20520
     20525
     20530
     20535
     20540
     20545
     20550
     20555
     20560
     20565
     20570
     20575
     20582
     20587
     20593
     20598
     20605
     20611
     20616
     20621
     20626
     20631
     20636
     20641
     20646
     20651
     20656
     20661
     20666
     20671
     20676
     20681
     20688
     20695
     20702
     20709
     20716
     20722
     20727
     20733
     20738
     20745
     20750
     20755
     20760
     20765
     20770
     20775
     20780
     20787
     20794
     20799
     20804
     20809
     20815
     20822
     20827
     20832
     20837
     20842
     20847
     20852
     20857
     20862
     20867
     20872
     20877
     20882
     20887
     20892
     20899
     20906
     20913
     20920
     20927
     20934
     20941
     20948
     20955
     20962
     20969
     20976
     20983
     20990
     20997
     21004
     21011
     21018
     21025
     21032
     21039
     21046
     21053
     21060
     21067
     21074
     21081
     21088
     21095
     21102
     21109
     21116
     21123
     21130
     21136
     21143
     21148
     21153
     21158
     21163
     21168
     21173
     21178
     21183
     21188
     21193
     21198
     21203
     21208
     21213
     21218
     21223
     21230
     21237
     21244
     21249
     21254
     21259
     21264
     21271
     21278
     21285
     21292
     21299
     21306
     21311
     21316
     21321
     21326
     21331
     21336
     21341
     21346
     21351
     21358
     21365
     21372
     21379
     21384
     21389
     21394
     21399
     21404
     21411
     21418
     21423
     21428
     21433
     21438
     21443
     21448
     21453
     21458
     21463
     21468
     21475
     21482
     21489
     21496
     21503
     21510
     21515
     21520
     21525
     21530
     21535
     21540
     21545
     21550
     21555
     21562
     21568
     21573
     21578
     21583
     21588
     21593
     21598
     21603
     21608
     21613
     21618
     21623
     21628
     21633
     21638
     21643
     21648
     21653
     21658
     21663
     21668
     21673
     21678
     21683
     21690
     21697
     21704
     21711
     21718
     21725
     21732
     21739
     21746
     21753
     21760
     21767
     21774
     21781
     21788
     21795
     21802
     21807
     21813
     21820
     21827
     21834
     21839
     21844
     21849
     21856
     21863
     21868
     21875
     21882
     21889
     21896
     21903
     21910
     21917
     21924
     21931
     21938
     21945
     21952
     21959
     21966
     21973
     21980
     21987
     21994
     22000
     22005
     22010
     22015
     22022
     22029
     22036
     22043
     22050
     22057
     22064
     22071
     22078
     22085
     22092
     22099
     22104
     22109
     22114
     22119
     22126
     22133
     22140
     22147
     22152
     22157
     22164
     22171
     22176
     22181
     22188
     22195
     22200
     22207
     22214
     22219
     22224
     22229
     22234
     22239
     22244
     22249
     22254
     22259
     22264
     22269
     22274
     22279
     22284
     22289
     22294
     22299
     22304
     22309
     22315
     22320
     22326
     22332
     22337
     22342
     22347
     22352
     22357
     22362
     22367
     22372
     22377
     22382
     22387
     22392
     22397
     22402
     22407
     22412
     22417
     22422
     22427
     22432
     22437
     22442
     22447
     22454
     22459
     22464
     22469
     22476
     22481
     22486
     22491
     22496
     22501
     22506
     22511
     22518
     22525
     22532
     22539
     22546
     22553
     22560
     22567
     22572
     22577
     22582
     22587
     22590
     22594
     22598
     22601
     22605
     22609
     22613
     22617
     22621
     22625
     22629
     22633
     22637
     22641
     22645
     22649
     22653
     22657
     22661
     22664
     22667
     22670
     22673
     22676
     22679
     22682
     22685
     22688
     22691
     22694
     22697
     22700
     22703
     22706
     22709
     22712
     22715
     22718
     22721
     22724
     22727
     22730
     22733
     22736
     22739
     22742
     22745
     22748
     22751
     22754
     22757
     22760
     22763
     22766
     22769
     22772
     22775
     22778
     22781
     22784
     22787
     22790
     22793
     22796
     22799
     22802
     22805
     22808
     22812
     22816
     22820
     22824
     22828
     22831
     22834
     22837
     22840
     22843
     22846
     22849
     22852
     22855
     22858
     22861
     22864
     22867
     22870
     22873
     22876
     22879
     22882
     22885
     22888
     22891
     22894
     22897
     22901
     22904
     22907
     22910
     22913
     22916
     22919
     22922
     22925
     22928
     22931
     22934
     22937
     22940
     22943
     22946
     22949
     22952
     22955
     22958
     22961
     22964
     22967
     22970
     22973
     22976
     22979
     22982
     22985
     22988
     22991
